prediction/untitled folder/solar_ghi_19900101_21UT.txt
NCOLS 839
NROWS 679
XLLCORNER 112.025005
YLLCORNER -43.9750009
CELLSIZE 0.0499954
NODATA_VALUE -999
[rows 172 to 214 of 679, columns 672 to 767 of 839]
422 421 424 424 422 425 426 427 427 422 427 429 429 430 430 430 430 430 430 430 430 430 430 430 426 426 426 426 426 426 426 426 426 426 -999 -999 -999 -999 -999 -999 -999 -999 -999 -999 -999 -999 -999 -999 -999 -999 -999 -999 -999 -999 -999 -999 -999 -999 -999 -999 -999 -999 -999 -999 -999 -999 -999 -999 -999 -999 -999 -999 -999 -999 -999 -999 -999 -999 -999 -999 -999 -999 -999 -999 -999 -999 -999 -999 -999 -999 -999 -999 -999 -999 -999 -999
421 422 423 424 425 425 427 427 428 422 422 429 430 430 430 430 430 430 430 430 430 430 430 426 426 426 426 426 426 426 426 426 426 426 -999 -999 -999 -999 -999 -999 -999 -999 -999 -999 -999 -999 -999 -999 -999 -999 -999 -999 -999 -999 -999 -999 -999 -999 -999 -999 -999 -999 -999 -999 -999 -999 -999 -999 -999 -999 -999 -999 -999 -999 -999 -999 -999 -999 -999 -999 -999 -999 -999 -999 -999 -999 -999 -999 -999 -999 -999 -999 -999 -999 -999 -999
410 422 423 423 425 425 426 427 429 429 429 429 430 430 430 430 430 430 430 430 430 430 426 426 426 426 426 426 426 426 426 426 426 426 -999 -999 -999 -999 -999 -999 -999 -999 -999 -999 -999 -999 -999 -999 -999 -999 -999 -999 -999 -999 -999 -999 -999 -999 -999 -999 -999 -999 -999 -999 -999 -999 -999 -999 -999 -999 -999 -999 -999 -999 -999 -999 -999 -999 -999 -999 -999 -999 -999 -999 -999 -999 -999 -999 -999 -999 -999 -999 -999 -999 -999 -999
416 417 418 424 424 426 426 427 428 429 429 430 429 429 429 429 429 430 434 434 435 426 426 426 426 426 426 426 426 426 426 426 433 433 433 433 433 433 -999 -999 -999 -999 -999 -999 -999 -999 -999 -999 -999 -999 -999 -999 -999 -999 -999 -999 -999 -999 -999 -999 -999 -999 -999 -999 -999 -999 -999 -999 -999 -999 -999 -999 -999 -999 -999 -999 -999 -999 -999 -999 -999 -999 -999 -999 -999 -999 -999 -999 -999 -999 -999 -999 -999 -999 -999 -999
423 411 412 425 425 426 427 427 428 430 430 430 429 429 429 433 433 434 434 435 435 426 426 426 426 426 426 426 426 426 426 433 433 433 433 433 433 433 447 -999 -999 -999 -999 -999 -999 -999 -999 -999 -999 -999 -999 -999 -999 -999 -999 -999 -999 -999 -999 -999 -999 -999 -999 -999 -999 -999 -999 -999 -999 -999 -999 -999 -999 -999 -999 -999 -999 -999 -999 -999 -999 -999 -999 -999 -999 -999 -999 -999 -999 -999 -999 -999 -999 -999 -999 -999
415 414 420 425 425 426 427 427 429 429 430 431 431 431 433 433 434 434 435 435 424 426 426 426 426 426 426 426 426 426 433 433 433 433 433 433 433 447 447 -999 -999 -999 -999 -999 -999 -999 -999 -999 -999 -999 -999 -999 -999 -999 -999 -999 -999 -999 -999 -999 -999 -999 -999 -999 -999 -999 -999 -999 -999 -999 -999 -999 -999 -999 -999 -999 -999 -999 -999 -999 -999 -999 -999 -999 -999 -999 -999 -999 -999 -999 -999 -999 -999 -999 -999 -999
424 425 425 426 426 426 427 427 429 429 430 431 432 433 433 434 434 435 435 424 424 426 426 426 426 426 426 426 426 426 433 433 433 433 433 444 441 441 441 441 441 441 441 441 441 441 441 -999 -999 -999 -999 -999 -999 -999 -999 -999 -999 -999 -999 -999 -999 -999 -999 -999 -999 -999 -999 -999 -999 -999 -999 -999 -999 -999 -999 -999 -999 -999 -999 -999 -999 -999 -999 -999 -999 -999 -999 -999 -999 -999 -999 -999 -999 -999 -999 -999
424 425 426 425 426 428 428 429 430 429 429 431 432 433 434 434 435 435 424 424 440 426 426 426 426 426 426 426 426 433 433 433 433 433 442 444 441 441 441 441 441 441 441 441 441 441 441 -999 -999 -999 -999 -999 -999 -999 -999 -999 -999 -999 -999 -999 -999 -999 -999 -999 -999 -999 -999 -999 -999 -999 -999 -999 -999 -999 -999 -999 -999 -999 -999 -999 -999 -999 -999 -999 -999 -999 -999 -999 -999 -999 -999 -999 -999 -999 -999 -999
414 420 426 427 427 428 428 422 430 431 431 432 431 433 431 435 435 424 424 437 440 426 426 426 426 426 426 426 433 433 433 433 433 433 442 444 441 441 441 441 441 441 441 441 441 441 441 455 -999 -999 -999 -999 -999 -999 -999 -999 -999 -999 -999 -999 -999 -999 -999 -999 -999 -999 -999 -999 -999 -999 -999 -999 -999 -999 -999 -999 -999 -999 -999 -999 -999 -999 -999 -999 -999 -999 -999 -999 -999 -999 -999 -999 -999 -999 -999 -999
418 420 427 422 428 416 423 424 430 431 431 432 433 433 434 435 424 424 437 440 440 426 426 426 426 426 426 433 433 433 433 433 433 453 442 444 441 441 441 441 441 441 441 441 441 441 441 455 457 -999 -999 -999 -999 -999 -999 -999 -999 -999 -999 -999 -999 -999 -999 -999 -999 -999 -999 -999 -999 -999 -999 -999 -999 -999 -999 -999 -999 -999 -999 -999 -999 -999 -999 -999 -999 -999 -999 -999 -999 -999 -999 -999 -999 -999 -999 -999
421 424 421 416 416 423 424 425 431 431 432 432 432 433 435 430 436 437 437 440 440 426 426 426 426 426 426 433 433 433 433 433 447 453 442 444 441 441 441 441 441 441 441 441 441 441 441 457 457 -999 -999 -999 -999 -999 -999 -999 -999 -999 -999 -999 -999 -999 -999 -999 -999 -999 -999 -999 -999 -999 -999 -999 -999 -999 -999 -999 -999 -999 -999 -999 -999 -999 -999 -999 -999 -999 -999 -999 -999 -999 -999 -999 -999 -999 -999 -999
422 420 422 424 419 424 428 425 431 432 430 433 427 433 435 436 437 438 434 440 440 441 442 426 426 426 433 433 433 433 433 447 447 453 442 444 441 441 441 441 441 441 441 441 441 441 441 457 457 -999 -999 -999 -999 -999 -999 -999 -999 -999 -999 -999 -999 -999 -999 -999 -999 -999 -999 -999 -999 -999 -999 -999 -999 -999 -999 -999 -999 -999 -999 -999 -999 -999 -999 -999 -999 -999 -999 -999 -999 -999 -999 -999 -999 -999 -999 -999
422 427 422 423 421 424 425 431 432 433 433 431 429 435 436 437 433 438 433 439 440 441 442 442 443 445 433 433 433 433 447 447 448 453 442 444 441 441 441 441 441 441 441 441 441 441 449 449 449 449 449 449 449 449 -999 -999 -999 -999 -999 -999 -999 -999 -999 -999 -999 -999 -999 -999 -999 -999 -999 -999 -999 -999 -999 -999 -999 -999 -999 -999 -999 -999 -999 -999 -999 -999 -999 -999 -999 -999 -999 -999 -999 -999 -999 -999
421 428 423 417 417 420 427 426 432 433 428 430 429 432 436 437 426 438 439 434 441 442 442 443 443 445 433 433 433 447 447 446 448 453 442 444 441 441 441 441 441 441 441 441 457 457 449 449 449 449 449 449 449 449 -999 -999 -999 -999 -999 -999 -999 -999 -999 -999 -999 -999 -999 -999 -999 -999 -999 -999 -999 -999 -999 -999 -999 -999 -999 -999 -999 -999 -999 -999 -999 -999 -999 -999 -999 -999 -999 -999 -999 -999 -999 -999
426 428 427 430 430 427 432 431 427 427 428 435 435 430 432 437 438 438 440 439 436 442 443 443 438 445 441 442 447 447 447 446 448 453 442 444 441 441 441 441 441 441 441 457 457 449 449 449 449 449 449 449 449 449 -999 -999 -999 -999 -999 -999 -999 -999 -999 -999 -999 -999 -999 -999 -999 -999 -999 -999 -999 -999 -999 -999 -999 -999 -999 -999 -999 -999 -999 -999 -999 -999 -999 -999 -999 -999 -999 -999 -999 -999 -999 -999
426 427 429 430 429 431 427 421 427 428 428 435 436 428 430 430 438 439 440 435 442 443 443 436 438 446 446 447 442 442 445 446 448 453 442 444 441 441 441 441 441 455 457 457 449 449 449 449 449 449 449 449 449 449 458 -999 -999 -999 -999 -999 -999 -999 -999 -999 -999 -999 -999 -999 -999 -999 -999 -999 -999 -999 -999 -999 -999 -999 -999 -999 -999 -999 -999 -999 -999 -999 -999 -999 -999 -999 -999 -999 -999 -999 -999 -999
424 429 429 430 425 420 426 420 428 428 428 430 430 431 431 433 437 435 440 442 440 444 444 438 438 446 447 443 444 449 445 446 448 453 442 444 441 441 441 455 455 457 457 457 449 449 449 449 449 449 449 449 468 468 468 468 468 468 468 468 -999 -999 -999 -999 -999 -999 -999 -999 -999 -999 -999 -999 -999 -999 -999 -999 -999 -999 -999 -999 -999 -999 -999 -999 -999 -999 -999 -999 -999 -999 -999 -999 -999 -999 -999 -999
422 424 429 430 431 421 425 427 431 428 433 424 431 437 438 433 435 429 436 442 438 444 445 445 446 447 447 444 438 439 444 447 453 453 454 454 443 443 455 455 457 457 457 449 449 449 449 449 449 449 449 468 468 468 462 462 462 462 462 462 462 462 462 -999 -999 -999 -999 -999 -999 -999 -999 -999 -999 -999 -999 -999 -999 -999 -999 -999 -999 -999 -999 -999 -999 -999 -999 -999 -999 -999 -999 -999 -999 -999 -999 -999
423 423 428 424 425 420 433 434 427 430 430 425 425 437 438 433 434 433 435 433 443 444 445 446 446 442 448 449 433 446 445 452 453 454 454 455 455 455 455 457 457 457 457 449 449 449 449 449 449 449 449 468 468 468 462 462 462 462 462 462 462 462 462 -999 -999 -999 -999 -999 -999 -999 -999 -999 -999 -999 -999 -999 -999 -999 -999 -999 -999 -999 -999 -999 -999 -999 -999 -999 -999 -999 -999 -999 -999 -999 -999 -999
423 429 428 431 432 428 433 434 435 430 431 431 438 437 439 439 434 435 435 436 431 438 445 446 447 443 444 449 433 451 452 453 453 454 455 444 449 454 457 457 457 457 449 449 449 449 449 449 449 449 468 468 468 468 462 462 462 462 462 446 446 446 446 446 446 446 446 -999 -999 -999 -999 -999 -999 -999 -999 -999 -999 -999 -999 -999 -999 -999 -999 -999 -999 -999 -999 -999 -999 -999 -999 -999 -999 -999 -999 -999
423 424 425 426 432 433 434 426 429 431 431 426 438 433 433 434 435 435 436 439 444 445 446 446 442 448 449 444 447 447 452 452 449 454 455 456 450 444 437 437 437 449 449 449 449 449 449 449 449 468 468 468 468 462 462 462 462 462 462 446 446 446 479 479 479 479 479 479 479 479 479 479 479 479 479 479 -999 -999 -999 -999 -999 -999 -999 -999 -999 -999 -999 -999 -999 -999 -999 -999 -999 -999 -999 -999
410 424 419 420 426 428 429 434 434 436 432 426 432 433 434 432 440 436 442 444 445 446 446 444 441 446 443 445 452 452 452 452 448 449 455 457 453 452 445 445 445 449 449 449 449 449 449 449 463 468 468 468 468 462 462 462 462 462 446 446 446 446 479 479 479 479 479 479 479 479 479 479 479 479 479 479 -999 -999 -999 -999 -999 -999 -999 -999 -999 -999 -999 -999 -999 -999 -999 -999 -999 -999 -999 -999
403 419 430 432 432 433 429 435 436 431 438 434 433 432 427 441 442 430 441 442 445 446 440 441 436 439 436 451 447 446 448 453 449 447 454 457 458 459 459 459 460 449 449 449 449 449 449 449 463 468 468 468 468 462 462 462 462 462 446 446 446 331 479 479 479 479 479 479 479 479 479 479 479 479 479 479 -999 -999 -999 -999 -999 -999 -999 -999 -999 -999 -999 -999 -999 -999 -999 -999 -999 -999 -999 -999
400 426 431 432 433 433 429 429 425 429 429 435 435 436 436 442 443 437 436 438 445 440 446 447 442 446 442 445 452 450 451 446 449 456 456 453 455 459 459 460 460 461 455 455 455 455 458 434 463 468 468 468 462 462 462 462 462 446 446 446 446 331 479 479 479 479 479 479 479 479 479 479 479 479 479 479 481 481 -999 -999 -999 -999 -999 -999 -999 -999 -999 -999 -999 -999 -999 -999 -999 -999 -999 -999
420 421 432 421 421 428 434 417 431 413 439 439 440 441 441 442 436 431 444 440 439 440 447 447 449 449 449 449 448 454 454 455 450 449 457 458 453 459 460 460 461 461 462 463 463 458 454 434 463 468 468 468 462 462 462 462 462 446 446 446 331 331 479 479 479 479 479 479 479 479 479 479 479 479 479 479 481 481 -999 -999 -999 -999 -999 -999 -999 -999 -999 -999 -999 -999 -999 -999 -999 -999 -999 -999
430 426 428 421 421 413 426 411 430 427 428 440 429 441 436 436 443 431 443 440 433 440 441 448 449 450 451 452 447 454 454 455 453 457 457 458 459 460 460 461 462 462 463 463 458 458 454 434 463 468 468 466 462 462 462 462 446 446 446 446 331 331 479 479 479 479 479 479 479 479 479 479 479 479 479 479 481 481 -999 -999 -999 -999 -999 -999 -999 -999 -999 -999 -999 -999 -999 -999 -999 -999 -999 -999
430 426 433 426 428 426 423 424 427 439 430 436 430 441 442 436 437 443 439 446 441 444 448 445 450 450 448 451 445 454 455 456 456 457 458 452 460 457 460 459 462 457 462 457 464 466 454 434 463 468 468 466 462 462 462 462 446 446 446 331 331 331 479 479 479 479 479 479 479 479 479 479 479 479 479 481 481 481 -999 -999 -999 -999 -999 -999 -999 -999 -999 -999 -999 -999 -999 -999 -999 -999 -999 -999
427 426 427 423 431 431 434 431 433 428 440 441 436 438 438 443 431 426 433 437 435 447 448 445 450 444 445 452 441 449 452 450 450 441 453 453 454 461 459 458 456 463 464 465 465 464 462 468 460 462 468 466 462 462 462 446 446 446 446 331 331 331 479 479 479 479 479 479 479 479 479 479 479 481 481 481 481 481 -999 -999 -999 -999 -999 -999 -999 -999 -999 -999 -999 -999 -999 -999 -999 -999 -999 -999
420 426 421 422 431 430 425 425 438 432 434 441 437 442 431 443 431 432 426 434 440 435 442 443 447 450 445 446 451 455 450 450 450 449 458 456 455 461 462 462 462 463 464 465 466 466 467 463 468 457 454 468 464 464 464 446 446 446 331 331 331 331 479 479 479 479 479 479 479 479 479 479 481 481 481 481 481 481 -999 -999 -999 -999 -999 -999 -999 -999 -999 -999 -999 -999 -999 -999 -999 -999 -999 -999
417 426 427 433 435 431 424 431 438 435 439 436 441 442 438 443 438 436 440 441 442 448 442 443 437 444 442 443 445 449 455 438 442 455 447 458 458 460 460 460 463 463 464 464 465 455 463 453 440 463 469 470 465 465 470 446 446 446 331 331 331 331 479 479 479 479 479 479 479 479 481 481 481 481 481 481 481 481 -999 -999 -999 -999 -999 -999 -999 -999 -999 -999 -999 -999 -999 -999 -999 -999 -999 -999
423 426 421 433 434 429 430 437 435 432 436 434 439 441 442 442 444 444 445 441 448 437 436 436 443 444 439 445 453 454 446 451 448 438 445 452 459 447 442 454 462 463 464 458 459 461 462 449 449 467 463 457 466 470 470 446 446 390 331 331 331 382 382 479 479 479 479 479 479 481 481 481 481 481 481 481 481 481 -999 -999 -999 -999 -999 -999 -999 -999 -999 -999 -999 -999 -999 -999 -999 -999 -999 -999
420 427 421 421 428 423 424 434 431 432 439 440 440 441 441 437 443 438 439 437 442 430 430 424 438 444 449 446 447 452 450 437 442 448 445 446 453 453 448 442 456 463 464 465 462 466 461 452 468 462 430 451 471 471 473 473 473 442 357 357 382 382 382 479 479 479 479 481 481 481 481 481 481 481 481 481 481 481 -999 -999 -999 -999 -999 -999 -999 -999 -999 -999 -999 -999 -999 -999 -999 -999 -999 -999
427 432 428 427 428 423 424 434 437 424 432 439 440 440 441 437 432 433 432 427 438 443 443 431 445 451 449 446 446 447 450 450 435 448 447 452 446 447 453 462 451 456 463 464 465 465 466 455 464 440 375 443 470 471 473 473 474 468 338 288 382 382 382 382 479 479 481 481 481 481 481 481 481 481 481 481 481 481 -999 -999 -999 -999 -999 -999 -999 -999 -999 -999 -999 -999 -999 -999 -999 -999 -999 -999
424 430 427 434 432 430 436 431 425 425 427 428 427 427 434 442 433 433 429 436 441 446 444 449 445 443 439 446 446 441 449 456 457 457 450 452 454 454 455 456 449 463 456 458 465 465 466 458 468 469 450 470 471 460 472 467 474 468 456 428 443 422 382 382 478 481 481 481 481 481 481 481 481 481 481 481 481 481 -999 -999 -999 -999 -999 -999 -999 -999 -999 -999 -999 -999 -999 -999 -999 -999 -999 -999
431 421 430 433 434 435 435 424 419 426 432 429 434 438 430 431 439 440 439 438 447 447 442 429 445 442 439 446 447 444 450 450 457 458 452 453 460 458 461 462 444 452 457 464 465 466 466 467 463 468 463 470 468 471 472 473 474 475 475 476 464 406 337 478 478 478 481 481 481 481 481 481 481 481 481 481 481 481 -999 -999 -999 -999 -999 -999 -999 -999 -999 -999 -999 -999 -999 -999 -999 -999 -999 -999
426 418 420 431 429 429 434 424 425 433 424 427 434 432 437 439 434 438 432 433 434 441 442 418 421 427 446 444 434 449 454 450 456 451 458 459 460 460 461 457 457 453 459 464 465 458 453 467 463 468 469 444 449 471 466 473 472 475 475 476 463 436 477 478 478 478 481 481 481 481 481 481 481 481 481 481 481 481 -999 -999 -999 -999 -999 -999 -999 -999 -999 -999 -999 -999 -999 -999 -999 -999 -999 -999
431 427 431 421 422 429 431 431 432 430 433 427 434 435 430 434 434 431 432 439 446 435 432 424 442 436 440 448 441 443 455 455 457 452 446 456 460 461 460 461 458 462 458 464 465 452 453 460 467 468 461 451 465 453 466 468 474 462 445 475 476 436 470 478 478 478 481 481 481 481 481 481 481 481 481 481 481 481 -999 -999 -999 -999 -999 -999 -999 -999 -999 -999 -999 -999 -999 -999 -999 -999 -999 -999
427 432 433 427 422 435 435 436 432 433 423 428 422 429 433 431 434 438 444 436 443 440 429 431 451 453 453 453 454 455 448 449 449 456 453 453 460 461 454 457 461 458 464 457 461 466 466 460 460 468 462 469 471 369 466 473 468 472 442 468 463 469 470 470 478 478 478 481 481 481 481 481 481 481 481 481 481 481 387 -999 -999 -999 -999 -999 -999 -999 -999 -999 -999 -999 -999 -999 -999 -999 -999 -999
426 432 420 433 428 429 434 436 432 422 428 418 419 433 429 432 437 434 437 436 435 441 438 450 451 452 452 453 454 454 448 444 455 457 458 459 458 453 455 452 457 451 464 454 462 464 464 468 461 461 469 470 470 444 460 473 473 449 469 462 464 469 469 470 470 478 478 481 481 481 481 481 481 481 481 481 481 481 471 471 471 -999 -999 -999 -999 -999 -999 -999 -999 -999 -999 -999 -999 -999 -999 -999
422 419 414 427 428 422 429 430 431 432 429 431 437 430 429 436 437 438 444 433 434 441 441 449 451 450 452 444 448 449 442 448 446 451 451 459 459 460 455 457 463 464 464 465 461 454 461 461 463 464 462 463 470 471 453 473 474 435 469 468 463 463 463 469 470 470 478 478 481 481 481 481 481 481 481 481 481 471 471 471 471 485 -999 -999 -999 -999 -999 -999 -999 -999 -999 -999 -999 -999 -999 -999
426 427 421 421 428 428 429 430 432 421 436 431 441 436 429 427 437 443 426 433 440 441 443 448 450 445 442 445 441 445 443 449 443 450 457 458 453 454 455 462 463 464 464 465 466 465 467 467 467 461 465 463 469 471 472 465 459 468 435 457 444 444 450 450 450 460 460 460 477 477 477 477 477 443 471 471 471 471 471 471 485 485 -999 -999 -999 -999 -999 -999 -999 -999 -999 -999 -999 -999 -999 -999
426 427 427 421 425 429 435 430 426 439 439 440 441 424 429 442 437 438 437 445 443 435 435 445 450 451 443 442 438 441 444 448 443 444 451 451 453 456 458 463 463 464 465 465 466 466 467 468 468 463 460 456 463 464 467 473 352 419 476 472 457 450 450 450 460 460 460 477 477 477 477 477 443 471 471 471 471 471 471 485 485 485 -999 -999 -999 -999 -999 -999 -999 -999 -999 -999 -999 -999 -999 -999
425 432 428 422 425 422 417 424 432 438 435 428 441 437 434 436 439 438 443 444 443 435 436 449 445 451 440 444 448 442 454 455 441 448 445 449 459 459 457 457 463 464 465 459 453 453 467 468 461 469 470 463 471 471 472 473 364 292 390 476 472 478 478 460 460 460 477 477 477 477 477 443 471 471 471 471 471 471 485 485 485 485 -999 -999 -999 -999 -999 -999 -999 -999 -999 -999 -999 -999 -999 -999
