prediction/untitled folder/solar_ghi_19900101_20UT.txt
NCOLS 839
NROWS 679
XLLCORNER 112.025005
YLLCORNER -43.9750009
CELLSIZE 0.0499954
NODATA_VALUE -999
[rows 212 to 264 of 679, columns 672 to 767 of 839]
182 182 182 186 183 184 185 186 188 189 191 189 193 192 191 191 193 193 194 195 196 197 199 201 201 202 201 201 203 204 204 205 205 210 210 211 212 210 212 215 215 212 217 217 217 219 219 220 219 221 220 223 224 224 225 162 179 219 227 224 226 226 226 226 226 229 229 229 219 219 219 219 219 230 228 228 228 228 228 228 210 210 -999 -999 -999 -999 -999 -999 -999 -999 -999 -999 -999 -999 -999 -999
182 185 183 183 187 188 185 186 188 190 191 192 190 192 195 192 193 194 196 197 197 200 198 200 201 202 202 202 203 207 205 205 206 206 210 211 212 213 211 215 215 216 217 217 218 219 220 220 221 222 222 223 224 225 225 223 135 189 228 229 227 226 226 226 229 229 229 219 219 219 219 219 230 228 228 228 228 228 228 210 210 210 -999 -999 -999 -999 -999 -999 -999 -999 -999 -999 -999 -999 -999 -999
182 184 184 184 184 185 185 186 191 190 192 192 193 195 193 192 194 197 196 197 197 197 199 200 198 202 200 203 201 205 205 206 207 208 211 211 212 213 211 213 215 216 217 216 218 219 220 221 221 222 223 223 224 225 225 196 177 210 228 229 222 228 228 229 229 229 219 219 219 219 219 230 228 228 228 228 228 228 210 210 210 210 -999 -999 -999 -999 -999 -999 -999 -999 -999 -999 -999 -999 -999 -999
185 186 184 186 188 188 186 184 188 191 192 192 194 195 193 189 194 198 196 197 197 198 200 201 202 204 203 204 206 207 208 207 208 208 208 212 208 213 214 213 214 216 217 218 219 219 219 221 221 222 223 224 221 222 188 120 109 176 228 229 205 216 230 229 229 229 219 219 219 219 230 230 228 228 228 228 228 210 210 210 210 210 242 -999 -999 -999 -999 -999 -999 -999 -999 -999 -999 -999 -999 -999
185 184 186 185 188 188 187 187 188 190 192 193 192 193 193 193 194 191 198 196 197 195 197 197 202 204 203 205 205 207 207 207 208 211 211 208 208 212 211 212 216 215 217 218 219 219 220 221 222 222 223 224 224 195 168 184 163 190 224 225 220 227 228 233 233 235 219 219 219 230 230 228 228 228 228 228 210 210 210 210 210 210 242 -999 -999 -999 -999 -999 -999 -999 -999 -999 -999 -999 -999 -999
185 184 187 187 188 188 187 187 189 192 193 193 193 195 192 197 197 198 195 196 197 198 197 203 202 204 204 204 203 202 206 207 210 211 210 210 213 213 213 214 213 214 218 218 219 220 220 220 222 222 220 224 225 225 218 212 193 183 221 225 226 223 232 233 231 235 219 219 230 230 201 228 228 228 228 210 210 210 210 210 210 210 242 -999 -999 -999 -999 -999 -999 -999 -999 -999 -999 -999 -999 -999
185 184 184 188 188 189 186 188 191 192 192 193 192 192 193 195 198 198 199 200 199 201 201 203 203 202 202 200 204 205 206 206 210 211 211 212 213 210 214 215 215 214 216 219 219 220 220 221 222 223 221 224 225 223 212 187 223 224 221 231 226 228 230 233 234 235 229 230 230 201 228 228 228 228 210 210 210 210 210 210 210 210 242 -999 -999 -999 -999 -999 -999 -999 -999 -999 -999 -999 -999 -999
186 184 187 187 188 185 185 187 191 192 193 194 192 190 194 197 195 198 197 197 197 201 202 203 204 203 202 206 204 205 206 209 210 208 209 212 213 211 211 212 216 213 217 218 219 220 221 221 222 223 223 224 225 219 199 215 223 228 230 230 231 224 222 234 234 233 234 231 201 201 228 228 228 210 210 210 210 210 210 210 210 210 242 -999 -999 -999 -999 -999 -999 -999 -999 -999 -999 -999 -999 -999
185 187 187 184 185 185 187 187 191 192 193 194 193 194 195 197 198 194 199 197 198 198 202 203 203 203 202 204 206 203 207 210 208 208 209 209 213 214 212 212 212 214 213 219 220 219 218 221 221 222 223 222 225 226 198 225 228 228 230 231 227 187 202 234 235 232 232 236 228 193 228 228 210 210 210 210 210 210 210 210 210 210 242 245 245 -999 -999 -999 -999 -999 -999 -999 -999 -999 -999 -999
182 183 187 188 185 186 187 189 192 193 194 194 192 194 197 197 198 194 198 197 198 200 203 204 204 201 203 202 208 207 207 210 210 211 209 213 213 211 212 213 213 214 216 219 220 221 218 219 218 224 223 225 225 226 224 225 224 228 229 230 229 163 194 234 234 234 237 238 238 227 208 210 210 210 210 210 210 210 210 210 242 242 242 245 245 246 -999 -999 -999 -999 -999 -999 -999 -999 -999 -999
182 183 187 188 187 187 187 190 192 193 194 194 192 194 195 195 195 194 199 196 198 200 203 204 205 206 204 207 208 208 209 210 207 211 212 213 210 211 215 216 214 216 217 219 220 221 220 222 222 223 225 224 223 224 227 223 228 228 229 226 227 204 189 230 235 236 237 237 238 240 236 210 210 210 210 210 242 242 242 242 242 242 242 245 246 246 -999 -999 -999 -999 -999 -999 -999 -999 -999 -999
184 184 187 185 187 188 189 190 192 194 194 193 192 194 195 196 195 197 195 196 198 201 203 204 205 206 206 207 208 208 210 207 208 208 209 211 211 212 212 216 216 218 217 219 220 221 222 222 222 223 225 224 225 224 227 227 220 229 226 231 226 229 233 230 209 236 237 223 235 240 240 240 240 242 242 242 242 242 242 242 242 242 242 246 246 246 -999 -999 -999 -999 -999 -999 -999 -999 -999 -999
178 185 185 182 186 188 191 191 193 194 194 190 194 193 195 196 197 195 195 197 198 201 202 203 205 205 203 204 205 209 208 208 204 209 209 210 211 212 214 215 217 217 219 218 220 220 222 223 222 223 225 224 226 226 227 225 222 229 231 227 232 228 229 220 225 229 234 153 227 224 237 237 242 242 242 242 242 242 242 242 242 242 246 246 246 246 -999 -999 -999 -999 -999 -999 -999 -999 -999 -999
152 173 186 186 187 188 191 192 192 194 195 193 191 193 196 196 198 197 194 198 200 202 202 199 204 204 205 204 205 206 210 209 208 209 210 207 213 213 215 217 216 218 218 219 219 221 222 220 223 223 224 225 226 228 227 222 226 229 230 232 232 221 221 231 181 226 237 207 222 206 227 240 242 242 242 242 242 242 242 242 245 246 246 246 246 246 -999 -999 -999 -999 -999 -999 -999 -999 -999 -999
155 134 188 189 188 191 192 192 191 194 193 193 194 195 196 197 197 200 195 196 201 203 202 203 205 204 205 207 205 206 203 206 209 210 211 212 214 213 215 216 217 217 219 219 220 221 219 220 224 224 222 226 227 227 228 222 223 229 226 229 228 233 225 232 236 237 238 238 236 240 240 158 206 206 206 206 206 206 245 245 246 246 246 246 246 246 -999 -999 -999 -999 -999 -999 -999 -999 -999 -999
179 133 189 189 190 191 191 189 190 193 191 193 196 197 196 197 199 197 201 200 201 203 202 201 204 205 205 206 209 210 207 207 207 211 213 214 214 214 215 216 217 217 217 218 220 222 219 220 221 223 224 225 227 227 227 225 221 226 228 227 228 233 234 235 236 237 238 239 239 240 241 226 183 183 183 183 245 245 245 246 246 246 246 246 246 246 162 -999 -999 -999 -999 -999 -999 -999 -999 -999
188 188 190 190 191 191 191 188 190 191 191 193 194 195 196 195 200 200 202 199 202 202 202 200 205 205 202 206 208 210 208 208 212 209 209 213 215 211 212 216 217 217 218 218 220 221 221 223 224 224 225 227 227 228 224 221 223 226 228 229 232 234 235 236 236 237 238 239 237 240 238 240 213 213 213 245 245 245 246 246 246 246 246 246 246 246 162 -999 -999 -999 -999 -999 -999 -999 -999 -999
188 190 191 190 191 191 187 188 189 191 192 194 194 197 196 199 199 201 201 202 199 202 198 200 204 206 204 205 206 208 210 208 209 213 210 210 214 216 217 216 217 219 219 216 221 221 223 224 224 225 225 227 228 228 224 226 231 231 228 228 229 231 226 232 237 237 238 239 240 240 241 231 213 213 245 245 245 246 246 246 246 246 246 246 246 246 162 -999 -999 -999 -999 -999 -999 -999 -999 -999
187 189 190 191 188 192 185 192 190 191 189 194 197 196 196 196 198 195 200 201 198 202 201 203 204 204 204 205 206 208 206 207 209 213 214 211 215 216 217 218 219 218 219 221 222 222 223 224 225 225 226 227 228 229 222 221 231 232 232 233 234 235 235 232 234 238 239 239 240 241 242 235 240 245 245 245 246 246 246 246 246 246 246 246 246 246 162 245 -999 -999 -999 -999 -999 -999 -999 -999
188 189 190 191 189 192 191 190 194 193 194 194 197 196 195 196 194 198 199 197 202 202 201 203 203 205 204 202 207 207 209 208 213 210 211 212 216 215 217 218 217 218 220 221 222 223 222 223 224 225 226 226 228 229 225 222 223 228 232 228 227 235 235 236 237 238 235 232 240 241 242 243 244 245 245 246 246 246 246 246 246 246 246 246 246 246 162 245 -999 -999 -999 -999 -999 -999 -999 -999
186 189 190 191 192 191 191 193 194 193 195 195 197 198 195 196 197 198 199 198 199 201 205 204 207 206 205 205 209 209 206 211 210 214 211 215 216 217 214 217 218 219 221 221 222 222 222 223 224 223 224 226 227 228 225 225 228 232 230 234 231 232 236 237 237 235 239 240 241 241 242 241 233 236 246 247 247 247 247 247 247 247 247 247 247 247 257 257 257 257 257 257 257 257 257 257
186 189 190 191 192 192 192 190 191 194 196 195 196 197 197 196 197 196 202 202 202 201 205 206 207 204 205 202 208 208 210 212 213 211 212 215 216 213 214 217 218 219 220 222 219 220 223 223 221 223 224 227 228 222 221 226 228 228 230 231 231 224 233 237 238 238 239 240 241 241 242 243 245 237 244 247 247 247 247 247 247 247 247 247 162 257 257 257 257 257 259 259 259 259 259 259
183 187 190 191 192 193 188 190 191 194 195 196 197 197 196 197 197 201 203 203 204 202 205 202 207 207 206 206 205 204 208 210 210 209 215 214 213 216 218 219 214 217 221 222 220 220 213 220 224 211 220 227 228 224 225 230 227 231 228 229 235 235 225 237 238 238 239 240 241 242 242 243 244 245 240 247 247 247 247 247 247 162 162 162 257 257 257 257 257 257 259 259 259 259 259 259
187 187 190 191 191 193 193 192 193 194 196 197 194 199 197 198 197 202 203 203 200 201 202 203 207 203 208 208 209 208 208 212 210 211 214 212 204 216 218 216 219 220 221 222 220 221 222 222 221 220 226 226 228 225 229 226 231 227 228 233 235 231 236 234 238 237 240 240 241 242 243 244 244 239 246 247 247 247 162 162 162 162 162 162 257 257 257 257 257 257 259 259 259 259 259 267
187 190 190 190 191 192 194 194 190 194 196 197 198 199 199 200 201 202 203 202 199 201 203 204 208 208 209 209 209 208 209 209 211 208 213 214 212 216 218 216 220 221 221 221 218 224 224 222 221 224 227 227 224 225 225 228 224 228 230 234 235 236 237 234 238 234 240 241 241 242 243 244 245 246 247 241 241 162 162 162 162 162 162 257 257 257 257 257 257 259 259 259 259 259 259 267
189 190 190 191 191 193 193 194 195 195 196 197 199 199 199 197 202 203 203 201 201 202 204 204 208 208 209 210 211 210 210 199 198 208 212 214 215 217 218 218 220 218 220 221 219 224 225 225 225 227 227 228 221 225 226 228 229 228 234 235 235 236 237 238 235 239 240 241 242 243 243 244 245 246 247 183 162 162 162 162 162 162 245 257 257 257 257 257 257 259 259 259 259 259 259 267
187 190 190 191 192 191 192 194 195 196 195 194 198 199 199 201 202 202 203 200 205 206 205 207 208 209 209 207 207 210 206 207 207 211 212 216 214 216 217 218 220 221 217 219 222 224 225 226 226 226 227 229 224 225 222 232 225 233 234 235 232 236 237 238 235 240 240 241 242 243 244 237 242 246 247 212 228 228 228 245 245 245 257 257 257 257 257 257 257 259 259 259 259 259 267 267
188 187 191 192 192 193 193 195 195 196 195 196 198 199 200 201 202 202 199 199 205 206 204 206 208 206 206 207 211 210 209 207 208 212 213 213 214 211 217 218 217 221 218 221 223 224 224 225 226 226 228 228 225 229 227 232 231 233 234 235 233 237 237 238 239 240 241 241 242 243 244 244 242 247 248 247 238 238 245 245 245 245 257 257 257 257 257 257 259 259 259 259 259 259 267 267
183 173 186 192 193 193 194 195 195 196 196 196 197 199 200 201 202 199 200 199 202 203 203 199 198 199 203 207 208 210 206 208 212 214 214 213 217 215 217 218 220 221 222 223 221 224 225 225 227 227 227 228 225 230 226 232 228 229 230 235 236 237 238 238 236 240 240 242 242 243 244 245 246 247 248 249 239 245 245 245 245 245 257 257 257 257 257 257 259 259 259 259 259 259 267 267
187 191 192 193 193 193 194 195 196 196 197 196 198 200 197 201 202 200 200 198 202 203 203 206 207 206 204 204 208 211 210 207 209 214 213 214 214 215 217 219 221 221 222 223 224 221 225 223 227 227 227 228 225 222 231 225 226 234 235 235 233 237 238 239 239 240 241 242 242 243 244 245 246 247 248 249 246 239 239 239 239 239 257 257 257 257 257 259 259 259 259 259 259 259 267 267
191 192 192 191 193 194 195 196 197 197 197 197 199 197 201 200 201 203 201 205 206 204 207 205 206 206 207 208 208 208 212 209 213 215 213 214 214 218 218 219 220 221 222 222 224 224 225 226 225 227 228 222 227 226 223 227 225 234 235 230 236 237 238 237 240 240 241 242 243 244 244 245 246 247 245 247 250 249 249 249 252 252 257 257 257 257 257 259 259 259 259 259 259 260 267 267
191 192 193 193 193 195 192 196 197 197 198 197 200 198 198 200 198 200 201 205 206 207 205 204 207 206 208 211 209 213 210 213 214 214 213 214 212 216 218 217 221 222 221 222 221 222 223 226 227 227 228 223 229 226 227 228 229 234 232 229 231 234 235 239 239 241 241 239 243 244 245 245 246 248 248 249 250 251 251 252 252 252 257 257 257 257 257 259 259 259 259 260 260 262 267 267
189 192 193 193 194 195 195 196 196 197 195 199 200 198 199 202 199 200 201 205 206 203 204 208 202 200 204 208 209 213 213 213 214 214 211 215 217 212 216 220 218 219 221 223 222 222 222 224 227 227 229 225 226 227 232 228 234 234 232 230 236 238 239 239 237 241 242 243 240 244 245 246 247 247 249 249 250 251 252 252 252 252 257 257 257 257 258 258 259 259 260 260 262 262 267 267
189 189 193 193 194 195 195 193 193 198 198 198 200 199 200 200 200 201 203 202 203 202 208 205 203 207 205 212 212 213 214 214 212 211 214 217 218 216 217 217 215 219 223 223 223 224 223 226 227 228 229 225 228 231 228 228 232 235 233 235 237 235 235 240 240 241 239 239 240 244 245 246 247 248 248 249 251 251 252 252 252 255 255 257 258 258 258 259 260 260 260 262 262 264 267 267
191 192 193 194 194 192 195 194 192 197 199 193 200 199 202 201 203 203 203 206 206 194 204 209 209 208 211 212 212 213 214 211 212 213 210 214 215 213 217 220 220 220 220 221 224 226 225 224 225 228 229 225 226 232 228 229 231 232 233 233 237 238 236 236 237 241 242 243 242 242 245 246 247 248 246 249 250 252 252 252 252 255 255 257 258 258 258 259 260 261 262 262 262 264 264 267
190 192 190 194 192 195 193 192 196 197 197 198 200 201 201 203 202 205 205 206 207 207 208 205 206 211 211 212 212 213 214 211 212 216 214 216 215 216 217 218 219 221 223 221 224 226 226 227 225 228 228 222 231 225 230 234 234 224 233 234 238 238 239 240 241 241 242 244 244 245 246 246 247 248 246 250 251 251 252 253 254 255 255 257 257 258 258 259 260 261 262 262 264 264 264 264
191 190 193 191 195 196 193 197 197 198 197 198 197 201 200 202 202 205 205 206 207 207 208 204 206 211 208 209 209 213 211 214 212 213 214 215 212 216 217 220 219 222 223 223 224 223 227 227 227 228 229 226 223 232 233 231 231 235 225 237 238 235 236 240 241 242 241 243 242 245 246 247 247 248 249 250 248 251 249 253 254 255 257 257 257 258 260 260 260 258 262 263 264 264 264 265
187 190 192 194 195 196 196 197 198 199 199 195 201 201 202 203 202 203 205 206 207 207 207 204 205 211 211 209 213 212 212 212 209 213 217 218 213 218 219 216 217 218 223 223 224 226 227 227 229 229 225 229 227 232 232 227 232 232 236 234 238 239 240 240 234 242 243 244 245 246 247 247 248 246 250 251 251 252 253 253 254 254 256 257 258 258 260 260 261 261 262 263 264 265 265 265
190 191 189 195 195 196 197 198 198 198 198 199 201 200 203 201 203 205 206 205 206 205 203 203 205 211 212 212 213 214 214 212 213 214 215 215 214 219 220 220 221 222 223 225 223 226 224 228 228 229 225 226 223 228 228 231 232 233 237 234 238 239 240 241 242 242 243 244 245 246 247 247 248 249 250 251 249 253 253 254 254 251 256 257 258 259 259 261 261 258 263 263 264 265 266 267
191 191 194 195 195 196 197 198 198 199 198 199 200 201 202 204 205 205 203 206 206 206 206 203 207 211 209 213 214 214 212 213 213 211 215 216 217 219 220 221 223 223 223 222 223 227 227 228 228 225 222 227 231 230 231 230 232 236 237 238 235 239 240 240 241 242 243 244 245 246 247 244 248 249 247 251 252 252 253 254 255 256 256 258 258 259 260 260 261 259 263 264 265 265 266 267
192 193 191 195 196 197 197 197 199 199 200 198 202 202 203 203 205 206 206 204 204 207 207 209 211 212 212 213 214 215 214 213 214 211 213 214 218 220 217 220 222 219 225 222 226 224 228 226 225 225 230 226 228 228 230 231 235 237 237 235 236 240 241 241 241 242 243 245 245 246 247 248 249 249 250 251 252 253 253 254 255 256 257 258 259 259 260 261 253 250 263 264 265 266 267 267
193 191 194 195 196 197 197 198 199 198 197 196 201 199 203 204 202 206 207 207 207 208 208 209 211 209 209 212 214 213 213 213 214 213 213 218 220 220 219 221 223 223 224 225 226 227 227 226 230 226 230 227 231 228 227 235 236 235 238 235 236 236 241 237 238 240 239 241 245 246 247 248 245 250 250 251 248 249 254 254 255 256 257 258 259 259 260 258 235 246 264 264 265 266 267 268
193 190 194 195 196 197 197 198 199 197 200 201 200 202 204 203 204 206 207 208 207 209 208 207 209 211 213 212 213 214 213 216 214 217 214 220 219 220 218 218 222 223 222 225 227 225 228 229 230 231 226 227 228 229 226 235 236 237 235 236 236 237 234 235 239 240 244 242 242 243 248 249 250 250 251 252 249 253 254 255 255 256 257 258 259 260 260 252 247 261 264 265 265 263 263 268
193 194 192 195 196 196 198 199 200 197 196 198 200 202 204 203 204 205 202 203 204 204 205 208 208 211 213 214 213 214 213 214 215 217 216 220 221 220 218 219 223 224 221 225 226 227 226 227 230 227 227 228 228 229 232 236 237 233 238 236 237 239 242 243 240 244 244 245 246 247 248 249 250 250 249 252 253 253 250 251 252 253 257 258 259 260 257 255 263 263 264 265 264 267 268 269
193 194 192 196 196 197 198 199 200 197 196 199 200 202 203 203 204 205 206 206 204 203 204 208 210 211 213 214 211 214 213 214 215 216 220 220 221 215 211 215 220 223 221 222 227 227 226 230 227 226 227 228 229 230 235 236 237 238 238 234 234 240 239 243 244 242 239 243 244 247 248 249 250 251 249 252 253 254 243 255 256 254 250 255 259 260 257 258 260 260 264 265 262 260 260 269
194 191 195 197 197 197 199 199 200 197 198 199 200 204 203 203 204 205 206 207 206 205 206 207 211 212 214 212 215 214 214 214 215 218 215 217 215 219 220 216 218 221 220 225 227 228 229 228 226 227 224 225 225 234 232 236 237 238 236 239 241 242 243 243 244 245 246 243 247 248 248 249 250 251 252 249 253 254 255 256 256 258 254 254 257 261 261 254 260 260 261 262 264 264 260 269
193 195 196 197 194 198 199 196 200 198 198 200 202 204 203 203 205 206 206 204 203 204 208 210 212 209 214 215 216 213 215 215 217 219 219 218 219 220 217 221 224 223 225 226 228 228 229 230 226 227 228 230 229 235 232 236 235 231 239 240 241 240 243 241 244 245 246 247 248 248 249 249 250 245 249 253 254 254 255 256 257 258 256 260 260 261 258 260 264 264 264 263 267 268 269 270
190 195 196 197 198 199 197 199 200 200 202 201 200 205 205 206 206 206 207 204 205 208 211 212 211 207 213 210 213 217 215 217 219 215 219 218 219 220 221 224 225 226 227 227 228 224 230 231 231 224 233 231 234 233 233 237 238 236 240 240 241 240 243 241 244 245 246 247 247 245 249 250 251 252 249 249 254 255 255 256 250 258 252 260 261 261 262 263 264 265 264 267 267 268 269 270
195 195 192 195 196 199 194 197 196 197 199 202 201 205 205 203 205 203 203 203 209 209 210 211 213 211 212 214 216 217 217 217 216 219 217 218 219 223 224 225 224 222 227 228 226 229 225 228 223 227 230 234 235 236 236 234 238 232 240 240 242 242 243 242 244 243 243 247 245 245 246 250 251 247 253 254 254 255 256 256 254 259 259 260 261 262 261 264 264 265 266 267 268 268 269 270
195 192 191 198 196 199 199 197 197 201 199 198 201 205 202 201 199 206 204 203 207 211 210 211 213 214 215 216 216 217 218 217 215 217 221 219 220 223 224 225 226 225 227 227 224 225 230 223 223 228 233 231 232 236 237 233 238 232 240 241 242 242 241 241 238 239 244 248 241 249 246 243 248 244 250 254 253 252 256 257 258 259 260 260 261 258 262 260 264 258 258 267 268 266 267 267
196 196 195 198 199 199 200 199 198 198 200 202 201 204 203 194 194 203 205 205 206 209 209 208 214 215 215 216 215 218 218 218 218 220 218 219 220 221 224 224 221 225 226 225 225 225 224 223 229 224 234 230 232 232 236 234 235 219 224 230 231 233 213 223 238 239 244 248 246 249 250 248 248 252 253 254 255 252 256 257 258 259 258 261 261 261 259 264 264 262 259 267 268 266 266 265
194 196 195 195 199 200 200 201 201 199 200 202 205 206 203 201 203 204 205 205 205 209 212 209 213 213 215 216 216 217 218 216 219 221 221 219 220 224 220 222 224 222 225 222 223 229 224 228 220 229 231 232 235 228 232 234 238 230 217 230 219 206 206 217 230 247 247 248 249 250 251 251 249 251 254 255 256 253 253 257 258 256 260 261 262 263 260 264 265 266 267 268 266 262 267 271
191 192 196 198 199 200 198 201 201 201 197 203 205 204 207 204 205 206 210 209 206 209 212 210 213 213 213 213 216 218 216 218 217 220 219 220 223 224 225 224 224 221 223 226 227 229 225 228 225 231 231 232 226 228 233 235 239 240 230 231 206 185 223 242 239 247 247 249 249 250 251 252 253 250 251 255 256 253 253 258 258 256 257 261 262 263 263 264 261 263 267 268 269 267 267 271
