prediction/untitled folder/solar_ghi_19900101_00UT.txt
NCOLS 839
NROWS 679
XLLCORNER 112.025005
YLLCORNER -43.9750009
CELLSIZE 0.0499954
NODATA_VALUE -999
[rows 41 to 81 of 679, columns 368 to 459 of 839]
469 505 519 486 486 447 746 746 746 768 768 768 768 791 776 792 792 792 792 792 792 792 690 792 792 792 792 785 762 751 747 747 796 804 804 804 775 817 769 770 770 770 703 666 550 518 521 508 456 551 603 594 628 617 570 573 552 524 633 637 564 611 737 727 654 653 654 639 640 642 697 694 557 622 662 673 736 673 628 448 398 437 534 590 712 621 813 726 726 803 803 803
469 691 691 691 691 733 647 768 768 768 768 768 768 791 776 776 792 792 792 792 792 690 791 804 792 792 792 785 762 751 747 747 796 804 804 804 775 817 811 769 770 770 703 666 636 518 540 556 542 539 561 550 591 589 547 552 551 559 626 642 565 568 665 672 653 720 667 664 666 642 671 585 460 548 681 655 694 558 702 588 605 540 550 631 731 718 691 750 750 803 750 750
691 691 691 691 691 733 647 647 768 768 768 768 768 791 776 776 684 684 684 684 690 690 791 804 792 792 792 785 762 751 747 747 796 796 804 804 775 817 811 769 769 743 681 663 647 549 564 581 578 566 558 573 616 580 524 504 525 554 634 607 555 629 647 675 668 728 713 656 603 613 667 598 622 602 778 629 578 547 631 702 784 622 606 741 785 789 768 669 670 804 750 750
691 691 691 691 691 733 656 647 647 791 791 791 791 797 784 792 792 786 786 690 690 723 791 804 760 792 792 785 762 751 747 747 796 796 804 804 775 817 811 811 760 770 708 664 674 537 580 583 551 526 551 616 704 786 778 781 738 682 519 753 810 663 668 702 701 703 739 732 658 677 760 774 744 779 810 719 602 564 612 634 670 678 548 634 741 824 811 773 716 826 774 560
691 691 691 691 691 733 656 647 647 647 814 814 814 784 792 793 806 769 696 690 690 723 791 804 760 792 792 785 762 751 747 747 796 796 797 798 797 791 751 751 760 771 710 692 703 544 525 561 508 529 676 686 762 828 736 675 729 694 717 783 692 642 745 808 783 795 816 777 732 733 779 826 811 837 808 763 720 691 581 596 530 592 533 577 713 752 832 787 761 718 528 546
691 691 691 691 691 733 656 647 647 647 681 716 814 798 729 793 800 748 812 802 741 723 791 804 760 777 800 717 719 801 788 796 730 722 779 810 811 770 715 715 686 710 692 702 732 666 611 744 752 734 732 742 713 640 663 738 755 780 826 763 747 562 713 713 704 740 792 798 810 778 798 832 844 844 746 763 772 684 639 705 662 696 697 733 818 834 835 788 718 667 712 583
691 691 691 691 691 733 656 656 647 647 681 716 763 706 666 693 756 773 767 705 706 775 803 771 719 778 793 746 755 795 788 773 713 705 759 798 806 792 769 745 681 593 693 652 716 809 722 806 731 808 736 691 670 653 736 802 645 712 673 666 637 531 760 668 620 651 750 801 796 811 831 843 813 700 640 570 578 649 670 732 741 724 751 818 839 847 850 834 834 772 528 528
751 751 691 691 691 733 656 656 579 579 720 785 799 763 730 704 650 704 742 794 750 759 776 745 770 812 812 774 802 757 795 774 758 790 791 799 800 807 820 802 737 625 581 626 725 653 625 759 715 653 688 698 717 708 791 788 772 736 724 737 702 629 685 683 637 661 778 824 818 832 844 813 699 566 460 507 486 553 605 601 688 718 732 821 852 841 851 834 789 829 657 605
751 751 751 771 771 782 767 767 579 579 720 793 811 794 765 795 788 713 733 742 743 776 767 793 805 817 781 789 803 804 797 816 817 823 811 799 807 770 788 795 789 747 629 693 750 634 687 706 732 661 710 708 671 648 626 673 728 653 766 682 638 579 612 636 623 685 726 742 736 744 737 569 541 563 518 515 445 567 598 614 669 770 795 820 847 854 840 847 841 665 493 535
805 751 751 751 733 782 775 775 809 809 746 786 782 806 812 807 818 799 733 698 743 792 821 810 800 779 748 773 820 804 798 816 811 818 800 813 819 787 794 815 821 808 774 705 757 771 696 760 733 702 709 688 673 647 681 639 674 610 572 664 640 637 612 610 624 704 677 614 636 592 608 570 562 628 629 508 485 629 616 650 686 696 727 753 828 829 828 748 710 600 667 697
805 805 751 751 744 774 802 808 808 809 746 612 721 749 781 789 808 790 787 769 785 799 800 764 754 720 765 769 816 779 813 792 812 807 807 800 770 787 795 815 823 829 811 575 777 751 769 817 816 787 760 788 764 763 736 694 692 665 674 667 657 612 590 575 589 625 640 621 620 600 645 663 683 564 609 520 636 661 776 810 787 761 725 601 735 808 792 718 712 711 720 712
805 805 805 738 768 744 717 785 804 738 634 613 499 459 637 660 733 647 601 711 781 793 780 775 742 740 777 762 786 771 805 764 809 806 785 745 753 762 747 789 797 828 828 804 762 724 777 801 802 801 771 753 763 782 764 759 790 759 806 775 722 697 670 676 649 650 660 687 673 661 681 682 664 666 654 610 712 804 852 838 838 845 815 709 752 671 702 712 711 619 620 641
772 727 727 738 768 768 784 785 779 793 515 473 394 371 471 560 652 546 494 611 712 782 705 664 647 671 792 793 793 768 791 799 812 801 762 745 780 764 715 777 808 823 824 818 724 598 732 801 743 728 744 640 639 710 767 766 822 794 766 750 761 738 741 771 741 688 651 653 673 712 724 728 710 630 664 693 694 649 678 715 770 805 753 735 699 601 664 709 664 619 686 629
714 733 734 699 686 691 718 795 778 765 779 499 317 368 403 428 438 456 483 504 563 646 572 555 650 703 800 798 807 802 799 799 807 804 794 794 802 810 813 790 817 805 824 830 786 707 794 756 600 656 746 717 690 785 813 775 791 750 724 721 720 693 713 760 742 689 650 647 672 676 749 686 683 656 657 657 596 687 722 704 726 706 689 734 680 718 728 754 765 767 739 681
809 771 734 765 791 758 762 771 710 740 788 690 389 389 379 367 371 405 426 436 449 444 401 469 567 460 758 807 718 764 792 796 801 736 718 755 766 782 804 811 810 809 813 824 809 802 772 787 682 700 771 781 783 796 799 767 732 761 758 777 776 795 786 797 743 697 678 695 686 692 702 731 705 665 659 684 686 640 604 631 706 697 756 819 822 791 790 800 711 748 759 753
764 688 707 730 770 763 741 667 711 774 773 762 539 386 362 350 400 395 399 389 393 357 276 404 410 410 621 740 737 728 747 745 793 781 795 788 748 748 757 793 770 791 832 814 709 811 745 721 730 735 773 791 806 798 786 792 803 809 823 829 837 828 825 838 834 814 771 737 712 683 693 747 748 768 716 689 679 660 607 637 645 708 806 846 800 791 792 798 683 720 766 768
745 718 757 739 718 703 705 688 748 757 756 750 796 409 345 380 420 381 355 363 349 297 324 349 350 420 467 674 701 701 720 718 781 788 731 741 768 785 770 783 791 807 799 809 689 771 664 680 781 774 782 776 814 815 821 828 836 804 824 825 819 819 826 811 792 843 848 816 756 722 666 713 703 741 696 688 698 717 682 658 653 684 781 782 626 728 674 754 755 731 740 734
694 712 777 798 778 730 719 712 777 749 777 750 751 480 358 455 423 374 378 395 361 306 384 398 419 441 428 458 518 590 739 829 783 627 667 765 777 773 775 793 821 809 802 814 797 735 673 733 796 819 820 820 814 801 828 822 841 817 795 802 845 846 833 807 774 765 765 765 816 833 777 793 793 804 761 706 734 707 742 734 721 701 713 665 654 673 637 729 756 725 722 678
689 703 753 789 802 779 751 774 791 783 796 760 742 670 511 475 417 385 392 375 368 401 442 443 455 421 459 463 489 685 801 726 606 629 766 789 811 761 785 819 819 810 820 808 809 786 727 757 791 830 833 833 807 807 817 817 824 818 743 761 795 833 840 827 822 840 823 820 817 800 794 793 795 769 761 742 751 709 742 710 717 650 673 655 700 664 729 776 793 721 757 640
730 727 759 795 808 787 775 797 798 789 790 779 780 747 680 592 459 428 414 364 373 398 402 415 442 455 490 477 519 647 593 546 650 737 781 807 823 805 787 813 814 810 816 779 809 812 790 792 798 836 832 806 807 808 822 817 844 836 813 796 762 760 845 839 842 835 833 828 840 835 801 820 811 778 759 733 744 725 730 744 727 659 710 657 626 714 765 821 806 732 740 723
764 769 782 795 805 756 794 809 807 790 808 801 753 735 748 762 657 547 477 453 428 420 424 424 442 444 453 365 402 449 485 692 759 757 797 813 812 808 792 810 819 816 821 783 811 824 825 798 774 827 815 819 815 800 741 811 796 824 819 820 814 840 828 823 828 828 840 829 830 817 824 794 787 795 786 735 720 702 703 725 730 736 738 691 653 757 809 847 716 785 827 779
780 763 773 795 796 772 801 801 810 775 798 798 793 770 753 745 746 718 732 742 707 599 612 491 449 428 425 324 382 458 548 510 665 751 774 761 784 766 740 772 777 810 828 817 803 824 818 773 799 822 794 807 775 816 758 778 818 843 841 843 846 838 818 806 782 799 815 832 829 831 836 802 813 778 802 743 735 728 711 702 744 791 801 747 703 775 816 739 776 794 777 778
758 759 756 767 800 800 813 810 783 723 759 792 796 787 700 636 696 788 796 784 758 776 658 528 491 431 426 381 399 404 450 467 655 713 760 751 735 668 656 733 789 822 828 788 811 797 754 705 738 756 792 793 786 796 829 789 818 838 843 844 839 833 820 790 807 815 741 779 819 834 842 802 796 796 796 779 781 773 731 693 755 774 755 710 720 730 757 770 755 827 834 753
778 795 779 788 777 807 808 797 815 810 798 801 793 812 797 692 641 697 698 708 730 731 751 735 723 569 469 429 418 419 401 434 553 669 783 743 640 621 681 778 807 834 823 748 744 755 708 629 664 766 823 838 830 786 797 772 818 825 844 838 806 825 820 839 844 814 768 801 817 836 843 741 779 833 770 820 805 770 766 763 754 746 732 721 740 682 750 758 679 777 820 714
814 801 796 783 798 803 818 809 819 819 820 818 789 775 718 710 728 748 797 804 791 799 792 761 828 597 533 474 489 439 348 380 465 610 730 695 650 679 751 787 829 835 829 784 739 756 781 703 739 793 808 822 800 771 804 811 839 846 828 832 813 792 806 839 840 828 823 836 816 831 832 732 734 796 743 833 819 806 797 746 712 719 720 766 776 749 749 748 759 787 787 747
808 814 803 802 810 817 818 819 815 813 819 817 812 801 758 714 724 752 778 790 807 805 808 806 828 634 576 568 564 436 348 349 445 559 652 642 715 769 785 816 829 817 830 811 790 791 737 730 800 801 788 794 802 803 826 825 845 846 831 805 776 784 783 828 834 836 844 837 830 841 847 806 770 798 777 814 834 835 813 802 755 747 719 802 796 736 703 767 762 547 718 753
752 773 809 817 810 818 818 819 817 805 821 814 809 807 804 781 765 789 810 817 824 818 812 801 825 794 638 683 674 454 348 358 403 493 677 732 683 786 823 823 811 795 834 804 830 813 764 758 776 808 777 759 787 812 826 842 845 840 825 781 792 814 783 784 824 829 836 842 831 819 833 828 832 827 781 765 814 838 807 774 784 812 838 819 811 804 793 827 812 751 836 830
747 788 814 817 815 818 819 820 820 812 821 821 822 821 814 814 815 817 822 822 826 818 796 814 802 821 704 702 688 500 430 440 455 511 596 715 779 789 826 817 823 789 796 818 797 799 807 815 795 793 785 803 802 831 842 841 845 838 832 832 823 821 792 742 776 794 842 837 832 837 811 811 844 829 822 814 830 851 837 831 841 848 850 853 852 852 814 839 827 813 829 856
777 788 810 805 818 819 812 814 820 821 815 808 821 823 820 806 807 823 822 816 823 808 807 820 808 815 788 736 658 556 505 497 571 569 472 641 807 698 765 613 797 659 765 812 813 806 821 815 808 801 809 824 796 825 837 819 838 843 843 821 822 814 795 810 816 802 829 837 826 828 833 849 844 834 822 842 844 856 844 840 853 851 851 856 851 852 778 808 815 848 837 830
798 817 814 818 806 819 812 805 821 819 821 822 823 820 816 805 809 816 818 825 823 814 809 820 821 810 816 782 774 729 603 603 587 547 572 688 660 654 712 735 620 621 765 783 813 820 816 827 815 794 803 818 796 825 843 818 810 838 835 821 816 828 835 822 749 796 836 839 838 845 841 840 833 814 800 842 848 843 817 810 838 844 852 857 856 820 847 815 836 842 806 799
816 814 798 816 819 815 819 787 813 815 809 819 819 822 823 821 804 804 820 818 813 807 814 825 815 827 822 817 812 799 703 570 556 669 732 596 579 607 735 740 828 789 605 702 791 814 815 794 808 802 802 824 804 825 843 821 781 832 833 822 816 814 802 775 776 818 818 825 844 832 851 841 813 829 808 836 830 817 816 812 840 853 847 853 858 813 853 838 836 814 789 808
817 817 816 811 819 807 813 817 807 813 817 819 820 824 824 821 804 820 825 818 813 810 810 821 821 822 822 811 791 776 722 630 580 597 558 524 512 709 718 795 788 702 734 677 776 817 788 743 786 795 810 789 760 790 825 826 813 832 822 808 828 823 823 824 817 824 804 804 826 845 853 821 808 831 825 823 823 817 825 818 839 847 841 852 854 778 849 840 838 817 802 811
802 811 809 787 812 802 813 814 818 818 817 819 809 821 816 816 807 818 821 824 803 817 814 830 822 810 819 806 799 813 787 722 649 538 486 443 554 652 754 781 737 755 714 757 820 803 726 688 741 758 787 770 745 743 806 744 821 821 814 821 841 827 779 802 830 818 831 844 845 833 835 829 791 794 813 782 809 795 804 804 828 850 835 853 847 822 854 849 843 842 810 753
803 797 819 819 801 808 814 819 818 822 815 817 818 821 822 819 812 813 820 825 815 826 804 817 806 807 824 814 813 815 820 783 744 716 671 670 697 675 667 686 789 798 791 792 814 767 642 649 714 696 733 716 719 728 739 712 721 783 793 800 835 846 836 826 811 806 796 827 846 834 828 829 774 762 765 792 804 786 805 805 826 853 836 847 847 859 856 856 843 843 816 776
799 798 816 818 817 818 811 819 815 816 808 818 824 821 822 822 815 821 827 825 815 826 817 794 811 825 818 812 814 815 808 732 706 706 716 735 735 731 647 595 703 711 784 776 776 669 539 622 678 707 717 703 672 718 710 721 703 821 766 774 823 795 802 781 818 803 805 826 840 814 807 814 791 782 783 800 817 819 826 833 840 848 842 853 854 855 860 849 843 837 837 832
797 797 811 811 817 814 808 809 814 820 819 815 822 816 811 826 826 821 820 825 794 805 802 806 806 826 814 820 827 831 821 793 753 707 708 755 765 733 676 640 668 657 723 733 725 574 501 678 704 700 689 681 673 708 736 771 758 757 721 712 758 732 759 787 802 790 820 841 829 807 782 815 784 793 810 809 825 839 826 846 848 847 847 847 853 854 862 853 846 840 850 851
798 815 820 816 814 821 809 797 785 823 810 810 825 825 824 827 824 827 824 815 817 821 806 806 823 812 820 821 814 815 814 828 780 734 727 736 791 789 757 687 669 705 717 715 704 613 631 733 734 733 723 706 681 681 774 807 757 738 748 711 748 703 687 723 710 764 771 799 792 783 782 809 776 823 844 833 833 839 833 841 860 853 848 855 849 852 849 855 842 831 838 817
804 810 820 812 813 822 814 808 796 820 815 816 825 826 812 824 827 826 826 822 821 817 806 817 818 826 825 786 785 801 794 816 780 736 672 654 721 814 785 714 677 677 704 713 714 724 733 751 771 764 726 700 637 681 663 786 734 740 761 747 717 692 723 759 736 750 734 780 790 801 792 794 791 838 850 851 851 845 847 852 857 853 842 848 814 849 808 678 783 773 773 756
815 807 818 812 813 812 822 813 809 817 813 809 823 826 814 817 820 825 814 815 829 822 827 819 812 817 792 785 814 815 795 802 753 720 644 681 710 747 739 748 713 696 677 667 679 687 734 796 797 718 701 729 755 742 786 720 808 775 809 796 758 741 759 780 790 770 761 783 798 817 823 809 746 849 837 839 838 818 834 852 854 854 858 837 848 849 816 810 811 765 755 749
809 816 817 821 811 813 819 819 815 817 818 805 804 823 825 819 819 825 768 815 821 822 824 824 814 808 780 793 802 809 797 771 780 755 717 737 745 738 720 740 723 706 685 677 624 598 670 746 706 690 645 775 754 746 829 809 835 816 830 817 777 741 770 807 828 813 803 821 824 829 842 784 739 804 817 845 826 804 840 852 846 857 861 853 842 836 818 838 757 701 727 804
812 816 811 817 807 803 823 824 822 821 816 811 811 813 823 821 809 813 821 814 810 810 822 824 817 825 819 814 802 789 795 770 780 754 738 733 737 765 787 759 715 740 743 725 671 630 640 661 680 680 681 728 682 766 783 793 837 832 817 778 760 742 760 812 814 808 824 784 823 843 837 809 809 816 818 834 833 840 853 847 847 848 854 859 830 843 856 845 756 775 804 774
