prediction/untitled folder/solar_ghi_19900101_22UT.txt
NCOLS 839
NROWS 679
XLLCORNER 112.025005
YLLCORNER -43.9750009
CELLSIZE 0.0499954
NODATA_VALUE -999
[rows 168 to 209 of 679, columns 282 to 375 of 839]
207 214 220 222 236 238 218 239 226 247 263 273 258 251 250 240 235 237 234 224 240 229 163 203 204 232 264 234 194 168 194 215 217 221 245 204 253 276 286 277 271 270 268 268 260 262 283 298 288 286 280 281 280 274 268 275 276 293 292 301 309 315 316 302 275 252 237 235 234 263 295 281 290 289 278 262 246 259 220 273 265 304 330 333 338 327 318 302 321 334 329 326 331 340
220 227 225 226 241 242 238 239 255 221 215 228 249 274 255 260 246 233 216 218 223 204 163 185 186 239 240 234 211 202 265 214 187 195 247 236 276 284 237 243 271 265 245 278 292 286 284 286 288 294 287 280 286 287 290 291 300 307 308 308 313 321 332 303 294 243 205 223 264 258 302 288 302 311 291 284 277 259 249 311 312 333 334 329 311 312 314 322 318 323 304 275 328 334
256 235 222 240 226 216 224 240 227 241 228 245 230 235 238 231 212 212 209 201 197 184 182 172 169 215 214 228 218 230 258 217 201 214 243 255 269 270 243 244 265 221 206 300 301 306 300 301 301 302 303 288 281 290 278 299 312 317 318 314 326 334 328 305 305 299 234 241 295 280 243 244 298 321 304 292 314 271 261 329 309 340 343 332 330 320 330 315 328 335 336 331 331 344
221 230 236 237 238 239 236 214 215 228 236 243 235 236 230 238 232 227 221 223 202 189 176 177 169 192 201 220 249 265 266 252 231 240 260 261 262 271 264 271 280 259 268 312 301 299 293 286 290 287 280 274 282 298 314 312 309 318 333 329 322 335 331 292 292 309 265 247 303 288 233 250 296 287 297 293 318 316 331 335 318 327 335 341 337 335 342 341 340 344 338 341 349 344
179 180 189 212 204 222 233 242 242 257 258 258 251 245 239 247 254 251 249 250 224 189 180 177 174 192 196 203 232 271 266 244 252 272 288 288 298 298 279 253 272 292 304 299 280 272 270 277 278 280 274 275 305 306 325 314 313 323 331 332 326 335 337 292 271 293 296 272 300 267 305 302 304 276 256 324 343 330 345 318 333 330 338 346 355 341 339 342 345 342 346 347 349 345
158 170 180 204 209 193 187 209 249 273 283 283 266 267 268 270 264 264 272 273 244 203 190 176 186 234 239 227 236 260 282 270 284 276 276 293 303 314 272 225 253 299 303 299 275 254 271 284 285 274 273 283 300 299 309 303 304 328 325 321 328 324 337 318 285 302 309 293 309 301 324 326 323 317 271 286 330 301 337 328 332 337 345 345 347 347 344 347 352 349 346 347 341 342
229 217 223 217 219 226 247 273 265 250 244 259 270 280 285 287 289 289 294 291 274 244 225 212 227 263 278 266 255 269 284 284 269 273 277 285 300 301 215 179 212 253 293 306 277 271 276 273 273 274 282 296 300 294 294 303 315 325 327 316 318 321 338 338 264 300 299 278 302 304 312 342 320 325 297 303 326 333 340 339 345 345 343 343 344 345 347 346 349 354 352 347 343 348
237 244 237 246 252 239 247 271 273 274 275 260 245 246 247 263 280 285 286 286 287 283 299 285 245 227 235 263 272 276 284 291 298 294 278 277 296 300 282 209 210 254 284 295 295 279 280 271 273 274 281 284 281 268 286 306 304 312 319 309 308 327 338 331 225 253 295 272 305 323 319 346 267 244 315 326 304 344 338 339 345 346 340 344 345 358 358 345 343 344 347 353 352 347
236 260 262 284 288 281 284 285 277 279 275 276 277 266 255 256 255 245 254 266 267 284 298 297 255 199 191 218 251 259 277 285 293 286 287 272 288 302 298 276 296 301 301 299 295 288 281 278 299 290 313 308 284 290 303 309 311 311 316 317 315 333 338 336 225 217 241 295 314 330 304 292 229 220 283 325 330 342 337 337 338 342 340 341 354 357 328 328 335 344 342 346 354 356
275 283 289 282 285 264 274 281 272 278 280 276 269 263 241 257 274 283 276 260 247 260 289 284 270 234 214 219 252 284 284 247 247 271 295 288 307 302 291 277 297 301 278 296 312 309 315 306 292 307 301 309 310 303 303 310 312 312 313 325 323 333 337 340 279 217 232 304 275 253 290 231 220 262 325 331 332 342 339 333 342 343 344 344 345 349 349 344 345 342 343 363 353 349
236 260 282 284 280 276 291 286 286 287 280 286 282 278 280 291 292 292 288 294 289 285 288 277 283 267 254 236 225 276 285 255 213 256 288 289 302 319 303 301 311 287 295 308 313 320 310 282 300 287 319 311 305 287 305 310 317 307 319 320 324 325 327 338 334 242 214 258 242 272 281 234 286 331 337 330 332 336 334 337 343 343 345 346 351 351 340 350 355 357 354 364 334 344
208 270 288 275 248 287 293 294 278 274 269 282 279 284 291 292 297 298 289 299 293 293 293 300 302 296 257 250 260 238 206 217 208 242 280 310 317 314 298 241 311 321 305 314 312 320 312 310 305 303 304 303 288 303 313 310 313 315 319 320 326 322 330 333 333 281 216 262 292 334 319 314 339 350 328 313 331 338 344 345 343 343 345 348 357 355 355 350 349 347 349 350 348 346
275 276 284 281 263 286 283 295 276 269 269 277 278 273 287 297 297 298 294 297 298 306 295 306 303 308 286 273 283 268 246 263 271 264 305 307 297 284 280 261 281 277 177 288 287 312 311 322 304 302 309 321 311 310 314 303 315 320 319 330 330 325 332 334 334 319 283 314 333 339 329 337 340 332 321 334 345 348 341 340 348 351 352 358 349 343 349 345 348 351 352 337 346 349
254 255 270 272 282 287 274 282 261 238 264 254 255 281 287 297 302 292 294 289 298 305 296 301 297 304 293 283 291 296 300 271 236 253 287 292 309 310 289 277 248 234 240 258 263 299 301 303 313 309 310 321 321 318 313 305 315 323 320 326 326 325 327 329 339 337 335 334 336 334 337 338 328 334 334 326 329 335 347 348 342 338 338 334 338 341 350 349 347 345 340 341 349 353
270 271 271 282 286 275 275 281 278 206 257 223 228 272 265 287 286 283 283 288 296 295 291 301 299 300 287 278 275 297 293 271 264 300 302 308 291 292 277 293 296 279 289 305 267 298 291 269 291 293 305 312 313 311 313 313 316 319 324 326 328 333 332 328 331 338 334 337 333 328 330 336 331 333 329 326 329 329 333 340 341 342 333 328 332 333 337 328 339 325 327 345 349 350
275 273 277 286 274 275 279 276 277 271 263 225 241 265 265 282 283 289 284 289 286 296 292 297 300 296 291 290 292 293 295 289 307 302 303 298 267 277 293 285 286 303 309 310 310 305 292 245 291 310 312 316 312 315 311 314 320 319 324 331 334 334 334 330 331 331 337 339 339 335 342 341 338 339 340 338 335 336 342 351 338 342 339 331 348 337 349 337 339 334 342 349 350 350
284 277 288 287 287 281 287 291 288 289 289 293 262 273 282 287 297 298 291 290 296 301 303 303 299 301 297 298 298 294 296 301 301 290 292 282 289 300 310 293 286 295 310 299 317 328 234 189 314 316 316 317 315 300 303 314 314 319 324 323 328 339 339 335 336 337 340 334 339 336 346 346 342 343 336 335 340 346 356 343 345 348 358 348 348 337 351 351 351 352 342 344 356 358
281 283 284 284 284 284 284 287 287 288 284 280 273 273 286 287 293 295 295 296 302 299 300 300 306 300 297 307 308 295 295 297 302 298 291 295 291 293 293 294 301 296 296 290 292 310 242 216 303 310 303 310 318 310 311 312 318 329 330 331 331 334 330 336 337 333 336 334 339 335 336 341 341 343 348 347 347 347 337 349 355 358 356 358 349 356 362 354 358 341 348 349 356 360
283 287 290 287 285 287 290 290 287 288 284 286 289 288 292 288 294 296 301 302 299 298 304 301 307 302 302 304 305 301 302 303 307 303 297 297 304 300 305 294 286 266 272 273 291 317 276 249 287 293 308 320 328 324 319 322 327 335 333 334 329 330 334 334 341 341 341 334 330 330 330 329 341 344 335 349 336 337 349 349 350 343 354 356 354 362 351 358 366 347 350 355 349 357
274 287 287 288 292 287 294 288 288 293 284 289 295 292 292 295 300 295 297 299 299 300 305 307 302 301 299 305 310 306 302 308 308 304 304 305 304 303 306 317 323 313 310 316 322 330 331 256 242 305 314 325 326 330 326 329 324 331 330 334 336 335 332 329 336 334 345 345 340 331 336 341 332 334 336 347 337 337 348 350 339 355 344 347 360 359 359 359 352 353 349 354 344 355
287 286 281 278 281 290 290 292 288 289 294 298 302 298 294 300 299 301 298 299 299 300 307 309 306 303 308 310 314 310 308 313 313 314 310 305 310 310 311 314 310 305 311 312 313 318 331 212 245 317 318 323 322 330 327 329 325 331 336 341 329 332 339 335 342 334 335 336 341 343 331 333 334 335 346 336 338 350 349 349 352 356 353 343 343 360 361 355 353 356 352 355 347 350
283 283 285 284 286 293 288 288 289 289 294 297 299 296 300 301 301 297 296 299 306 301 305 305 302 305 304 303 307 309 306 304 304 311 315 321 317 312 313 314 320 316 316 317 319 314 314 315 321 322 322 324 320 321 329 328 330 330 337 336 336 337 337 342 338 336 349 336 337 332 337 339 339 346 347 348 338 344 356 344 352 345 361 350 350 351 353 354 351 353 352 354 353 348
288 280 284 282 287 292 292 288 287 290 288 293 302 295 292 300 298 298 294 298 310 301 297 307 307 305 302 305 309 310 310 316 311 310 306 312 317 319 319 323 315 314 319 313 313 315 325 316 319 318 326 324 323 326 335 333 332 334 333 331 342 344 330 346 345 337 343 339 337 334 352 342 341 347 348 337 341 350 335 345 345 351 361 362 363 354 353 359 354 356 355 350 345 346
290 290 285 268 283 296 288 293 291 292 293 298 299 296 294 303 298 300 298 302 306 296 293 293 309 313 312 307 308 311 310 309 311 310 307 312 322 319 317 322 318 320 313 317 317 319 325 317 323 321 319 328 325 326 339 331 336 337 339 343 345 345 346 339 340 326 326 339 337 314 326 329 342 348 342 349 343 334 336 347 342 357 363 364 365 359 354 360 361 357 355 349 341 343
280 281 289 287 288 294 286 286 296 293 293 294 296 300 298 302 294 298 297 300 295 299 300 297 309 302 305 312 319 310 317 321 319 316 307 313 313 313 325 316 316 312 313 319 321 322 326 321 330 319 320 327 328 328 338 323 335 335 343 332 344 333 328 334 325 331 327 322 332 344 340 347 350 352 345 343 345 357 341 345 352 360 360 356 358 348 353 355 356 351 353 355 352 347
273 290 291 291 284 286 286 291 297 297 292 294 297 302 298 299 299 304 301 295 299 307 304 301 303 307 301 306 310 299 311 309 316 306 311 302 316 316 327 315 312 318 323 324 324 327 323 324 330 328 325 325 326 331 333 323 329 330 330 331 332 333 327 328 330 327 319 332 338 339 339 352 347 342 344 351 347 356 347 348 353 350 351 352 355 345 336 348 356 345 346 353 361 357
287 289 287 287 289 290 291 291 298 296 294 295 300 302 293 302 305 301 305 301 300 315 313 311 314 316 306 312 308 304 321 310 309 317 308 309 304 318 315 318 326 313 319 315 322 328 325 324 330 333 331 320 327 328 328 324 337 329 331 324 328 328 329 335 341 337 338 334 351 346 354 342 348 349 340 336 336 339 347 347 350 362 365 366 367 366 356 352 357 357 352 357 371 365
292 292 298 299 295 291 300 292 299 295 300 297 294 303 294 300 301 296 301 299 301 311 309 313 305 315 311 302 313 314 304 306 307 307 308 315 316 317 318 318 328 319 319 321 325 327 321 318 330 331 326 319 327 328 330 335 337 333 332 325 332 340 345 334 347 342 351 350 349 335 342 348 343 339 338 338 344 347 347 345 346 352 359 359 365 367 368 365 357 358 353 333 349 352
295 294 299 299 291 297 297 293 303 303 296 292 295 307 298 304 296 297 297 304 309 311 317 308 307 308 305 293 304 314 314 309 317 323 314 314 326 317 318 327 324 314 320 320 321 317 323 318 325 326 321 322 328 334 329 330 338 332 336 328 332 339 336 336 348 351 349 345 340 341 342 341 326 334 335 343 354 354 352 357 351 354 360 365 366 367 362 345 343 346 348 334 340 340
294 296 299 287 287 298 289 294 296 301 297 293 300 307 299 309 304 300 296 302 315 317 306 308 308 304 311 303 314 315 316 316 317 309 313 316 316 323 324 327 319 320 319 315 322 318 324 319 320 325 331 332 334 329 329 325 336 333 338 339 330 334 340 343 346 344 339 340 346 338 324 330 337 345 355 360 359 354 360 353 354 353 355 361 360 362 351 346 332 333 333 325 343 340
294 295 297 290 288 293 294 295 296 300 298 303 300 307 304 311 304 302 296 305 306 317 292 255 319 315 312 302 309 315 321 307 307 319 320 313 316 321 324 320 321 320 320 322 325 321 323 322 325 326 330 333 329 328 329 324 332 338 339 339 338 340 334 340 338 340 347 349 341 336 333 342 354 359 360 347 343 356 346 345 347 358 360 350 354 363 353 342 332 341 317 337 355 352
298 299 296 295 290 297 302 298 297 297 301 299 303 310 304 307 309 302 304 305 305 318 319 319 320 320 283 304 314 319 316 314 315 318 320 321 326 323 319 320 321 322 317 317 322 319 321 331 326 333 329 328 324 324 330 331 332 333 336 340 341 348 342 343 344 347 353 341 342 348 348 349 350 351 354 353 360 341 332 340 343 349 337 337 356 349 355 355 349 362 311 343 364 372
293 295 296 302 297 297 303 301 297 296 304 298 304 306 300 299 303 301 301 301 300 314 317 302 314 301 252 301 312 317 317 315 315 317 321 319 318 318 328 322 321 328 325 319 323 326 322 332 328 334 331 336 328 325 334 333 333 334 333 340 346 342 337 339 342 340 340 341 342 343 354 358 356 346 342 342 332 338 334 335 342 337 343 344 345 327 345 354 359 356 329 347 364 353
295 297 302 301 294 298 299 297 297 299 306 303 296 303 297 300 306 305 306 303 309 299 293 314 320 310 259 302 308 313 316 324 325 321 321 322 327 324 321 322 323 323 329 330 325 328 327 326 333 327 335 337 332 332 333 334 334 334 335 341 336 337 338 334 339 340 342 343 345 344 355 355 346 341 342 336 331 340 350 351 336 344 356 351 350 346 360 368 368 359 328 350 363 335
296 294 296 300 299 296 301 295 293 300 306 304 301 302 300 304 304 304 312 317 317 317 310 319 322 309 262 270 308 317 323 319 320 321 321 322 319 317 323 327 323 323 324 326 327 328 329 334 334 334 335 335 335 339 336 335 341 340 331 339 337 337 333 334 339 338 337 345 345 343 340 345 344 342 341 333 346 352 353 353 348 356 356 354 338 364 373 369 375 370 351 320 364 351
299 302 298 299 296 300 303 299 300 306 310 306 305 307 306 300 307 309 314 311 315 306 299 315 322 322 318 315 312 312 310 314 320 316 313 313 323 332 325 321 327 330 322 326 337 333 329 330 328 334 330 335 340 337 340 335 335 337 341 337 342 338 334 335 347 354 354 356 344 345 345 348 346 351 348 351 352 339 342 343 360 356 346 346 357 347 355 363 367 369 357 290 350 354
298 297 297 295 302 298 304 303 301 309 307 301 302 304 311 307 303 309 309 314 318 315 311 316 317 315 323 307 308 314 319 315 317 324 325 321 321 320 323 325 325 326 315 330 332 335 330 330 330 330 329 332 331 333 335 340 336 336 334 336 334 333 344 335 347 347 354 344 350 343 358 358 359 346 338 352 357 341 348 344 349 344 348 364 359 354 367 363 356 362 337 276 291 340
298 299 290 296 306 303 304 309 297 306 302 307 303 306 309 308 314 308 309 311 311 320 306 314 314 316 324 324 255 286 310 315 317 319 315 321 323 322 328 325 326 322 319 333 338 338 329 328 329 331 328 336 333 337 334 335 337 331 335 338 327 344 346 339 347 348 346 338 350 343 358 342 347 349 351 349 337 335 342 343 349 351 357 365 364 361 368 362 368 377 346 303 286 332
294 304 295 300 300 304 305 306 303 305 303 311 306 312 301 308 314 307 313 309 310 320 310 318 315 316 325 308 304 289 310 316 318 319 320 321 323 323 323 325 329 327 326 340 335 333 329 325 327 334 330 325 328 329 329 339 336 344 335 329 335 339 346 339 344 337 337 338 351 353 347 350 349 349 360 344 349 348 353 356 349 358 358 364 363 368 371 367 372 377 364 344 321 304
289 304 299 297 293 299 300 302 309 309 308 310 312 313 306 312 313 303 307 304 314 308 309 323 323 303 306 317 326 317 288 313 319 320 320 322 323 322 325 331 329 335 329 331 329 331 330 327 331 338 333 329 332 333 335 343 344 335 337 348 340 339 336 335 338 335 338 356 341 341 349 350 362 345 351 357 346 352 355 360 351 357 364 360 360 368 363 366 368 377 361 340 338 313
290 303 296 296 298 304 300 303 302 307 305 313 308 312 310 315 309 309 309 315 310 318 310 321 317 305 308 316 314 318 288 307 330 321 321 331 323 324 325 326 334 338 334 330 330 338 327 333 336 333 332 329 334 335 342 332 344 336 341 341 340 348 343 346 346 342 334 345 346 346 361 350 347 362 349 363 351 366 367 356 357 358 363 360 356 370 364 370 363 373 368 356 362 347
295 301 300 300 301 299 301 299 294 303 304 307 306 312 313 318 309 310 319 319 316 317 311 312 316 319 310 319 318 315 306 281 319 319 310 322 322 325 331 327 337 335 334 329 331 332 327 339 338 332 328 336 329 340 337 327 339 334 339 334 351 342 342 346 341 342 353 348 348 349 350 352 351 351 352 360 355 356 363 356 359 359 359 365 356 363 368 371 364 369 373 368 356 364
