prediction/untitled folder/solar_ghi_19900101_01UT.txt
NCOLS 839
NROWS 679
XLLCORNER 112.025005
YLLCORNER -43.9750009
CELLSIZE 0.0499954
NODATA_VALUE -999
[rows 507 to 545 of 679, columns 528 to 615 of 839]
1035 1040 1047 1046 1047 1025 1023 1029 1034 1036 1037 1007 1030 1052 1052 1040 1056 1056 1056 1054 1027 1048 1055 1055 1056 1055 1054 1054 1055 1045 1039 1042 1043 1052 1050 1035 1053 1052 1050 1049 1050 1044 1037 1035 1031 1037 1051 1051 1048 1051 1051 1053 1052 1053 1043 1044 1053 1053 1051 1048 1033 1055 1052 1036 1057 1058 1057 1056 1056 1045 1056 1050 1045 1056 1054 1044 1044 1057 1058 1060 1061 1061 1061 1061 1060 1040 1036 1040
1021 1046 1044 1043 1046 1047 1047 1032 1026 1027 1037 1037 1030 1052 1020 1020 1056 1056 1052 1052 1036 1033 1027 1055 1055 1044 1033 1053 1049 1055 1053 1054 1055 1056 1054 1033 1033 1051 1051 1052 1042 1043 1050 1038 1052 1036 1048 1050 1044 1051 1051 1050 1051 1053 1051 1054 1054 1052 1045 1035 1036 1055 1048 1042 1051 1058 1057 1056 1056 1048 1056 1041 1045 1057 1058 1056 1055 1039 1060 1061 1058 1060 1045 1054 1059 1060 1040 1048
1042 1043 1041 1044 1043 1044 1042 1032 1026 1027 1027 1037 1011 1011 1020 1020 1020 1055 1055 1055 1054 1036 1030 1054 1054 1036 1037 1056 1055 1046 1036 1055 1054 1034 1053 1052 1051 1051 1051 1051 1051 1052 1032 1038 1053 1052 1053 1052 1046 1051 1051 1051 1045 1051 1052 1054 1054 1052 1033 1031 1056 1055 1055 1050 1056 1057 1046 1046 1040 1043 1032 1020 1029 1038 1039 1061 1061 1058 1061 1057 1042 1058 1061 1060 1049 1049 1056 1049
1042 1042 1041 1043 1042 1044 1042 1042 1026 1027 1027 1046 1011 1011 1020 1020 1007 1055 1055 1055 1056 1055 1054 1054 1047 1055 1056 1056 1055 1050 1051 1054 1054 1054 1042 1051 1050 1051 1051 1051 1036 1037 1035 1030 1047 1052 1052 1052 1052 1051 1051 1050 1051 1048 1026 1034 1051 1041 1027 1056 1054 1041 1057 1057 1058 1058 1057 1050 1036 1052 1051 1034 1034 1059 1039 1061 1061 1049 1053 1062 1061 1058 1061 1061 1061 1053 1045 1043
1043 1043 1042 1043 1042 1042 1042 1042 1042 1027 1046 1046 1046 988 992 1007 1007 1055 1055 1055 1055 1055 1054 1054 1039 1046 1055 1032 1040 1055 1055 1053 1054 1053 1051 1050 1050 1050 1051 1051 1051 1053 1054 1054 1055 1053 1053 1052 1051 1043 1024 1051 1051 1052 1052 1052 1050 1053 1051 1027 1036 1040 1048 1043 1040 1050 1057 1057 1058 1061 1058 1059 1061 1061 1049 1061 1061 1053 1046 1062 1062 1062 1054 1060 1060 1060 1045 1043
1043 1043 1042 1042 1042 1042 1042 1042 1042 1046 1046 1046 1046 988 1021 1029 1029 1055 1055 1055 1047 1052 1054 1054 1053 1029 1055 1031 1037 1056 1056 1056 1044 1050 1051 1050 1051 1050 1051 1036 1033 1054 1056 1056 1056 1030 1030 1042 1052 1040 1045 1052 1040 1028 1030 1038 1046 1045 1054 1054 1046 1036 1044 1053 1053 1035 1038 1059 1051 1044 1037 1037 1046 1060 1061 1061 1060 1049 1061 1060 1062 1062 1060 1053 1043 1054 1061 1061
1042 1043 1042 1042 1042 1042 1042 1042 1042 1046 1046 1046 1046 1021 1021 1029 1029 1054 1054 1046 1052 1055 1055 1051 1027 1028 1054 1055 1056 1053 1055 1056 1056 1047 1051 1047 1050 1051 1049 1024 1002 1030 1042 1056 1056 1019 1008 1031 1052 1034 1054 1054 1047 1038 1030 1036 1034 1035 1054 1055 1055 1032 1031 1041 1041 1037 1037 1059 1058 1060 1061 1054 1058 1054 1062 1061 1053 1049 1061 1059 1044 1056 1032 1058 1062 1062 1062 1061
1042 1042 1042 1042 1042 1042 1042 1042 1046 1046 1046 1046 1021 1021 1021 1029 1026 1026 1050 1032 1055 1054 1055 1055 1054 1053 1055 1056 1056 1055 1056 1055 1048 1054 1051 1051 1036 1051 1052 1054 1056 1028 1056 1056 1057 1040 1035 1052 1053 1041 1056 1032 1031 1055 1055 1045 1026 1030 1041 1054 1055 1043 1033 1036 1038 1027 1029 1051 1048 1056 1060 1062 1061 1047 1060 1060 1058 1061 1062 1062 1062 1062 1039 1037 1062 1062 1044 1059
1042 1042 1042 1042 1042 1042 1042 1042 1046 1046 1046 1046 1021 1021 1021 1026 1026 1026 1049 1031 1042 1055 1055 1051 1039 1054 1055 1055 1056 1054 1054 1056 1055 1050 1053 1046 1036 1025 1046 1056 1057 1045 1055 1057 1057 1056 1041 1034 1046 1047 1048 1054 1039 1050 1056 1035 1055 1056 1053 1055 1055 1054 1052 1047 1054 1057 1040 1019 1051 1060 1060 1060 1060 1053 1060 1062 1062 1062 1062 1063 1062 1058 1051 1063 1062 1062 1063 1063
1042 1042 1042 1042 1042 1042 1042 1042 1046 1046 1046 1021 1021 1021 1026 1026 1026 1049 1049 1031 1036 1054 1053 1030 1024 1031 1043 1055 1055 1053 1055 1056 1056 1046 1053 1055 1055 1025 1033 1047 1057 1056 1045 1057 1057 1056 1056 1056 1056 1054 1046 1047 1035 1031 1036 1031 1019 1056 1039 1056 1036 1015 1013 1005 1008 1023 1056 1035 1043 1059 1061 1060 1060 1060 1060 1060 1061 1061 1061 1063 1063 1059 1060 1063 1062 1061 1061 1060
1042 1042 1042 1042 1042 1042 1042 1042 1046 1046 1046 1021 1021 1026 1026 1026 1049 1049 1049 1036 1036 1053 1054 1052 1051 1051 1033 1054 1055 1055 1055 1055 1048 1055 1041 1048 1055 1040 1049 1056 1055 1054 1041 1050 1057 1056 1057 1057 1057 1054 1046 1050 1038 1034 1048 1048 1050 1058 1042 1051 1059 1060 1053 1060 1059 1056 1055 1056 1057 1059 1061 1061 1059 1053 1060 1061 1059 1061 1052 1053 1061 1060 1049 1039 1060 1061 1060 1049
1042 1042 1042 1042 1042 1042 1042 1042 1046 1046 1021 1021 1021 1026 1026 1049 1049 1049 1036 1036 1053 1053 1028 1027 1049 1041 1014 1052 1054 1055 1055 1043 1032 1037 1041 1019 1048 1057 1055 1047 1042 1040 1050 1041 1042 1050 1056 1050 1057 1057 1057 1057 1056 1048 1041 1049 1058 1060 1059 1058 1060 1060 1059 1060 1060 1059 1024 1030 1057 1060 1061 1060 1061 1061 1061 1061 1061 1062 1062 1061 1061 1060 1061 1053 1061 1047 1038 1050
1042 1042 1042 1042 1042 1042 1042 1042 1046 1046 1021 1021 1026 1026 1049 1049 1049 1049 1036 1053 1053 1028 1028 1029 1035 1030 1027 1050 1054 1052 1047 1054 1037 1045 1025 1020 1039 1039 1030 1042 1044 1040 1056 1046 1048 1055 1057 1034 1055 1057 1057 1057 1058 1051 1039 1042 1042 1059 1059 1059 1058 1060 1060 1060 1060 1042 1039 1041 1057 1060 1057 1049 1059 1060 1061 1049 1052 1061 1061 1062 1061 1061 1053 1050 1062 1061 1061 1035
1042 1042 1042 1042 1042 1042 1042 1042 1046 1021 1021 1026 1026 1049 1049 1049 1049 1036 1053 1053 1028 1028 1029 1029 1052 1035 1032 1019 1046 1031 1025 1034 1030 1045 1034 1036 1054 1055 1039 1056 1056 1042 1035 1053 1057 1054 1033 1051 1058 1058 1046 1055 1058 1057 1057 1058 1050 1058 1059 1059 1053 1059 1060 1059 1060 1057 1059 1061 1061 1061 1057 1053 1049 1060 1061 1061 1058 1061 1062 1061 1062 1062 1060 1062 1062 1058 1053 1058
1041 1042 1042 1042 1042 1042 1042 1042 1046 1021 1021 1026 1049 1049 1049 1049 1049 1053 1053 1028 1028 1029 1053 1053 1053 1039 1024 1011 1023 1019 1020 1014 1023 1044 1039 1055 1054 1037 1041 1056 1057 1048 1054 1040 1041 1033 1029 1034 1058 1047 1023 1027 1034 1047 1058 1055 1049 1043 1042 1057 1059 1060 1058 1060 1060 1060 1061 1062 1062 1062 1061 1061 1046 1061 1060 1061 1062 1061 1061 1061 1061 1062 1062 1061 1061 1057 1059 1060
1041 1041 1042 1042 1042 1042 1042 1021 1021 1021 1026 1049 1049 1049 1049 1049 1053 1053 1028 1028 1053 1053 1053 1053 1053 1052 1028 1045 1053 1053 1045 1028 1054 1044 1037 1055 1054 1037 1048 1056 1056 1054 1050 1040 1029 1026 1036 1035 1057 1031 1022 1029 1036 1042 1057 1059 1032 1058 1058 1058 1059 1059 1060 1060 1052 1060 1060 1062 1062 1061 1061 1062 1061 1060 1054 1054 1058 1062 1062 1061 1062 1062 1062 1055 1062 1051 1063 1059
1041 1041 1041 1041 -999 -999 -999 1026 1026 1026 1049 1049 1049 1049 1049 1053 1053 1028 1053 1053 1053 1053 1053 1054 1054 1054 1028 1033 1053 1054 1040 1031 1049 1045 1031 1045 1056 1055 1049 1034 1048 1040 1041 1034 1025 1030 1042 1039 1058 1031 1033 1048 1035 1034 1036 1059 1028 1041 1059 1059 1059 1051 1060 1033 1036 1048 1058 1062 1062 1061 1062 1061 1062 1062 1062 1062 1062 1062 1055 1062 1062 1061 1063 1063 1062 1051 1063 1063
1041 1041 1041 1041 -999 -999 -999 1026 1026 1049 1049 1049 1049 1049 1049 1053 1028 1053 1053 1053 1053 1036 1036 1036 1036 1036 1033 1029 1032 1040 1055 1049 1052 1055 1054 1055 1047 1033 1039 1028 1046 1033 1024 1030 1034 1033 1046 1041 1033 1026 1036 1057 1051 1034 1056 1060 1050 1044 1058 1042 1036 1058 1059 1037 1045 1037 1037 1038 1040 1053 1045 1062 1062 1062 1062 1057 1062 1063 1062 1062 1063 1063 1063 1062 1062 1043 1062 1063
1041 1041 1041 1041 -999 -999 -999 -999 1049 1049 1049 1049 1049 1049 1053 1053 1053 1053 1036 1036 1036 1036 1036 1036 1036 1036 1031 1027 1030 1040 1054 1056 1053 1033 1042 1040 1040 1055 1047 1056 1053 1037 1029 1028 1043 1057 1058 1058 1056 1023 1019 1030 1057 1057 1042 1031 1039 1033 1031 1019 1010 1032 1025 1029 1055 1043 1020 1019 1031 1043 1036 1062 1062 1062 1062 1047 1063 1063 1063 1063 1063 1063 1063 1057 1063 1062 1060 1056
1041 1041 1041 1041 -999 -999 -999 -999 -999 -999 1036 1036 1053 1053 1053 1036 1036 1036 1036 1036 1036 1036 1036 1036 1046 1046 1046 1031 1030 1041 1031 1052 1055 1042 1032 1030 1040 1056 1046 1048 1048 1050 1039 1038 1048 1057 1057 1054 1054 1045 1037 1034 1039 1058 1057 1018 1049 1034 1039 1054 1044 1039 1038 1053 1055 1054 1055 1055 1056 1058 1059 1062 1063 1063 1063 1063 1061 1063 1063 1064 1063 1061 1059 1060 1064 1063 1063 1061
1038 1038 -999 -999 -999 -999 -999 -999 -999 -999 -999 1053 1053 1028 1053 1036 1036 1036 1036 1036 1036 1036 1045 1045 1045 1045 1045 1030 1045 1053 1029 1046 1054 1053 1027 1033 1048 1048 1039 1037 1048 1056 1057 1056 1046 1041 1057 1056 1054 1053 1052 1051 1046 1058 1056 1046 1038 1027 1019 1031 1038 1052 1055 1055 1055 1055 1055 1056 1041 1024 1054 1062 1062 1063 1063 1063 1039 1047 1063 1063 1063 1055 1049 1064 1064 1064 1055 1057
-999 -999 -999 -999 -999 -999 -999 -999 -999 -999 -999 -999 1028 1028 1053 1036 1036 1036 1036 1045 1045 1045 1045 1045 1045 1045 1045 1030 1029 1038 1054 1027 1055 1031 1025 1037 1040 1026 1032 1051 1040 1055 1057 1053 1047 1034 1048 1055 1054 1037 1037 1044 1054 1051 1058 1056 1035 1027 1023 1020 1024 1027 1039 1028 1024 1032 1036 1053 1060 1053 1062 1062 1062 1063 1063 1063 1060 1055 1047 1064 1055 1052 1048 1055 1062 1064 1063 1064
-999 -999 -999 -999 -999 -999 -999 -999 -999 -999 -999 -999 -999 1029 1053 1036 1045 1045 1045 1045 1045 1045 1045 1045 1045 1045 1030 1030 1051 1032 1028 1026 1055 1054 1055 1056 1056 1050 1039 1031 1041 1057 1056 1054 1053 1056 1056 1057 1055 1034 1022 1034 1056 1058 1057 1042 1040 1028 1037 1032 1029 1038 1040 1037 1037 1053 1053 1049 1061 1058 1045 1054 1062 1063 1063 1063 1063 1063 1063 1063 1064 1063 1046 1064 1065 1056 1056 1064
-999 -999 -999 -999 -999 -999 -999 -999 -999 -999 -999 -999 -999 -999 1053 1036 1045 1045 1045 1045 1045 1045 1045 1045 1045 1030 1027 1027 1027 1028 1040 1031 1028 1046 1037 1049 1055 1055 1042 1050 1046 1057 1057 1055 1055 1057 1036 1035 1035 1047 1034 1018 1052 1036 1058 1039 1024 1022 1032 1058 1036 1060 1058 1049 1060 1061 1062 1062 1062 1061 1046 1047 1062 1062 1062 1063 1064 1063 1063 1064 1064 1063 1049 1064 1062 1065 1062 1061
-999 -999 -999 -999 -999 -999 -999 -999 -999 -999 -999 -999 -999 -999 1053 1036 1045 1045 1045 1045 1045 1045 1045 1045 1026 1026 1026 1026 1026 1032 1053 1028 1009 1032 1045 1045 1048 1055 1049 1056 1032 1036 1057 1057 1057 1056 1034 1040 1034 1051 1049 1058 1059 1035 1057 1049 1035 1043 1045 1044 1040 1060 1059 1059 1061 1061 1062 1061 1062 1062 1062 1062 1063 1063 1063 1062 1039 1048 1063 1063 1064 1064 1064 1064 1064 1065 1065 1065
-999 -999 -999 -999 -999 -999 -999 -999 -999 -999 -999 -999 -999 -999 -999 1036 1045 1045 1045 1045 1045 1045 1026 1026 1026 1026 1026 1026 1026 1044 1054 1046 1015 1039 1048 1040 1055 1055 1048 1056 1029 1031 1034 1057 1057 1057 1034 1034 1056 1050 1047 1040 1049 1056 1033 1029 1049 1059 1057 1048 1057 1058 1049 1056 1060 1061 1061 1063 1057 1059 1062 1062 1063 1064 1048 1037 1044 1062 1062 1047 1040 1064 1064 1065 1065 1065 1065 1065
-999 -999 -999 -999 -999 -999 -999 -999 -999 -999 -999 -999 -999 -999 -999 1036 1009 1009 1009 1009 1009 1009 1026 1026 1026 1026 1026 1037 1037 1037 1052 1047 1050 1045 1027 1033 1055 1052 1040 1048 1029 1040 1035 1050 1056 1056 1056 1041 1055 1058 1045 1031 1042 1058 1032 1027 1049 1055 1058 1040 1042 1059 1058 1059 1060 1046 1053 1062 1055 1063 1063 1063 1062 1056 1064 1063 1061 1060 1042 1056 1064 1064 1065 1065 1065 1058 1064 1065
-999 -999 -999 -999 -999 -999 -999 -999 -999 -999 -999 -999 -999 -999 -999 1036 1009 1009 1009 1009 1009 1009 1009 1009 1009 1031 1031 1031 1031 1031 1054 1055 1034 1039 1055 1055 1055 1048 1056 1049 1047 1043 1034 1031 1057 1052 1041 1039 1050 1044 1033 1042 1050 1043 1041 1046 1056 1045 1058 1056 1025 1046 1059 1058 1058 1052 1044 1063 1063 1063 1064 1063 1049 1049 1064 1064 1060 1059 1039 1034 1064 1064 1064 1064 1064 1064 1064 1065
-999 -999 -999 -999 -999 -999 -999 -999 -999 -999 -999 -999 -999 -999 -999 -999 1009 1009 1009 1009 1009 1009 1009 1009 1009 1009 1054 1039 1039 1039 1055 1024 1024 1032 1046 1056 1055 1045 1049 1048 1056 1056 1057 1049 1049 1037 1035 1058 1056 1059 1059 1057 1058 1048 1057 1059 1058 1059 1058 1059 1058 1060 1052 1058 1059 1061 1043 1062 1061 1062 1048 1060 1040 1053 1063 1063 1058 1058 1053 1034 1054 1060 1050 1064 1057 1064 1065 1065
-999 -999 -999 -999 -999 -999 -999 -999 -999 -999 -999 -999 -999 -999 -999 -999 1009 1009 1009 1009 1009 1009 1009 1009 1009 1009 1009 1054 1040 1040 1033 1023 1032 1032 1039 1055 1056 1050 1040 1048 1053 1057 1058 1056 1058 1040 1033 1055 1057 1056 1059 1051 1058 1042 1059 1059 1059 1040 1027 1040 1056 1061 1060 1033 991 1060 1036 1062 1061 1062 1058 1044 1046 1063 1064 1062 1060 1058 1057 1044 1054 1034 1046 1062 1062 1064 1065 1065
-999 -999 -999 -999 -999 -999 -999 -999 -999 -999 -999 -999 -999 -999 -999 -999 1009 1009 1009 1009 1009 1009 1009 1009 1009 1009 1009 1054 1054 1055 1039 1048 1055 1041 1039 1055 1055 1055 1046 1055 1048 1056 1056 1057 1058 1050 1035 1044 1045 1037 1035 1045 1042 1035 1051 1059 1059 1059 1058 1052 1060 1061 1061 1049 1027 1060 1052 1056 1058 1054 1043 1058 1060 1047 1037 1051 1059 1059 1058 1059 1047 1028 1060 1047 1035 1064 1065 1065
-999 -999 -999 -999 -999 -999 -999 -999 -999 -999 -999 -999 -999 -999 -999 -999 1009 1009 1009 1009 1009 1009 1009 1009 1009 1009 1009 1000 1022 1052 1027 1042 1055 1037 1027 1047 1056 1056 1057 1056 1056 1056 1056 1057 1058 1058 1045 1048 1030 1031 1029 1049 1048 1034 1056 1059 1059 1058 1057 1058 1060 1061 1062 1061 1061 1063 1063 1063 1062 1061 1057 1058 1060 1061 1058 1056 1056 1058 1058 1051 1062 1063 1064 1064 1064 1065 1065 1066
-999 -999 -999 -999 -999 -999 -999 -999 -999 -999 -999 -999 -999 -999 -999 -999 1036 1036 1036 1036 1036 1036 1036 1036 1036 1036 1036 1046 1047 1034 1037 1046 1044 1045 1034 1048 1055 1056 1056 1048 1056 1048 1056 1057 1059 1041 1057 1056 1018 1030 1042 1037 1048 1057 1059 1059 1043 1052 1058 1059 1060 1060 1053 1055 1062 1056 1061 1059 1061 1061 1059 1059 1060 1061 1060 1059 1059 1059 1059 1057 1060 1059 1064 1064 1064 1065 1066 1056
-999 -999 -999 -999 -999 -999 -999 -999 -999 -999 -999 -999 -999 -999 -999 -999 1053 1053 1053 1053 1053 1053 1053 1053 1053 1053 1053 1046 1048 1038 1038 1042 1028 1037 1044 1044 1055 1053 1056 1057 1056 1053 1042 1058 1058 1059 1048 1041 1041 1056 1057 1029 1056 1056 1058 1057 1023 1040 1059 1036 1044 1046 1060 1062 1051 1053 1038 1045 1033 1037 1058 1058 1047 1049 1057 1059 1059 1059 1059 1060 1057 1062 1066 1046 1056 1066 1067 1057
-999 -999 -999 -999 -999 -999 -999 -999 -999 -999 -999 -999 -999 -999 -999 -999 1053 1053 1053 1053 1053 1053 1053 1053 1053 1053 1053 1032 1053 1038 1033 1027 1029 1047 1048 1037 1053 1041 1056 1057 1057 1057 1050 1058 1060 1058 1059 1048 1056 1056 1034 1027 1048 1048 1058 1057 1042 1040 1045 1058 1063 1062 1063 1054 1054 1048 1054 1037 1051 1058 1059 1059 1060 1059 1057 1057 1059 1060 1060 1054 1055 1061 1064 1047 1067 1054 1058 1065
-999 -999 -999 -999 -999 -999 -999 -999 -999 -999 -999 -999 -999 -999 -999 -999 1053 1053 1053 1053 1053 1053 1053 1053 1053 1025 1025 1025 1025 1029 1055 1025 1034 1040 1037 1041 1038 1050 1056 1057 1057 1058 1058 1057 1061 1059 1057 1056 1056 1056 1035 1034 1054 1050 1049 1056 1057 1060 1053 1062 1061 1058 1064 1064 1052 1053 1057 1042 1033 1037 1054 1033 1059 1060 1059 1057 1060 1060 1060 1060 1060 1061 1063 1067 1069 1069 1063 1069
-999 -999 -999 -999 -999 -999 -999 -999 -999 -999 -999 -999 -999 -999 -999 -999 1053 1053 1053 1053 1053 1053 1053 1041 1041 1041 1041 1041 1051 1053 1051 1044 1049 1049 1054 1041 1039 1041 1057 1058 1059 1059 1051 1059 1042 1036 1030 1048 1055 1056 1026 1055 1044 1038 1040 1055 1057 1061 1063 1063 1062 1051 1065 1065 1064 1066 1045 1054 1041 1014 1041 1054 1061 1059 1060 1060 1061 1029 1052 1061 1045 1046 1065 1070 1070 1070 1070 1044
-999 -999 -999 -999 -999 -999 -999 -999 -999 -999 -999 -999 -999 -999 -999 -999 1053 1053 1053 1038 1038 1038 1038 1038 1038 1038 1038 1038 1051 1025 1027 1050 1054 1045 1053 1057 1058 1047 1051 1046 1047 1059 1059 1059 1055 1053 1034 1038 1055 1055 1055 1055 1056 1057 1034 1019 1061 1063 1064 1065 1064 1062 1055 1065 1065 1060 1040 1047 1056 1031 1055 1068 1060 1053 1058 1061 1064 1032 1054 1046 1040 1040 1069 1071 1068 1066 1061 1046
-999 -999 -999 -999 -999 -999 -999 -999 -999 -999 -999 -999 -999 -999 -999 -999 1053 1038 1038 1038 1038 1038 1038 1038 1038 1038 1038 1038 1038 1025 1006 1053 1055 1046 1047 1045 1058 1049 1049 1046 1049 1059 1059 1060 1058 1057 1056 1047 1037 1055 1055 1056 1056 1057 1059 1049 1052 1062 1066 1067 1065 1064 1065 1063 1066 1067 1054 1053 1068 1059 1051 1055 1056 1052 1059 1048 1041 1062 1062 1045 1032 1042 1054 1049 1046 1045 1055 1054
