prediction/untitled folder/solar_ghi_19900101_22UT.txt
NCOLS 839
NROWS 679
XLLCORNER 112.025005
YLLCORNER -43.9750009
CELLSIZE 0.0499954
NODATA_VALUE -999
[rows 378 to 419 of 679, columns 564 to 657 of 839]
560 555 571 572 569 567 582 573 564 591 583 572 576 563 573 594 592 570 567 599 605 589 584 596 607 595 595 610 610 599 611 609 612 614 585 599 610 618 619 620 623 622 625 615 625 582 589 601 629 631 617 600 611 587 633 629 613 623 637 635 611 614 630 626 634 632 631 626 629 640 641 641 642 638 643 644 641 642 641 647 647 640 637 638 649 640 590 619 619 635 605 644 656 647
573 550 550 569 564 572 576 577 576 595 573 584 583 556 587 591 601 603 600 602 606 606 606 591 600 607 609 604 587 601 612 612 611 612 599 607 616 617 619 620 621 623 625 627 626 607 583 562 628 631 607 608 598 613 636 637 625 622 636 635 629 619 625 626 628 638 634 613 639 640 635 641 636 641 644 645 639 646 641 642 643 639 639 639 645 647 630 646 654 657 642 637 647 646
577 574 560 572 575 574 568 575 584 601 586 588 588 568 591 592 596 598 596 603 606 606 607 595 605 592 610 607 577 606 612 587 599 599 600 606 611 617 618 619 621 621 608 607 626 628 599 627 628 607 550 580 633 622 636 637 637 636 625 625 636 627 630 637 630 638 639 639 640 627 621 636 637 641 642 641 640 642 641 642 646 639 639 635 652 653 654 651 656 657 658 640 657 655
586 579 581 568 591 577 580 583 589 598 588 593 601 568 590 597 585 585 588 595 606 606 599 603 609 603 605 610 600 610 611 596 605 608 614 616 610 612 618 619 621 622 623 621 625 627 627 626 617 631 632 631 626 582 581 634 618 612 620 611 620 635 637 637 635 629 639 640 640 641 623 636 643 644 645 643 643 647 648 649 640 632 639 647 652 653 629 655 642 656 657 653 658 659
594 580 573 596 596 579 598 586 595 588 585 600 600 577 589 598 582 588 589 587 595 591 597 608 605 609 606 611 608 611 602 605 607 615 616 616 616 617 619 620 617 617 623 625 626 612 612 606 624 606 626 634 635 636 633 635 635 623 604 611 617 634 636 638 635 628 621 626 641 641 629 632 639 644 645 646 647 647 648 649 633 640 645 651 649 653 613 655 642 651 648 647 651 651
578 580 567 594 596 579 588 584 598 596 589 600 593 588 589 598 582 584 591 583 583 592 601 609 599 596 604 603 607 610 589 601 606 616 616 616 615 618 619 620 617 623 623 624 625 620 627 598 617 610 604 616 617 635 637 634 628 625 610 605 632 622 633 638 630 636 624 632 629 642 643 643 644 641 641 646 646 644 648 649 650 651 651 652 650 654 638 655 656 656 657 657 659 659
560 551 559 562 592 580 566 580 572 591 591 591 568 581 591 596 592 592 597 600 597 591 596 603 604 604 598 599 611 609 600 580 605 616 616 615 616 615 616 615 619 622 623 624 626 627 600 604 605 614 633 623 625 635 636 627 619 633 611 610 629 620 625 637 635 630 630 641 642 642 643 644 640 642 641 642 634 635 645 639 646 651 652 652 633 654 655 653 656 656 657 653 657 659
589 593 594 559 553 566 587 599 587 598 579 593 595 579 565 569 579 595 594 596 601 607 609 574 573 612 596 613 612 607 615 606 615 616 613 611 605 611 613 616 604 620 623 624 625 626 600 603 596 612 634 635 622 632 628 608 617 626 626 627 632 628 630 620 638 631 641 636 641 642 643 642 642 642 635 634 643 645 645 639 640 651 646 653 643 633 642 641 656 655 643 651 654 654
585 574 558 574 564 582 575 575 557 592 579 591 603 595 601 596 581 574 580 584 599 596 596 601 568 585 577 613 614 604 615 616 616 617 611 602 612 619 620 622 614 622 623 625 626 620 631 606 604 612 634 635 623 614 611 610 610 630 636 630 629 634 635 625 640 640 640 627 631 642 643 638 638 637 646 647 648 649 647 647 651 651 651 653 654 631 643 653 632 630 644 645 651 655
595 588 555 572 587 585 549 586 579 584 583 601 599 601 593 582 597 607 607 594 581 587 610 611 612 612 601 604 608 614 612 614 612 617 617 619 619 620 621 622 620 615 619 625 618 601 630 632 634 626 632 635 630 618 626 628 619 619 616 608 631 635 635 636 640 640 641 637 638 643 643 645 641 633 647 648 648 649 648 650 650 651 646 642 653 644 646 650 657 658 655 649 660 658
584 577 580 570 585 560 549 571 582 575 573 583 583 593 594 580 570 586 600 600 609 609 609 610 604 598 600 586 598 580 601 599 615 617 618 618 616 608 598 599 600 600 624 616 622 603 630 632 633 634 632 635 636 629 635 635 623 605 615 612 637 638 638 635 635 632 641 642 642 642 644 645 646 644 647 647 642 649 644 650 644 651 647 644 655 656 648 656 657 658 659 660 660 641
596 567 574 549 581 547 554 552 585 577 591 573 579 592 588 582 575 569 578 575 593 608 585 597 611 597 614 598 605 593 584 606 608 610 611 610 617 594 600 609 613 605 604 605 630 627 631 632 633 633 633 627 634 635 635 628 632 632 629 628 635 638 639 639 640 632 641 642 637 633 644 645 646 647 647 647 637 649 646 649 640 652 653 649 654 654 652 656 657 656 659 660 651 654
596 570 565 551 589 579 583 572 595 580 589 583 588 589 577 576 585 595 594 590 610 610 610 611 612 613 608 614 614 614 600 593 605 593 573 594 613 609 603 609 607 612 619 628 629 630 631 632 620 616 634 634 634 635 632 625 597 612 629 624 635 630 639 640 641 637 632 642 639 637 644 645 646 647 644 643 635 650 650 645 646 653 654 652 651 656 656 657 657 656 647 656 655 661
575 563 578 577 590 588 584 591 595 581 591 600 599 590 598 592 598 608 609 590 610 610 610 611 612 613 614 615 610 609 617 611 604 592 587 598 602 605 604 617 600 612 613 618 627 628 629 631 633 614 602 609 629 634 633 619 636 632 635 603 623 632 635 640 640 641 639 638 638 644 644 645 646 636 648 645 631 639 651 647 650 640 640 652 655 656 652 653 645 615 642 661 654 654
575 559 577 586 580 567 579 582 589 582 601 602 598 602 593 601 602 608 609 594 609 606 603 603 594 594 613 615 616 612 615 618 616 619 618 605 604 606 608 608 600 596 600 620 612 624 629 630 617 616 617 633 634 635 622 628 615 612 637 639 638 635 630 635 641 642 638 642 643 644 645 645 646 647 647 645 626 632 647 651 647 617 630 642 643 651 643 641 626 525 660 661 656 661
589 576 577 577 584 566 578 585 581 580 588 602 606 607 593 600 593 600 609 608 604 600 591 611 606 594 607 615 616 608 605 612 619 620 621 620 612 617 600 619 607 620 594 612 625 627 629 625 627 611 615 614 634 635 630 636 606 629 636 632 639 639 638 636 641 642 642 643 639 632 638 645 646 648 648 649 648 638 652 652 654 649 647 649 656 652 651 658 634 660 658 641 663 658
562 547 571 565 581 579 582 598 603 599 597 604 598 599 589 597 592 575 608 610 591 586 608 611 612 613 613 615 611 601 597 604 603 605 621 622 623 616 608 611 603 596 605 617 625 628 627 616 624 625 626 609 612 634 635 636 629 635 636 639 639 635 640 641 640 632 643 643 644 645 625 632 634 648 649 650 651 646 641 653 654 655 656 647 656 657 650 658 623 660 661 661 644 619
584 563 598 585 569 563 558 578 594 579 590 598 582 580 572 574 594 604 607 603 592 594 601 593 604 605 615 615 616 600 593 614 590 590 598 622 623 592 608 609 614 594 597 615 614 619 620 624 631 632 620 630 621 635 633 636 632 636 639 639 635 637 640 641 642 640 643 643 644 643 640 643 643 638 647 646 650 651 652 649 633 632 656 656 643 650 653 659 652 654 661 662 664 661
601 599 588 593 562 576 582 570 570 576 571 564 594 592 567 565 565 567 586 588 581 606 613 611 598 603 611 607 608 600 587 614 605 602 617 621 590 593 616 620 619 613 607 614 610 614 622 631 632 630 627 634 632 620 598 632 631 632 639 635 636 640 640 641 641 637 638 643 645 645 647 648 645 645 637 639 646 645 649 645 637 639 656 654 641 653 659 598 661 661 661 652 660 664
595 591 574 592 578 563 574 589 589 597 604 606 607 608 583 599 599 609 610 611 611 612 607 611 614 615 614 594 584 569 567 570 580 621 614 599 493 579 626 622 604 620 619 624 629 629 630 631 622 618 634 634 630 615 588 611 634 638 638 633 640 640 641 641 642 636 639 641 633 646 647 648 646 650 648 647 645 649 649 648 655 650 651 655 648 650 659 618 649 660 662 663 664 665
584 596 599 589 587 592 598 603 595 582 600 606 602 607 597 596 593 609 610 604 602 591 601 605 608 614 615 617 619 595 591 610 596 619 576 617 561 552 580 587 614 621 617 623 629 629 630 632 620 622 634 635 630 633 636 616 626 637 638 638 640 641 640 637 643 637 644 642 636 640 642 648 649 647 651 648 649 653 654 655 652 614 653 645 657 652 649 628 644 655 656 659 664 665
573 585 594 589 594 601 600 589 584 588 603 606 601 600 600 568 600 608 605 600 604 612 613 613 603 593 603 617 619 608 601 620 613 597 582 625 625 624 622 625 616 616 627 624 605 622 630 631 633 633 633 634 630 636 638 636 634 636 639 639 640 641 642 639 643 639 644 645 640 630 641 643 649 650 651 649 645 654 654 656 657 594 657 630 654 655 633 622 650 656 650 657 664 665
568 577 591 585 593 590 584 580 581 590 605 606 604 597 607 596 605 601 597 603 611 593 601 605 597 600 609 617 619 617 603 620 620 601 585 615 622 625 626 627 628 628 629 629 625 622 626 628 632 626 634 622 615 628 636 638 638 639 639 637 627 630 638 639 641 642 645 644 631 634 648 646 643 650 648 643 648 652 647 651 658 658 654 635 648 639 612 626 658 662 656 662 664 665
582 577 596 582 574 567 576 599 601 590 600 596 604 597 599 608 604 608 608 603 610 596 605 611 610 615 614 617 616 603 619 619 621 621 602 607 604 600 615 613 624 628 628 629 624 629 627 628 630 633 634 615 626 637 635 632 616 625 640 638 629 624 642 626 633 635 642 646 634 634 634 633 624 642 642 627 653 654 656 656 657 655 640 646 659 624 622 645 658 656 658 664 660 664
584 567 581 596 576 568 585 599 596 596 595 598 605 605 593 575 606 599 610 609 610 610 592 598 611 613 616 617 618 615 619 620 621 613 608 608 599 607 607 594 616 628 629 624 597 619 624 628 632 629 634 636 636 637 638 639 639 636 640 641 642 634 628 643 643 629 644 636 648 647 634 619 602 610 632 642 654 654 646 657 657 658 619 642 657 661 662 659 652 662 663 664 660 665
573 557 582 597 586 584 589 583 580 598 600 605 607 583 600 565 593 587 601 610 611 611 596 587 600 605 614 612 617 618 618 619 621 613 605 597 589 614 619 619 617 625 629 617 577 619 627 628 631 625 634 635 636 636 637 639 640 640 640 641 642 643 640 641 645 616 646 648 649 633 602 626 652 653 648 651 651 655 625 652 655 656 654 629 651 660 661 662 659 663 663 664 665 666
548 563 565 574 595 594 588 592 580 575 602 606 607 556 596 582 564 597 603 610 612 613 603 599 613 603 576 592 606 604 616 612 614 620 619 603 582 600 618 626 627 628 629 621 607 630 627 619 625 623 624 630 636 636 628 634 639 640 640 635 642 643 640 641 645 645 641 648 647 617 634 651 652 652 626 637 617 555 597 651 657 650 651 641 648 656 660 662 663 663 653 665 650 666
569 559 576 571 575 560 558 575 586 590 595 591 608 547 575 596 596 607 606 605 605 604 587 591 615 596 550 610 615 600 616 617 593 620 622 608 602 584 599 626 627 628 629 620 622 630 631 624 627 630 629 635 633 616 611 620 639 640 640 640 621 643 643 623 645 645 644 648 650 619 608 641 650 641 604 602 642 654 571 639 619 652 660 657 657 656 655 662 663 659 653 653 638 656
591 588 582 593 589 590 581 582 597 560 564 581 591 596 609 590 585 598 611 602 605 611 609 601 605 616 609 614 617 600 612 617 621 613 623 606 604 602 582 601 627 626 611 606 615 624 631 629 630 633 627 634 636 611 611 628 636 637 640 641 628 643 644 633 645 640 646 649 649 629 608 621 618 654 638 611 656 658 649 646 651 660 655 654 659 659 658 662 663 658 659 655 632 630
571 583 579 580 585 596 592 592 591 593 606 600 566 593 609 610 609 606 611 612 613 613 613 605 612 613 613 612 614 616 618 617 621 622 618 625 625 622 602 592 626 612 590 606 611 608 629 620 630 632 627 630 636 622 620 636 639 640 641 636 643 643 644 645 646 647 647 649 651 653 652 618 610 655 642 641 645 657 651 644 650 648 651 654 659 661 658 663 659 652 653 622 643 644
571 566 560 580 593 603 598 587 589 588 599 588 528 577 603 610 610 602 602 605 604 605 607 605 609 616 606 586 602 618 616 618 621 622 617 600 622 626 616 602 600 616 622 613 619 625 622 620 623 623 628 628 629 637 635 639 639 640 641 636 643 643 641 645 646 648 644 644 651 653 653 645 633 655 624 651 629 627 618 625 633 631 646 651 645 649 643 637 629 647 658 645 666 669
559 583 573 586 596 587 596 593 581 583 582 606 581 589 598 601 609 603 602 602 609 614 602 592 604 606 610 617 618 614 619 614 621 622 623 608 599 626 619 586 584 598 630 631 631 632 627 625 626 626 628 629 636 638 635 633 639 640 641 642 639 638 635 646 647 624 606 601 635 652 652 654 655 654 641 645 609 619 629 634 622 639 628 608 622 623 624 619 616 663 668 668 669 670
554 583 588 575 583 584 593 594 589 590 576 587 594 604 610 591 598 608 611 611 613 614 598 606 606 609 616 617 612 616 608 616 616 621 623 624 617 621 617 627 629 626 624 628 631 631 632 630 632 633 628 632 636 638 637 627 621 640 641 641 632 635 639 645 647 621 575 608 612 636 653 653 654 630 656 652 635 661 662 623 616 631 626 585 592 595 652 636 656 662 667 668 669 670
566 575 579 580 588 590 600 601 602 599 584 565 584 608 607 597 600 604 611 609 613 614 600 592 611 609 617 609 613 612 602 597 611 618 623 623 623 626 619 625 622 629 629 622 631 631 632 632 629 624 632 636 637 638 637 638 623 635 640 642 643 644 639 646 648 651 617 630 639 638 651 653 654 621 656 658 660 661 662 645 613 636 665 649 624 641 650 649 650 664 668 668 669 666
598 585 594 600 595 578 593 595 599 591 592 593 595 592 597 603 607 600 595 590 608 614 615 582 611 607 617 612 613 601 614 610 612 622 623 623 624 625 626 626 613 628 629 630 631 631 632 627 625 631 635 636 636 638 638 639 615 630 636 642 636 644 645 646 648 651 652 651 651 650 651 632 622 627 635 644 645 641 653 661 664 665 665 665 665 666 650 651 666 667 667 668 669 665
586 594 595 588 578 593 585 577 598 605 605 605 606 577 602 597 604 605 593 594 600 598 612 616 609 610 615 615 612 604 613 621 621 622 619 612 624 625 626 627 620 628 623 630 631 631 632 629 628 631 635 635 637 638 638 639 634 631 638 642 641 644 645 646 648 650 651 651 650 638 652 654 645 644 648 650 658 661 661 647 664 664 664 665 665 656 652 653 651 656 667 668 663 663
529 565 590 590 590 599 603 604 603 571 599 607 572 582 609 610 587 592 597 581 593 614 601 615 611 602 614 618 615 616 610 619 622 617 607 613 621 622 625 624 621 628 622 630 631 631 631 633 633 634 634 631 636 635 638 639 640 641 642 642 644 645 646 647 646 644 650 650 650 633 644 653 655 656 658 659 660 662 662 661 662 663 664 663 658 625 633 665 667 667 664 667 668 669
573 584 590 580 583 578 595 603 598 598 606 607 606 607 609 610 611 611 612 612 605 615 616 614 616 615 612 612 615 618 619 612 618 622 620 621 621 621 615 623 623 628 629 626 631 631 631 632 633 630 634 631 636 637 638 639 636 641 642 643 644 645 646 647 648 642 632 650 651 643 650 651 654 655 656 658 659 661 661 663 663 663 663 663 655 638 656 665 664 664 668 668 668 669
582 591 599 584 595 588 586 601 594 605 606 607 607 605 604 606 610 607 607 613 614 607 614 615 616 604 613 608 607 610 620 621 622 622 610 618 624 624 623 626 627 628 629 630 630 631 628 632 627 628 632 633 637 637 639 637 630 630 640 640 634 643 646 642 634 646 616 645 651 640 653 654 654 655 656 657 658 660 661 662 662 663 638 634 665 661 665 667 667 667 662 664 663 669
584 592 592 586 586 596 581 596 588 605 606 606 607 606 609 596 601 600 594 604 597 597 613 615 616 609 595 607 610 610 620 618 608 612 623 623 607 622 611 626 627 628 629 625 629 630 628 628 633 635 635 632 616 634 638 633 640 641 638 642 642 640 641 628 592 626 627 630 649 633 650 654 654 655 656 658 645 652 661 662 656 663 637 627 666 667 667 667 667 668 664 664 664 667
578 584 585 587 578 592 584 600 584 605 605 603 607 606 603 606 609 610 605 598 590 572 598 615 616 612 611 617 619 620 602 604 618 619 618 611 605 623 626 613 624 618 618 625 623 622 631 632 633 635 635 632 634 637 634 639 640 637 639 644 645 645 647 637 586 594 625 644 652 651 644 644 655 655 657 658 640 630 643 662 641 665 664 662 667 666 666 667 667 668 668 665 670 666
576 582 588 593 581 584 590 603 587 593 600 593 601 604 609 608 609 611 611 602 594 567 596 615 617 615 618 618 619 619 618 617 619 623 621 617 605 624 615 616 627 628 618 616 623 627 631 632 633 630 631 636 632 632 635 636 640 641 639 638 638 645 646 648 617 650 651 651 652 653 654 654 654 656 658 659 660 603 608 632 664 665 666 666 665 663 662 666 667 668 669 670 671 668
