prediction/untitled folder/solar_ghi_19900101_02UT.txt
NCOLS 839
NROWS 679
XLLCORNER 112.025005
YLLCORNER -43.9750009
CELLSIZE 0.0499954
NODATA_VALUE -999
[rows 608 to 645 of 679, columns 602 to 687 of 839]
-999 -999 -999 -999 -999 -999 -999 -999 -999 -999 -999 -999 -999 -999 -999 -999 -999 -999 -999 -999 -999 -999 -999 -999 -999 1048 1048 1048 1048 1048 1048 1048 1048 1048 1048 1048 1047 1047 1047 1047 1047 1047 1047 1027 1027 1027 1027 1027 1027 1027 1027 1027 1027 1027 1036 1036 1036 1036 1036 1036 1036 1036 1036 1036 1044 1044 1044 1044 1045 1045 1045 1045 1045 1046 1046 1046 1046 1046 1046 1046 -999 -999 -999 -999 -999 -999
-999 -999 -999 -999 -999 -999 -999 -999 -999 -999 -999 -999 -999 -999 -999 -999 -999 -999 -999 -999 -999 -999 -999 -999 -999 1048 1048 1048 1048 1048 1048 1048 1048 1048 1048 1048 1047 1047 1047 1047 1047 1047 1004 1004 1027 1027 1027 1027 1027 1027 1027 1027 1027 1027 1036 1036 1036 1036 1036 1036 1036 1036 1044 1044 1044 1044 1044 1045 1045 1045 1045 1045 1045 1046 1046 1044 1044 1044 1044 1044 1044 1044 -999 -999 -999 -999
-999 -999 -999 -999 -999 -999 -999 -999 -999 -999 -999 -999 -999 -999 -999 -999 -999 -999 -999 -999 -999 -999 -999 -999 -999 1048 1048 1048 1048 1048 1048 1048 1048 1048 1048 1048 1047 1047 1047 1047 1047 1047 1004 1004 1004 1004 1004 1004 1027 1027 1027 1027 1027 1027 1036 1036 1036 1036 1036 1036 1036 1044 1044 1044 1044 1044 1044 1045 1045 1045 1045 1045 1046 1046 1046 1044 1044 1044 1044 1044 1044 1044 1044 1044 -999 1041
-999 -999 -999 -999 -999 -999 -999 -999 -999 -999 -999 -999 -999 -999 -999 -999 -999 -999 -999 -999 -999 -999 -999 -999 -999 1048 1048 1048 1048 1048 1048 1048 1048 1048 1048 1048 1047 1047 1047 1047 1047 1004 1004 1004 1004 1004 1004 1004 1004 1004 1004 1004 1027 1027 1010 1010 1010 1010 1010 1010 1029 1044 1044 1044 1044 1044 1044 1045 1045 1045 1045 1045 1046 1046 1044 1044 1044 1044 1042 1042 1042 1042 1042 1042 1042 1043
-999 -999 -999 -999 -999 -999 -999 -999 -999 -999 -999 -999 -999 -999 -999 -999 -999 -999 -999 -999 -999 -999 -999 -999 -999 -999 -999 -999 -999 -999 -999 -999 -999 -999 -999 -999 -999 -999 -999 -999 962 1004 1004 1004 1004 1004 1004 1004 1004 1004 1004 1004 1004 1014 1010 1010 1010 1010 1010 1029 1044 1044 1044 1044 1044 1044 1044 1045 1045 1045 1045 1046 1046 1046 1044 1044 1044 1044 1042 1042 1042 1042 1042 1042 1042 1041
-999 -999 -999 -999 -999 -999 -999 -999 -999 -999 -999 -999 -999 -999 -999 -999 -999 -999 -999 -999 -999 -999 -999 -999 -999 -999 -999 -999 -999 -999 -999 -999 -999 -999 -999 -999 -999 -999 -999 -999 962 1004 1004 1004 1004 1004 1004 1004 1004 1004 1004 1004 1004 1014 1010 1010 1010 1010 1029 1029 1044 1044 1044 1044 1044 1044 1044 1045 1045 1045 1045 1046 1046 1044 1044 1044 1044 1042 1042 1042 1042 1042 1042 1042 1042 1041
-999 -999 -999 -999 -999 -999 -999 -999 -999 -999 -999 -999 -999 -999 -999 -999 -999 -999 -999 -999 -999 -999 -999 -999 -999 -999 -999 -999 -999 -999 -999 -999 -999 -999 -999 -999 -999 -999 -999 -999 962 962 962 1004 1004 1004 1004 1004 1004 1004 1004 1004 1006 1014 1014 1010 1039 1029 1029 1045 1044 1044 1044 1044 1044 1044 1044 1045 1045 1045 1046 1046 1046 1044 1044 1044 1044 1042 1042 1042 1042 1042 1042 1042 1042 1041
-999 -999 -999 -999 -999 -999 -999 -999 -999 -999 -999 -999 -999 -999 -999 -999 -999 -999 -999 -999 -999 -999 -999 -999 -999 -999 -999 -999 -999 -999 -999 -999 -999 -999 -999 -999 -999 -999 -999 -999 962 962 962 962 962 962 962 962 1004 1004 971 971 971 983 1007 1018 1039 1029 1029 1045 1044 1044 1044 1044 1044 1044 1044 1045 1045 1045 1046 1046 1044 1044 1044 1044 1044 1042 1042 1042 1042 1042 1042 1042 1042 1041
-999 -999 -999 -999 -999 -999 -999 -999 -999 -999 -999 -999 -999 -999 -999 -999 -999 -999 -999 -999 -999 -999 -999 -999 -999 -999 -999 -999 -999 -999 -999 -999 -999 -999 -999 -999 -999 -999 -999 -999 962 962 962 962 962 962 962 962 962 962 965 965 965 948 1017 1022 1047 1025 1022 1045 1044 1044 1044 1044 1044 1044 1044 1045 1045 1046 1046 1046 1044 1044 1044 1044 1044 1042 1042 1042 1042 1042 1042 1042 1042 1041
-999 -999 -999 -999 -999 -999 -999 -999 -999 -999 -999 -999 -999 -999 -999 -999 -999 -999 -999 -999 -999 -999 -999 -999 -999 -999 -999 -999 -999 -999 -999 -999 -999 -999 -999 -999 -999 -999 -999 -999 962 962 962 962 962 962 962 962 962 962 962 985 985 971 1045 1045 1045 1040 1020 1044 1044 1044 1043 1044 1044 1044 1044 1045 1045 1046 1046 1044 1044 1044 1044 1044 1043 1042 1042 1042 1042 1042 1042 1042 1042 1041
-999 -999 -999 -999 -999 -999 -999 -999 -999 -999 -999 -999 -999 -999 -999 -999 -999 -999 -999 -999 -999 -999 -999 -999 -999 -999 -999 -999 -999 -999 -999 -999 -999 -999 -999 -999 -999 -999 -999 -999 962 962 962 962 962 962 962 962 962 962 962 933 938 987 1044 1044 1044 1044 1035 1012 1043 1043 1042 1043 1044 1045 1043 1044 1046 1046 1046 1044 1044 1044 1044 1044 1043 1042 1042 1042 1042 1042 1042 1042 1042 1041
-999 -999 -999 -999 -999 -999 -999 -999 -999 -999 -999 -999 -999 -999 -999 -999 -999 -999 -999 -999 -999 -999 -999 -999 -999 -999 -999 -999 -999 -999 -999 -999 -999 -999 -999 -999 -999 -999 -999 -999 949 949 949 949 949 949 949 949 949 949 949 888 857 856 1019 1043 1044 1043 1043 1023 1043 1043 1042 1042 1043 1043 1043 1043 1044 1044 1044 1044 1044 1044 1044 1043 1043 1042 1042 1042 1042 1042 1042 1042 1042 1041
-999 -999 -999 -999 -999 -999 -999 -999 -999 -999 -999 -999 -999 -999 -999 -999 -999 -999 -999 -999 -999 -999 -999 -999 -999 -999 -999 -999 -999 -999 -999 -999 -999 -999 -999 -999 -999 -999 -999 -999 949 949 949 949 949 949 949 949 949 949 949 861 857 675 976 1025 1043 1043 1042 1042 1042 1042 1042 1042 1042 1042 1042 1042 1043 1043 1043 1042 1044 1044 1044 1043 1043 1042 1042 1042 1042 1042 1042 1042 1042 1041
-999 -999 -999 -999 -999 -999 -999 -999 -999 -999 -999 -999 -999 -999 -999 -999 -999 -999 -999 -999 -999 -999 -999 -999 -999 -999 -999 -999 -999 -999 -999 -999 -999 -999 -999 -999 -999 -999 -999 -999 949 949 949 949 949 949 949 949 949 951 951 951 957 866 965 1017 1043 1042 1010 1034 1042 1041 1042 1041 1041 1042 1042 1042 1042 1042 1042 1042 1042 1042 1043 1043 1043 1042 1042 1042 1042 1042 1042 1042 1042 1041
-999 -999 -999 -999 -999 -999 -999 -999 -999 -999 -999 -999 -999 -999 -999 -999 -999 -999 -999 -999 -999 -999 -999 -999 -999 -999 -999 -999 -999 -999 -999 -999 -999 -999 -999 -999 -999 -999 -999 -999 949 949 949 949 949 949 949 852 852 852 852 852 775 684 875 996 1016 1016 1022 1004 1011 1041 1041 1041 1041 1041 1042 1041 1042 1041 1041 1041 1041 1041 1041 1042 1042 1042 1026 1042 1042 1042 1042 1042 1042 1041
-999 -999 -999 -999 -999 -999 -999 -999 -999 -999 -999 -999 -999 -999 -999 -999 -999 -999 -999 -999 -999 -999 -999 -999 -999 -999 -999 -999 -999 -999 -999 -999 -999 -999 -999 -999 -999 -999 -999 -999 949 949 949 822 822 822 822 822 822 822 822 822 594 620 778 950 992 1002 1010 1000 991 1016 1013 1031 1041 1041 1041 1041 1041 1041 1041 1041 1040 1041 1041 1041 1041 1041 1041 1041 1043 1042 1042 1042 1042 1041
-999 -999 -999 -999 -999 -999 -999 -999 -999 -999 -999 -999 -999 -999 -999 -999 -999 -999 -999 -999 -999 -999 -999 -999 -999 -999 -999 -999 -999 -999 -999 -999 -999 -999 -999 -999 -999 -999 -999 -999 949 822 822 822 822 822 822 822 822 822 822 822 550 666 788 796 938 980 993 994 981 968 964 1002 1041 1041 1041 1041 1041 1041 1041 1041 1040 1040 1040 1040 1040 1040 1041 1041 1041 1042 1041 1041 1042 1042
-999 -999 -999 -999 -999 -999 -999 -999 -999 -999 -999 -999 -999 -999 -999 -999 -999 -999 -999 -999 -999 -999 -999 -999 -999 -999 -999 -999 -999 -999 -999 -999 -999 -999 -999 -999 -999 -999 -999 -999 949 822 822 822 822 822 822 822 822 822 839 839 839 763 789 920 941 957 977 984 996 930 926 956 995 1040 1040 1040 1041 1041 1040 1040 1040 1040 1040 1040 1040 1039 1039 1040 1040 1039 1040 1041 1041 1041
-999 -999 -999 -999 -999 -999 -999 -999 -999 -999 -999 -999 -999 -999 -999 -999 -999 -999 -999 -999 -999 -999 -999 -999 -999 -999 -999 -999 -999 -999 -999 -999 -999 -999 -999 -999 -999 -999 -999 -999 949 822 822 822 822 822 822 822 839 839 839 839 839 942 892 948 831 917 959 951 961 916 916 930 956 1009 998 1019 1040 1040 1040 1040 1040 1040 1040 1039 1039 1039 1039 1039 1039 1039 1040 1033 1040 1041
-999 -999 -999 -999 -999 -999 -999 -999 -999 -999 -999 -999 -999 -999 -999 -999 -999 -999 -999 -999 -999 -999 -999 -999 -999 -999 -999 -999 -999 -999 -999 -999 -999 -999 -999 -999 -999 -999 -999 -999 949 822 822 822 822 822 839 839 839 839 839 1007 1007 1007 969 923 683 736 903 943 909 920 930 930 900 984 978 1003 1039 1039 1039 1039 1039 1039 1039 1038 1038 1039 1038 1039 1038 1039 1039 1040 1040 1040
-999 -999 -999 -999 -999 -999 -999 -999 -999 -999 -999 -999 -999 -999 -999 -999 -999 -999 -999 -999 -999 -999 -999 -999 -999 -999 -999 -999 -999 -999 -999 -999 -999 -999 -999 -999 -999 -999 -999 -999 949 822 822 822 839 839 839 839 839 1007 1007 1007 1007 1007 911 866 768 687 697 949 946 950 976 956 845 979 1008 1031 1038 1038 1038 1039 1038 1039 1038 1038 1038 1038 1038 1038 1038 1038 1038 1039 1040 1040
-999 -999 -999 -999 -999 -999 -999 -999 -999 -999 -999 -999 -999 -999 -999 -999 -999 -999 -999 -999 -999 -999 -999 -999 -999 -999 -999 -999 -999 -999 -999 -999 -999 -999 -999 -999 -999 -999 -999 -999 949 822 839 839 839 839 839 1007 1007 1007 1007 1007 959 959 959 907 878 824 745 730 774 924 878 693 865 915 987 1030 1038 1037 1038 1038 1038 1038 1038 1037 1037 1037 1037 1037 1037 1038 1038 1038 1038 1038
-999 -999 -999 -999 -999 -999 -999 -999 -999 -999 -999 -999 -999 -999 -999 -999 -999 -999 -999 -999 -999 -999 -999 -999 -999 -999 -999 -999 -999 -999 -999 -999 -999 -999 -999 -999 -999 -999 -999 -999 -999 822 839 839 839 1007 1007 1007 1007 1007 959 959 959 959 959 977 949 914 843 671 745 860 863 645 913 928 940 986 1027 1037 1037 1037 1037 1037 1037 1037 1037 1037 1037 1037 1037 1037 1037 1037 1037 1037
-999 -999 -999 -999 -999 -999 -999 -999 -999 -999 -999 -999 -999 -999 -999 -999 -999 -999 -999 -999 -999 -999 -999 -999 -999 -999 -999 -999 -999 -999 -999 -999 -999 -999 -999 -999 -999 -999 -999 -999 -999 822 839 1007 1007 1007 1007 1007 959 959 959 959 959 1015 1015 1015 979 904 888 784 839 907 914 879 977 978 915 855 1011 1037 1034 1035 1037 1037 1036 1036 1037 1037 1036 1036 1036 1037 1036 1034 1036 1036
-999 -999 -999 -999 -999 -999 -999 -999 -999 -999 -999 -999 -999 -999 -999 -999 -999 -999 -999 -999 -999 -999 -999 -999 -999 -999 -999 -999 -999 -999 -999 -999 -999 -999 -999 -999 -999 -999 -999 -999 -999 822 839 1007 1007 1007 959 959 959 959 959 1015 1015 1015 1015 1015 1019 979 855 869 921 962 978 679 868 943 905 955 1014 1029 1017 1023 1037 1037 1036 1036 1036 1036 1036 1036 1036 1036 1036 1036 1036 1036
-999 -999 -999 -999 -999 -999 -999 -999 -999 -999 -999 -999 -999 -999 -999 -999 -999 -999 -999 -999 -999 -999 -999 -999 -999 -999 -999 -999 -999 -999 -999 -999 -999 -999 -999 -999 -999 -999 -999 -999 -999 822 839 1007 959 959 959 959 959 1015 1015 1015 1015 1015 1036 1036 1036 1022 982 940 929 935 942 621 677 804 755 821 934 996 1021 1029 1036 1036 1036 1036 1036 1035 1035 1035 1036 1036 1036 1036 1036 1036
-999 -999 -999 -999 -999 -999 -999 -999 -999 -999 -999 -999 -999 -999 -999 -999 -999 -999 -999 -999 -999 -999 -999 -999 -999 -999 -999 -999 -999 -999 -999 -999 -999 -999 -999 -999 -999 -999 -999 -999 -999 -999 839 1007 959 959 959 1015 1015 1015 1015 1015 1036 1036 1036 1036 1036 1035 1037 1010 954 857 843 658 623 675 579 630 793 940 987 1002 1025 1035 1035 1035 1035 1035 1035 1035 1035 1035 1035 1035 1035 1035
-999 -999 -999 -999 -999 -999 -999 -999 -999 -999 -999 -999 -999 -999 -999 -999 -999 -999 -999 -999 -999 -999 -999 -999 -999 -999 -999 -999 -999 -999 -999 -999 -999 -999 -999 -999 -999 -999 -999 -999 -999 -999 839 1007 959 1015 1015 1015 1015 1015 1036 1036 1036 1036 1036 1036 1035 1035 1026 1037 1016 906 829 868 856 666 489 549 746 897 754 831 976 1030 1034 1009 1035 1034 1033 1034 1034 1034 1034 1034 1035 1035
-999 -999 -999 -999 -999 -999 -999 -999 -999 -999 -999 -999 -999 -999 -999 -999 -999 -999 -999 -999 -999 -999 -999 -999 -999 -999 -999 -999 -999 -999 -999 -999 -999 -999 -999 -999 -999 -999 -999 -999 -999 -999 -999 1007 959 1015 1015 1015 1036 1036 1036 1036 1036 1036 1036 1035 1035 1026 1026 1037 1039 934 795 805 850 772 591 679 783 831 920 771 889 1005 1032 1020 1023 1034 1034 1034 1031 1034 1034 1032 1034 1034
-999 -999 -999 -999 -999 -999 -999 -999 -999 -999 -999 -999 -999 -999 -999 -999 -999 -999 -999 -999 -999 -999 -999 -999 -999 -999 -999 -999 -999 -999 -999 -999 -999 -999 -999 -999 -999 -999 -999 -999 -999 -999 -999 1007 959 1015 1036 1036 1036 1036 1036 1036 1036 1036 1035 1035 1026 1026 1037 1037 1018 926 676 631 860 861 776 829 894 800 883 773 822 964 996 1015 1004 1004 1033 1033 1031 1034 1034 1034 1034 1034
-999 -999 -999 -999 -999 -999 -999 -999 -999 -999 -999 -999 -999 -999 -999 -999 -999 -999 -999 -999 -999 -999 -999 -999 -999 -999 -999 -999 -999 -999 -999 -999 -999 -999 -999 -999 -999 -999 -999 -999 -999 -999 -999 -999 959 1015 1036 1036 1036 1036 1036 1036 1036 1035 1035 1026 1026 1037 1037 1018 1018 868 515 474 938 975 918 930 966 867 672 720 856 930 932 989 989 970 1026 1033 1033 1033 1034 1034 1034 1034
-999 -999 -999 -999 -999 -999 -999 -999 -999 -999 -999 -999 -999 -999 -999 -999 -999 -999 -999 -999 -999 -999 -999 -999 -999 -999 -999 -999 -999 -999 -999 -999 -999 -999 -999 -999 -999 -999 -999 -999 -999 -999 -999 -999 959 1015 1036 1036 1036 1036 1036 1036 1035 1035 1026 1026 1037 1037 1018 1018 868 868 886 688 788 894 932 924 880 546 569 755 953 993 1007 1020 1015 997 1007 1033 1033 1033 1033 1034 1034 1033
-999 -999 -999 -999 -999 -999 -999 -999 -999 -999 -999 -999 -999 -999 -999 -999 -999 -999 -999 -999 -999 -999 -999 -999 -999 -999 -999 -999 -999 -999 -999 -999 -999 -999 -999 -999 -999 -999 -999 -999 -999 -999 -999 -999 -999 1015 1036 1036 1036 1036 1036 1035 1035 1026 1026 1037 1037 1018 1018 868 868 886 886 970 832 808 910 975 965 577 593 791 964 996 1019 1033 1026 1003 987 1006 1033 1033 1033 1033 1033 1032
-999 -999 -999 -999 -999 -999 -999 -999 -999 -999 -999 -999 -999 -999 -999 -999 -999 -999 -999 -999 -999 -999 -999 -999 -999 -999 -999 -999 -999 -999 -999 -999 -999 -999 -999 -999 -999 -999 -999 -999 -999 -999 -999 -999 -999 1015 1036 1036 1036 1036 1035 1035 1026 1026 1037 1037 1018 1018 868 868 886 1000 1000 1000 930 785 808 990 1009 776 702 863 949 980 997 1010 1010 1003 972 991 1006 1006 1032 1019 1014 1025
-999 -999 -999 -999 -999 -999 -999 -999 -999 -999 -999 -999 -999 -999 -999 -999 -999 -999 -999 -999 -999 -999 -999 -999 -999 -999 -999 -999 -999 -999 -999 -999 -999 -999 -999 -999 -999 -999 -999 -999 -999 -999 -999 -999 -999 -999 1036 1036 1036 1035 1035 1026 1026 1037 1037 1018 766 766 766 766 766 766 766 1000 975 766 588 848 967 829 723 868 950 956 912 878 914 962 990 998 996 1003 1023 1017 1007 1010
-999 -999 -999 -999 -999 -999 -999 -999 -999 -999 -999 -999 -999 -999 -999 -999 -999 -999 -999 -999 -999 -999 -999 -999 -999 -999 -999 -999 -999 -999 -999 -999 -999 -999 -999 -999 -999 -999 -999 -999 -999 -999 -999 -999 -999 -999 1036 1036 1035 1035 1026 1026 1037 766 766 766 766 766 766 766 766 766 766 766 975 808 555 660 821 734 647 864 969 962 890 811 950 919 955 994 1004 1011 1023 1027 1017 977
-999 -999 -999 -999 -999 -999 -999 -999 -999 -999 -999 -999 -999 -999 -999 -999 -999 -999 -999 -999 -999 -999 -999 -999 -999 -999 -999 -999 -999 -999 -999 -999 -999 -999 -999 -999 -999 -999 -999 -999 -999 -999 -999 -999 -999 -999 -999 1035 1035 1026 1026 1037 766 766 766 766 766 766 766 766 766 766 766 766 892 892 616 596 696 698 625 880 972 963 905 780 969 929 916 988 1012 1011 1029 1029 1025 980
-999 -999 -999 -999 -999 -999 -999 -999 -999 -999 -999 -999 -999 -999 -999 -999 -999 -999 -999 -999 -999 -999 -999 -999 -999 -999 -999 -999 -999 -999 -999 -999 -999 -999 -999 -999 -999 -999 -999 -999 -999 -999 -999 -999 -999 -999 -999 -999 1026 1026 1037 1037 772 772 772 772 772 772 772 772 772 772 772 772 892 892 821 639 704 859 900 959 949 929 917 808 955 954 920 980 1024 1027 1030 1031 1008 997
