prediction/untitled folder/solar_ghi_19900101_06UT.txt
NCOLS 839
NROWS 679
XLLCORNER 112.025005
YLLCORNER -43.9750009
CELLSIZE 0.0499954
NODATA_VALUE -999
[rows 336 to 377 of 679, columns 188 to 281 of 839]
831 833 821 824 832 832 831 831 831 831 830 830 830 822 698 813 828 825 820 820 827 827 815 823 822 822 822 824 815 819 822 822 821 791 632 799 784 798 820 808 776 777 786 785 794 797 813 812 812 808 808 798 777 784 802 802 807 807 806 785 805 803 796 795 795 794 784 779 792 799 799 798 785 784 785 787 792 794 790 792 792 792 782 768 757 771 779 770 776 773 778 775 770 777
833 833 832 828 825 828 831 831 830 830 830 830 830 827 816 821 820 816 827 827 827 827 827 826 822 818 821 821 799 807 802 802 817 813 795 795 760 784 819 820 800 788 754 742 769 780 793 812 812 811 808 806 770 788 805 802 804 799 798 797 797 796 795 795 791 802 801 797 787 790 796 798 798 789 754 759 786 791 785 784 792 792 791 773 762 771 769 765 777 776 784 775 783 782
833 833 833 829 827 812 831 790 830 830 830 827 829 827 825 819 813 809 820 827 827 827 826 826 816 809 812 821 799 823 797 793 803 795 795 790 779 802 818 818 816 808 799 727 737 767 792 812 808 808 803 798 762 790 800 800 795 794 793 789 779 796 803 786 777 802 801 799 800 796 789 798 798 797 797 760 774 786 785 789 789 791 791 777 772 761 764 755 777 781 784 771 781 782
832 832 832 829 819 816 819 812 830 830 827 827 829 814 790 793 820 795 816 825 827 824 826 826 821 809 803 808 819 823 815 809 809 800 804 795 784 806 817 817 816 812 784 755 719 748 798 809 795 794 800 788 763 806 808 804 799 802 798 786 784 800 801 782 781 801 801 798 788 786 786 786 797 790 766 763 782 768 785 789 792 791 782 786 771 761 755 750 782 781 767 762 779 782
832 832 830 820 824 831 828 828 830 830 822 818 822 822 829 828 816 803 812 770 824 803 815 826 825 811 794 808 823 823 806 822 821 820 812 782 766 787 810 816 808 803 779 752 623 733 795 786 762 765 786 791 796 809 808 808 800 803 797 789 792 795 791 782 789 799 801 792 795 798 799 798 798 797 770 763 781 788 780 789 784 791 787 786 757 761 755 765 782 767 745 756 779 782
832 832 829 820 831 830 828 831 827 826 812 810 822 829 828 828 820 826 827 821 799 673 826 826 826 825 824 824 823 814 805 805 781 820 811 788 765 786 800 807 813 812 794 761 642 751 753 753 741 750 737 737 783 809 808 793 800 792 779 764 796 803 786 772 789 797 794 792 787 799 786 789 794 784 764 758 777 794 790 784 783 790 790 781 750 760 765 782 777 756 751 761 779 778
832 832 832 832 832 809 824 815 821 818 809 825 821 828 828 828 808 820 794 782 813 807 820 825 822 812 811 824 815 818 814 756 677 820 820 803 790 802 805 813 813 803 800 783 738 771 746 693 716 699 691 698 768 808 803 791 807 764 738 731 804 800 776 772 793 800 793 789 787 786 782 795 780 767 746 751 777 790 791 780 770 778 786 781 766 748 770 776 771 776 776 775 782 773
825 824 816 832 832 830 815 814 826 817 817 829 829 825 828 822 808 815 771 715 718 780 809 796 813 811 597 787 806 817 822 726 710 820 820 819 806 815 807 809 808 811 806 793 788 773 752 716 737 689 690 732 793 808 808 803 775 752 685 757 789 783 774 792 797 797 796 792 791 782 790 798 783 760 725 761 781 789 782 775 782 775 773 746 750 716 779 782 760 771 783 783 777 764
831 831 831 831 828 823 831 818 827 826 826 829 828 825 824 817 824 815 808 793 797 826 818 786 795 803 802 823 547 776 821 781 788 804 810 819 810 814 801 799 807 814 798 789 770 741 753 745 700 681 635 774 805 805 788 771 750 730 731 754 783 773 793 802 789 793 795 796 793 790 798 798 784 759 693 773 777 785 784 781 774 768 757 734 706 694 787 786 772 780 783 783 774 759
831 829 829 831 831 831 831 830 830 816 822 828 828 828 828 828 827 807 824 826 826 826 818 800 800 812 803 794 822 810 805 804 820 793 794 802 798 805 804 804 806 816 812 801 772 771 782 742 677 682 729 789 800 768 807 800 775 780 774 746 744 762 799 781 780 786 784 791 787 790 798 795 787 768 722 777 766 776 784 777 756 746 732 689 667 715 773 778 729 767 779 783 778 777
825 812 824 828 830 830 830 823 830 816 802 812 828 828 828 825 824 800 815 826 826 823 817 809 804 797 794 801 822 822 821 821 819 820 820 811 797 797 807 808 816 816 815 815 811 801 787 727 682 708 729 774 770 729 800 807 780 763 740 704 722 780 779 780 793 764 771 790 791 795 798 797 788 776 768 773 780 785 780 771 747 723 689 601 650 760 780 769 757 762 733 746 777 764
831 831 815 831 830 827 830 830 823 809 733 801 817 827 782 801 824 821 815 816 819 715 737 805 679 769 811 787 773 805 821 804 819 812 802 778 801 809 816 816 815 815 814 814 813 800 780 703 692 698 704 765 777 735 794 807 763 737 637 661 737 755 755 785 788 779 760 796 782 792 798 794 789 791 783 787 794 793 789 775 752 701 649 545 612 742 765 751 729 727 702 738 765 736
831 815 806 801 791 823 830 830 830 830 813 800 783 827 827 793 824 826 826 823 770 671 730 816 652 789 816 793 790 814 821 820 820 815 801 815 810 816 816 813 811 807 814 813 810 796 775 717 720 711 725 761 782 754 807 803 771 670 641 661 702 741 755 771 764 730 768 799 793 798 798 797 796 788 774 777 784 784 792 775 753 638 629 472 545 684 754 724 684 703 688 725 748 736
816 820 824 824 823 830 829 829 818 830 829 812 817 823 812 826 826 820 826 815 822 826 826 816 750 807 814 798 805 814 818 812 807 778 778 802 809 798 816 816 799 798 810 809 812 812 781 754 777 772 774 778 778 791 807 792 770 694 647 593 649 697 728 747 745 764 783 790 782 798 797 797 790 779 745 745 761 785 792 783 749 610 568 411 495 568 677 684 676 664 679 722 727 745
820 831 830 831 824 822 829 829 830 830 829 828 826 807 814 826 820 826 825 770 806 825 825 778 718 824 816 773 802 817 817 804 789 785 801 814 801 792 813 812 806 810 810 803 788 791 811 794 809 802 793 788 800 807 803 793 782 763 677 645 721 714 714 710 726 773 788 772 772 798 797 796 796 779 751 724 770 792 786 791 776 653 507 395 435 462 574 657 617 604 659 708 708 735
825 817 815 810 813 811 808 817 829 802 820 821 822 815 817 826 817 826 825 825 821 821 824 824 802 820 823 778 821 820 820 820 807 803 815 818 805 796 808 815 815 814 810 807 800 805 811 810 809 809 800 807 800 800 803 798 797 779 744 746 790 705 678 627 734 769 752 742 767 797 797 793 788 778 775 767 760 754 783 791 790 738 521 393 397 448 547 605 538 578 646 678 694 746
820 734 786 803 800 802 800 802 817 816 817 827 827 820 820 807 816 825 815 815 824 787 824 811 811 823 814 780 820 815 819 807 816 799 810 818 817 809 804 812 814 814 813 810 812 808 803 798 798 808 808 807 800 786 789 788 788 756 713 726 771 699 617 554 732 763 719 715 776 797 797 793 795 791 764 715 765 743 791 790 789 786 702 505 446 494 481 529 528 612 637 669 698 757
804 824 810 788 781 817 809 794 825 828 825 820 827 819 827 798 808 820 810 813 791 782 817 806 728 755 801 819 816 803 816 732 818 801 818 817 815 812 806 807 810 813 813 809 811 811 811 805 802 807 804 803 806 803 749 782 794 746 618 652 737 687 545 529 670 739 702 731 790 797 793 783 787 782 751 704 641 690 790 790 781 781 763 694 582 501 479 478 527 577 635 693 721 757
810 810 694 830 817 821 764 758 804 827 802 811 827 807 827 813 801 798 812 821 817 823 777 823 742 790 806 809 817 819 807 807 815 818 817 814 809 811 814 813 813 807 812 807 811 807 810 806 805 804 804 806 806 806 805 805 804 723 576 640 709 666 550 495 580 645 744 760 797 797 783 783 791 786 750 647 525 612 764 789 783 788 787 748 699 633 563 531 521 574 613 693 747 731
735 724 803 716 830 830 813 514 707 791 798 827 824 820 826 826 818 805 817 746 766 823 812 823 793 822 814 796 795 804 813 818 806 788 817 816 816 807 802 809 805 809 812 811 811 810 810 809 805 803 804 806 803 802 800 801 788 781 708 677 736 769 668 534 550 676 779 785 797 796 791 784 794 791 771 658 495 474 570 566 546 689 761 753 752 739 691 699 756 782 767 729 717 704
725 800 794 771 830 830 824 828 659 742 811 792 804 826 825 826 825 824 821 650 766 823 815 815 819 821 646 816 814 818 818 818 818 792 797 812 816 812 812 798 808 812 811 811 810 802 799 809 808 801 804 806 806 805 804 804 804 782 790 720 739 787 793 708 646 675 727 797 797 796 795 783 786 790 789 728 543 456 464 486 493 480 625 684 706 743 713 731 772 782 766 741 691 712
789 813 830 830 818 812 820 829 829 792 800 473 664 822 825 825 824 807 820 658 799 804 770 782 821 816 749 812 816 807 815 817 818 805 816 803 795 767 814 800 792 808 811 803 797 792 789 808 808 800 806 806 805 804 804 803 803 791 794 789 786 797 799 768 725 766 797 789 779 788 795 791 782 792 792 784 703 585 596 648 609 510 541 565 658 613 641 665 698 730 758 734 666 738
810 704 812 830 820 811 773 761 828 828 827 827 773 781 816 817 758 645 661 707 795 794 749 800 821 813 808 819 819 806 818 817 817 804 796 808 815 814 814 789 793 811 808 782 802 809 808 807 803 791 803 805 801 802 804 803 803 799 798 794 793 800 788 791 786 781 781 766 765 795 795 794 793 789 792 791 790 772 773 777 750 678 610 618 648 592 613 551 568 592 683 636 600 712
746 660 827 830 829 764 779 819 827 827 795 823 815 809 821 717 582 427 433 820 788 807 822 818 821 813 812 819 818 815 818 806 789 817 816 815 814 809 813 813 806 803 811 793 810 809 804 803 803 791 803 805 804 795 793 800 799 799 801 797 800 796 787 778 790 781 742 722 746 787 795 794 793 780 784 787 790 789 786 785 780 767 741 724 663 619 642 569 490 449 527 562 543 657
701 694 826 829 815 775 808 827 692 620 801 788 727 814 791 743 407 548 823 823 799 738 814 806 820 808 806 814 818 815 815 793 774 817 807 814 814 813 813 808 804 804 810 761 806 801 805 807 804 800 805 805 804 792 792 803 791 798 800 797 800 796 788 772 764 691 681 611 666 772 794 794 793 792 784 748 789 781 785 787 787 775 765 749 682 660 696 638 479 398 407 440 440 539
702 664 760 828 821 825 735 822 642 753 819 803 794 804 814 750 745 576 740 820 802 795 804 768 802 813 800 787 803 817 817 805 780 798 798 790 813 813 810 805 811 811 810 809 809 789 785 799 806 805 800 802 804 801 803 799 795 794 800 797 800 796 790 777 761 658 666 564 572 725 794 793 792 791 791 784 786 772 781 784 787 782 770 768 757 748 738 692 536 413 375 388 388 446
793 694 753 827 827 820 650 810 797 758 805 824 814 816 821 802 820 711 782 813 754 774 821 809 800 815 812 705 793 810 817 813 801 808 789 776 801 813 813 808 811 810 810 806 802 802 800 803 791 799 801 804 804 796 803 795 796 789 789 797 797 788 781 790 781 693 587 535 630 723 790 793 792 791 782 786 787 777 776 785 786 783 764 768 767 764 775 749 635 479 393 382 348 395
813 780 813 827 827 792 728 802 815 699 810 822 817 821 808 753 748 805 791 541 659 733 643 643 655 575 818 818 814 730 799 816 816 815 811 802 791 782 797 804 811 810 810 809 801 791 796 804 785 805 804 804 788 787 795 785 786 791 768 792 783 783 761 786 785 706 600 615 703 722 766 787 792 791 790 790 779 777 776 780 783 752 763 785 781 756 750 754 704 508 408 392 338 383
528 629 800 827 827 826 823 801 774 806 791 813 809 740 674 681 772 807 717 685 756 609 618 785 685 469 532 817 781 817 816 815 815 811 814 814 786 741 792 800 810 810 798 796 794 792 796 806 799 805 787 796 803 787 795 802 801 801 800 779 720 772 720 757 780 770 737 720 748 762 771 789 788 791 790 789 785 781 780 766 756 712 778 784 784 783 780 782 764 686 589 465 393 425
713 813 827 796 826 826 802 760 741 749 757 790 800 617 595 722 806 765 738 821 775 710 790 785 639 699 743 734 817 795 661 804 814 706 789 813 801 804 789 766 810 801 785 788 793 798 795 798 803 805 785 796 803 799 795 798 791 792 774 738 787 772 767 797 796 796 787 779 791 790 790 787 775 790 787 788 780 780 781 770 748 719 717 781 783 738 760 764 758 728 638 485 409 419
781 827 805 660 662 826 815 805 765 704 749 815 783 804 654 788 798 726 769 820 801 796 819 786 493 616 743 806 816 816 768 778 810 777 798 787 809 808 744 708 799 797 806 793 796 806 796 793 798 805 796 801 803 802 795 749 748 762 762 778 769 681 627 797 796 795 795 787 789 793 792 788 775 787 781 786 772 776 779 749 721 672 631 726 783 771 779 759 748 731 657 596 525 484
793 808 706 623 786 820 826 795 653 745 809 812 808 764 813 807 807 710 785 817 791 761 808 798 582 715 782 749 794 767 714 794 798 811 798 801 812 799 798 799 797 806 809 804 798 808 794 794 797 798 798 801 803 796 777 780 789 793 778 765 690 571 617 753 708 795 795 794 786 785 792 791 784 782 782 782 779 780 784 722 691 653 651 724 775 771 773 762 729 647 665 620 629 585
809 725 671 712 668 610 825 814 670 804 526 536 736 812 819 821 797 774 796 809 778 770 796 780 658 651 786 750 815 773 759 792 805 795 782 812 808 811 811 803 794 794 809 808 808 807 806 798 796 801 795 796 803 797 787 800 800 799 799 798 740 696 686 678 773 795 794 794 793 792 792 789 788 790 786 777 788 787 779 744 726 718 736 764 770 770 772 768 740 677 695 663 686 678
820 695 759 745 647 691 804 785 614 734 734 779 797 754 758 801 731 730 692 797 819 813 807 665 493 597 810 815 815 815 783 794 805 804 801 809 811 810 803 807 809 809 808 785 777 803 794 805 805 804 801 799 803 798 797 799 799 799 798 799 790 759 725 753 791 789 791 793 793 776 784 788 789 790 786 777 781 776 786 774 782 762 775 782 783 778 774 778 762 742 736 710 718 701
792 816 807 749 710 788 810 708 556 734 817 823 788 731 797 791 649 605 719 808 819 816 810 743 763 810 809 809 814 814 793 803 813 809 809 808 810 810 807 806 808 808 801 800 786 795 802 804 804 803 803 802 802 798 797 797 799 798 798 798 798 779 779 784 788 787 787 793 789 789 791 784 790 789 779 779 781 784 785 776 782 772 776 781 779 779 778 777 773 762 765 744 730 707
679 801 822 643 701 822 824 654 594 727 770 815 802 761 748 731 749 628 527 718 652 772 807 730 794 816 801 781 786 803 813 807 812 812 808 810 810 810 809 808 808 808 800 791 794 803 802 804 803 803 800 791 787 798 797 793 797 798 798 798 797 797 785 790 792 786 784 786 786 791 791 785 776 782 785 788 787 787 783 768 785 779 757 777 782 781 781 780 772 770 760 750 701 642
455 652 780 741 815 796 817 698 674 727 777 807 818 752 790 794 756 719 753 744 682 713 817 817 803 812 812 727 707 792 809 775 812 811 811 805 806 809 809 808 808 807 800 804 805 805 803 799 800 802 802 802 798 800 793 789 789 794 795 797 797 796 769 795 792 773 777 789 789 788 791 790 778 782 786 785 784 784 777 773 782 777 767 775 774 778 773 776 772 761 747 728 645 565
430 612 749 749 825 721 793 763 747 794 770 761 786 802 801 603 797 805 702 588 608 727 756 814 792 813 762 779 801 786 711 645 787 811 806 797 806 806 805 805 807 807 800 799 805 802 801 797 796 802 802 801 790 789 789 794 791 795 795 794 796 796 774 788 789 773 790 792 792 791 784 787 782 786 785 780 784 786 786 784 781 782 780 776 770 781 777 776 769 739 735 702 620 538
486 675 480 610 807 779 800 761 811 787 625 630 761 819 751 648 822 790 706 633 661 705 741 782 797 755 763 811 806 782 801 812 811 811 807 790 799 806 801 797 805 807 806 794 798 794 804 796 800 802 802 797 792 796 791 799 793 786 744 756 784 784 774 794 793 790 792 792 788 784 782 779 786 788 788 780 776 778 782 782 784 784 781 779 778 778 760 758 766 748 741 721 595 522
441 664 683 681 782 818 804 823 823 823 772 770 782 810 820 820 821 822 821 764 698 752 787 786 784 794 794 813 784 813 806 801 811 810 810 806 773 806 808 780 794 807 806 799 794 794 802 803 800 802 802 799 794 797 798 792 787 787 791 797 786 784 792 794 793 789 792 791 775 787 788 783 789 788 788 787 781 778 775 777 784 783 783 782 771 768 766 761 756 754 729 736 672 578
539 593 731 674 595 739 584 562 823 821 792 806 776 815 820 793 809 821 821 745 755 797 781 783 754 765 808 788 652 813 797 804 811 804 799 795 791 808 808 777 800 804 806 805 805 804 799 803 799 802 801 799 794 795 796 791 790 790 794 796 796 795 788 782 782 789 792 791 791 791 783 783 789 788 787 787 786 783 773 776 783 783 782 779 774 780 780 780 780 759 770 746 694 549
670 593 660 789 746 788 655 631 751 816 792 822 787 793 778 776 799 820 820 797 814 777 740 787 713 730 789 766 707 813 806 805 811 757 771 792 798 809 808 807 806 806 795 805 804 793 797 800 796 801 801 801 793 797 792 787 787 793 796 792 795 794 793 782 777 784 784 791 788 783 750 782 788 788 784 786 786 782 777 778 783 771 777 779 781 780 780 780 779 766 774 762 718 545
