prediction/untitled folder/solar_ghi_19900101_02UT.txt
NCOLS 839
NROWS 679
XLLCORNER 112.025005
YLLCORNER -43.9750009
CELLSIZE 0.0499954
NODATA_VALUE -999
[rows 304 to 341 of 679, columns 86 to 171 of 839]
987 996 995 997 987 962 761 670 953 975 970 993 970 568 428 352 343 384 697 566 526 479 480 549 651 506 599 915 915 920 971 1006 1011 1002 1013 1003 1014 1008 1009 1015 1015 1016 1016 1016 1006 1006 1018 1018 1014 1008 1015 1015 1019 1003 1023 1023 1023 1021 1019 1025 1019 1026 1026 1026 1027 1022 1028 1029 1030 1027 1027 1032 1021 1033 1033 1015 1034 1028 1028 1033 1035 1036 1036 1033 1036 1028
933 998 991 975 995 987 931 949 975 969 962 1003 991 970 565 438 363 419 712 861 525 493 546 500 469 528 539 544 945 1000 1004 1004 1006 1006 1008 1009 1013 1006 1014 1014 1012 1011 1015 1009 1001 1015 1017 1006 1016 1014 1016 1021 1019 1022 1023 1022 1019 1015 1024 1025 1025 1019 1022 1024 1027 1017 1017 1022 1026 1030 1029 1026 1021 1033 1033 982 1019 1031 1035 1032 1035 1035 1036 1036 1036 1028
817 954 987 1001 1002 1000 988 915 922 949 910 931 1003 995 799 573 504 512 602 718 435 463 456 458 394 380 503 844 994 1010 1007 997 1010 1012 1012 1013 1013 1013 1011 1013 1014 1014 1011 1012 1007 1014 1010 1003 1019 1019 1020 1016 1015 1022 1022 1022 1021 1017 1022 1022 1025 1024 1017 1025 1027 1026 1022 1027 1019 996 1018 1020 1025 1032 1032 1024 1033 1033 1035 1035 1035 1035 1036 1037 1036 1038
789 912 991 992 989 996 991 992 991 978 931 943 1003 990 978 946 863 671 604 524 446 364 414 419 400 478 596 828 976 937 982 985 979 999 1011 1006 1013 1014 1011 1014 1014 1014 1008 1012 1012 1006 1014 1012 1017 1020 1020 1020 1021 1021 1021 1018 1023 1014 1007 1025 1025 1025 1019 1024 1027 1021 1026 1027 1029 1029 1030 1030 1031 1032 1026 1033 1031 1023 1033 1035 1035 1030 1031 1032 1038 1037
792 946 991 969 970 996 991 980 998 1000 861 726 833 925 707 851 644 857 515 457 395 324 399 327 663 687 521 689 892 846 998 1011 993 977 1002 1014 1014 1014 1015 1015 1014 1014 1007 1015 1012 1014 1017 1016 1019 1019 1020 1020 1020 1017 1010 1018 1021 1015 1018 1024 1024 1024 1023 1023 1025 1025 1026 1028 1029 1019 1029 1030 1030 1031 1032 1031 1033 1032 1034 1035 1034 1031 1037 1037 1037 1037
933 992 988 945 916 923 913 882 959 919 796 774 864 895 709 482 342 675 449 328 341 357 331 457 911 862 738 907 807 593 613 919 1003 1012 992 1004 1000 1007 1015 1015 1015 1015 1015 1013 1016 1015 1017 1018 1017 1013 1019 1020 1020 1014 1020 1022 1023 1021 1023 1021 1017 1023 1025 1026 1023 1020 1021 1028 1027 1027 1029 1028 1030 1030 1031 1032 1018 1024 1034 1028 1015 1030 1036 1036 1036 1033
980 999 970 955 538 694 860 863 861 739 717 815 896 968 707 484 429 445 544 382 472 317 313 504 854 896 972 919 697 521 562 812 980 981 994 1014 994 1004 1013 1007 1005 1007 1016 1013 1016 1006 1011 1018 1016 1007 1004 1013 1014 1013 1022 1022 1022 1023 1012 1011 1016 1025 1022 1019 1019 1027 1027 1028 1025 1028 1029 1029 1023 1023 1031 1031 1025 1027 1033 1023 1014 1025 1037 1037 1037 1035
875 924 940 893 493 506 716 885 894 876 880 963 984 989 838 754 475 424 650 466 492 277 288 515 852 924 932 831 685 538 470 669 985 1002 987 904 888 1005 1004 974 946 963 988 1008 1014 1001 1011 1016 1009 1012 1017 1018 1015 1018 1022 1022 1022 1023 1023 1024 1024 1024 1025 1025 1023 1026 1027 1025 1028 1028 1029 1029 1030 1020 1031 1031 1029 1026 1022 1027 1024 1025 1036 1036 1036 1030
602 754 958 918 551 439 792 931 972 867 846 978 970 957 896 752 748 493 417 497 446 332 312 556 833 932 889 800 779 651 575 816 971 997 979 972 1004 976 1002 959 903 838 925 1005 1014 1006 1016 1011 1012 1019 1020 1017 1021 1022 1021 1022 1006 1023 1023 1023 1020 1024 1024 1019 1023 1026 1023 1025 1027 1028 1026 1027 1028 1025 1024 1025 1032 1026 1025 1027 1030 1033 1032 1027 1036 1029
646 921 1001 592 427 483 720 976 990 884 947 980 964 968 964 950 906 628 714 609 450 329 438 617 831 889 859 840 839 789 666 772 972 925 966 999 987 940 996 970 898 775 897 1006 1016 1014 1014 1015 1018 1019 1014 1021 1021 1021 1021 1020 1017 1023 1023 1023 1017 1024 1017 1013 1026 1023 1026 1027 1027 1028 1025 1029 1028 1024 1020 1029 1032 1022 1008 1033 1034 1034 1035 1035 1034 1028
975 843 932 498 395 454 616 975 977 939 937 959 991 978 909 778 994 620 475 620 499 416 626 782 879 808 880 829 806 740 706 906 991 903 907 965 985 985 986 969 991 969 873 1011 1017 1013 1011 1010 1004 1004 1019 1015 1015 1019 1021 1022 1022 1022 1023 1004 1022 1020 1013 1019 1023 1022 1024 1027 1027 1027 1016 1022 1018 1028 1030 1031 1029 1021 1021 1030 1032 1034 1035 1027 1025 1030
743 998 981 766 547 542 759 974 927 718 800 943 622 696 920 965 1006 920 407 554 442 522 756 731 772 568 906 837 796 789 876 971 974 806 577 973 999 982 983 995 989 996 980 991 1007 1012 1007 999 996 1004 1016 1017 1014 1019 1021 1022 1022 1022 1021 1017 1024 1024 1025 1025 1025 1026 1026 1027 1027 1016 1022 1022 1023 1024 1028 1031 1031 1029 1026 1027 1032 1034 1035 1015 1029 1036
454 842 914 976 563 585 836 949 659 510 781 984 506 458 607 625 560 802 550 359 472 635 888 768 474 395 964 885 791 890 962 965 823 635 740 981 988 995 1015 1010 1002 1012 994 990 1017 1017 1012 1017 1013 1008 1009 1020 1020 1020 1019 1019 1020 1023 1019 1020 1024 1022 995 1025 1025 1020 1019 1024 1027 1027 1024 1022 1022 1022 1030 1025 1024 1032 1021 1022 1033 1034 1033 1035 1034 1025
272 493 903 918 656 273 668 738 497 473 613 928 709 351 615 394 486 819 657 461 401 509 544 444 354 500 934 881 671 782 899 873 749 780 879 892 981 950 481 552 887 1009 991 990 1018 1002 1009 1013 1008 1009 1019 1020 1020 1020 1021 1021 1020 1020 1019 1020 1017 1013 990 994 1024 1023 1025 1025 1027 1027 1017 1021 1026 1029 1028 1019 1024 1026 1030 1033 1030 1018 1034 1014 1016 1036
495 602 836 971 937 790 526 838 578 446 486 573 496 382 573 254 531 598 468 421 448 324 511 422 438 463 599 828 660 697 785 762 874 913 880 891 957 831 527 889 974 985 999 1005 1016 1018 1013 998 1015 1014 1020 1020 1020 1020 1021 1021 1007 1022 1022 1023 1020 1016 1012 999 1015 1015 1015 1018 1027 1027 1025 1025 1028 1029 1023 1024 1031 1025 1027 1032 1031 1030 1034 1033 1034 1036
782 892 948 897 869 873 813 715 901 576 481 343 316 444 476 478 832 527 405 363 430 497 475 491 510 530 622 665 755 870 834 743 935 965 967 851 759 724 590 586 841 922 972 1003 999 1000 1008 1013 1019 1007 1020 1021 1020 1018 1019 1018 1013 1022 1012 1023 1023 1017 1013 1012 1011 1006 948 1016 1021 1027 1028 1028 1028 1028 1023 1028 1029 1025 1023 1026 1031 1028 1028 1034 1034 1035
660 607 922 888 948 989 977 782 534 854 846 490 593 628 644 966 956 667 486 369 373 402 395 382 388 482 764 894 727 654 781 914 924 983 980 793 700 587 493 445 516 896 976 1004 993 1008 1019 1019 1016 1004 1021 1021 1021 1020 1021 1018 1021 1020 1018 1019 1023 1016 1018 1024 1022 1010 996 1026 1014 1021 1028 1028 1028 1026 1029 1029 1019 1024 1028 1020 1030 1033 1034 1034 1034 1033
565 670 666 970 989 986 964 965 944 740 697 984 990 986 980 982 986 843 494 286 267 319 361 377 387 387 470 384 306 490 670 746 820 867 809 946 794 611 467 392 476 722 892 982 997 1019 1011 1007 1006 993 987 1021 1021 1021 1021 1021 1020 1015 1015 1007 1012 1010 1018 1018 1019 1014 1000 1001 1025 1027 1014 1024 1028 1028 1029 1029 1024 1019 1028 1026 1031 1027 1034 1034 1034 1035
739 724 779 978 984 1004 978 959 962 977 996 1006 993 992 987 994 999 840 517 402 298 260 295 362 388 401 415 245 120 148 279 412 520 671 829 949 929 737 487 431 482 591 784 989 919 906 1003 1005 1008 845 675 1000 1014 1014 1021 1021 1021 1020 1015 997 993 1015 1024 1018 1025 1023 1012 1015 1020 1027 1017 1025 1025 1029 1029 1029 1027 1024 1030 1030 1031 1027 1033 1034 1034 1034
888 872 932 984 989 994 950 951 974 1004 1003 984 996 982 992 899 898 781 552 441 328 217 271 357 448 430 318 250 193 263 175 328 429 552 834 916 820 718 533 476 484 508 601 767 590 528 896 1002 917 846 929 970 952 1020 1021 1021 1019 1022 1015 990 997 1023 1024 1014 1019 1010 1023 1019 1023 1016 1012 1020 1016 1028 1029 1026 1023 1030 1031 1029 1021 1031 1033 1033 1027 1034
976 940 958 936 929 978 972 946 973 894 920 986 1002 993 861 404 494 454 348 321 332 287 272 353 474 464 317 244 296 282 241 342 509 592 799 860 645 530 688 497 481 445 494 588 605 580 760 824 959 996 1014 1009 1007 1014 1019 1021 1021 1017 1011 1005 1015 1023 1024 1024 1022 1010 1025 1024 1024 1024 1015 1002 1010 1023 1028 1027 1029 1030 1026 1025 1021 1031 1033 1034 1034 1034
927 957 989 723 801 938 972 975 964 893 979 999 976 949 858 552 328 385 367 352 324 282 276 335 313 362 226 179 220 260 278 327 340 513 865 810 551 553 712 520 486 432 485 602 739 828 891 880 902 995 1019 1020 1020 1017 1019 1021 1020 1002 1003 1019 1012 1019 1024 1024 1024 1018 1022 1024 1026 1026 1011 1020 1027 1028 1028 1029 1029 1015 1019 1021 1016 1027 1032 1029 1035 1034
895 976 985 722 875 944 980 963 886 937 1000 996 986 919 824 839 907 696 404 385 307 247 253 243 138 266 166 166 250 282 285 267 260 403 586 703 795 819 728 572 506 524 609 707 898 957 970 958 928 960 992 997 961 999 1011 1019 1021 1022 1022 1023 1020 1016 1018 1024 1024 1025 1019 1023 1026 1026 1020 1027 1021 1026 1028 1028 1026 1010 1015 1029 1032 1032 1026 1018 1028 1034
809 872 885 876 937 907 625 546 623 827 948 1001 992 980 982 974 949 732 478 881 381 284 261 178 132 226 231 219 309 318 298 234 257 453 568 734 870 928 890 677 585 717 842 929 996 963 981 983 967 995 1015 1014 1000 1015 1006 1014 1011 1007 1007 1016 1022 1017 1022 1024 1025 1024 1023 1026 1018 1024 1026 1026 1027 1027 1027 1008 1013 1014 1020 1029 1031 1027 1032 1021 1025 1033
708 799 576 529 833 826 365 414 427 539 897 974 1007 1006 1002 987 975 918 888 849 582 470 375 198 145 239 292 303 334 334 318 391 464 536 707 672 704 932 944 860 727 766 919 973 952 980 978 958 970 1010 1020 1006 1020 1017 1006 1020 1006 1011 1019 1017 1012 1003 1024 1022 1024 1017 1019 1020 1024 1027 1026 1026 1021 1027 1028 1025 1018 1019 1010 1011 1031 1030 1029 1017 1033 1033
936 810 523 613 802 536 410 364 242 471 742 974 1003 999 989 997 1002 999 978 857 711 669 381 340 291 277 304 328 322 385 281 524 563 556 630 800 858 948 904 772 684 786 898 883 816 825 918 909 784 942 1010 1000 1002 1017 1010 1021 1010 1022 1022 1021 1021 1019 1020 1015 1024 1025 1017 1025 1025 1026 1027 1026 1007 1025 1020 1016 1029 1027 1020 1010 1011 1032 1030 1032 1026 1027
979 867 686 798 421 401 507 364 294 432 558 839 995 1008 1004 1008 1003 1008 1001 979 881 655 525 502 381 257 261 271 296 321 318 573 585 631 813 725 687 982 987 600 591 651 643 684 671 627 839 809 539 746 949 999 1009 1015 1015 1019 1004 1006 1009 1022 1022 1009 1012 1022 1025 1025 1023 1020 1026 1026 1026 1026 1021 1027 1026 1028 1029 1018 1026 1005 947 972 1033 1032 1023 1033
996 999 896 937 374 354 439 440 398 402 526 887 1005 1008 1001 988 982 1008 994 994 950 877 843 615 314 178 236 215 209 246 310 413 450 497 506 458 505 502 444 498 502 811 400 515 641 753 800 657 610 564 941 1014 1006 1012 1015 1021 1016 1002 1015 1022 1020 1021 1023 1009 1004 1009 1008 1020 1026 1026 1026 1027 1027 1027 1028 1028 1028 1029 1023 1024 1015 994 1023 1033 1033 1027
1000 999 991 873 355 328 268 325 334 386 881 987 1004 993 988 985 990 993 994 1009 1008 977 685 476 366 297 277 291 285 275 261 248 270 328 350 318 453 503 610 724 653 613 498 637 868 909 682 635 802 745 978 1020 970 1004 1021 1022 1014 1021 1011 985 1022 1023 1012 1024 1024 1025 1025 1026 1026 1023 1026 1027 1021 1024 1026 1028 1028 1026 1018 1030 1030 1024 1021 1026 1032 1032
1004 1000 997 879 562 454 287 308 272 463 868 980 1007 981 992 979 981 994 1009 994 999 1002 869 800 870 649 424 530 437 458 422 294 213 260 286 361 434 459 490 673 752 603 836 636 791 650 552 574 770 949 976 1005 935 994 1020 1016 1020 1020 1011 1010 995 1012 965 964 992 1019 1025 1025 1025 1025 1027 1026 1011 1017 1026 1028 1028 1029 1027 1030 1028 1031 1029 1028 1032 1032
994 990 996 973 920 643 315 367 422 510 724 965 1001 1004 998 954 980 990 995 996 1009 1008 972 986 995 884 736 591 483 454 629 367 262 256 336 469 454 471 329 413 425 440 434 428 481 441 371 515 777 926 965 994 995 972 950 985 1001 1006 1014 1020 1006 1007 1015 1003 1009 1014 1025 1025 1024 1024 1016 1026 1021 1016 1022 1028 1027 1029 1026 1023 1010 1031 1031 1032 1032 1030
989 1004 997 995 975 757 492 357 569 621 891 974 988 1007 1000 935 846 955 989 1005 1010 1010 1009 1009 1010 995 970 970 964 737 434 423 428 375 420 472 507 551 326 491 513 508 512 481 461 587 690 629 642 897 1001 990 880 630 616 759 941 987 1011 1019 1022 1019 1005 1012 1017 1009 1023 1023 1025 1023 1020 1026 1027 1024 1028 1028 1028 1029 1028 1023 1021 1029 1031 1031 1032 1028
998 1005 997 988 961 623 452 442 570 537 626 904 952 961 967 889 678 954 953 986 1000 1010 1010 1000 1008 1005 993 997 998 1002 960 763 875 467 369 391 481 511 505 941 866 846 784 517 495 612 671 488 578 873 964 918 497 341 432 533 808 965 1016 1022 1023 1018 1020 1023 1013 1024 1023 1021 1025 1025 1026 1020 1011 1021 1027 1028 1029 1029 1029 1030 1024 1024 1029 1031 1030 1032
1004 1004 1000 973 846 455 334 489 792 889 989 984 1007 1007 1004 976 934 882 861 925 1000 1011 1007 1010 1007 1011 1007 1011 1011 1009 996 997 970 709 400 362 420 457 538 854 983 907 867 490 412 459 468 451 542 481 823 601 412 303 424 611 798 960 999 970 996 1019 1022 1016 1011 1013 1023 1024 1019 1023 1010 1010 1023 1021 1027 1028 1022 1029 1018 1024 1030 1022 1026 1025 1016 1033
1004 1005 1001 958 783 482 303 357 501 724 882 902 872 981 1005 1001 970 906 858 936 977 1010 1011 1011 1011 1011 1011 1012 1012 1012 1012 1002 998 960 632 855 542 486 526 740 915 800 873 487 333 342 313 340 426 451 446 401 336 380 494 716 940 967 903 901 969 1012 1019 1007 1003 1016 1024 1024 1021 997 1014 1026 1026 1016 1021 1025 1010 1028 1029 1028 1013 1030 1031 1020 1031 1032
1001 1005 1001 985 891 603 417 348 656 904 888 851 899 993 968 998 976 967 996 977 883 1010 1007 1011 1011 1006 1002 1012 1012 1006 1012 1012 1009 1004 1012 1000 1001 959 753 854 857 791 717 533 295 284 255 290 322 297 272 292 283 390 657 933 980 975 966 969 996 1002 1007 1008 1015 1022 1024 1024 1016 1018 1025 1026 1010 1021 1026 1026 1016 1028 1028 1027 1016 1030 1031 1031 1031 1021
1004 1001 997 986 950 762 517 400 637 873 918 783 799 988 954 933 971 994 1000 999 995 997 1011 1011 1006 992 1003 1012 1012 998 1013 1013 1010 1013 1008 990 1002 1014 950 1002 860 660 566 463 299 273 263 426 370 285 275 376 559 806 988 1020 800 632 639 809 988 946 985 1023 1023 1023 1024 1021 1018 1025 1024 1023 1022 1026 1026 1012 1008 1027 1023 1029 1030 1029 1031 1031 1029 1027
1004 1005 1005 970 969 888 539 445 586 934 975 883 944 982 994 989 977 994 1009 1005 1007 1011 1010 1011 1002 1011 1011 1013 1012 1008 1013 1008 1010 1014 1014 1007 1014 1015 990 938 565 685 483 349 307 310 389 645 522 502 518 711 951 925 881 497 513 534 547 613 746 843 930 1017 936 967 1014 1008 1006 1018 1020 1019 1026 1026 1024 1024 1027 1027 1028 1029 1029 1030 1024 1031 1026 1030
