prediction/untitled folder/solar_ghi_19900101_08UT.txt
NCOLS 839
NROWS 679
XLLCORNER 112.025005
YLLCORNER -43.9750009
CELLSIZE 0.0499954
NODATA_VALUE -999
[rows 387 to 429 of 679, columns 480 to 575 of 839]
188 189 189 188 187 186 176 167 155 157 142 123 100 90 100 101 101 85 120 101 110 124 102 87 95 115 115 107 120 105 106 118 124 137 145 155 120 108 104 99 92 91 92 94 95 102 127 140 123 97 91 89 105 104 111 116 117 119 111 96 89 87 85 87 100 96 95 80 71 74 81 77 75 70 73 83 82 80 79 73 76 75 74 61 66 59 66 66 66 69 67 53 45 55 70 74
188 189 189 188 187 186 183 178 170 163 165 151 114 103 100 103 100 78 113 109 94 99 89 78 96 110 91 97 112 111 104 118 106 135 150 145 124 115 109 102 92 88 91 87 93 104 101 118 120 86 93 102 115 108 109 107 103 112 109 99 91 85 82 86 92 97 94 93 82 79 88 88 86 82 82 89 96 97 90 82 81 75 73 72 72 67 78 72 67 63 62 63 52 55 66 72
183 190 189 184 184 186 186 183 175 169 168 162 144 124 107 119 98 83 112 115 70 71 82 84 89 85 79 91 95 104 94 101 107 102 139 120 117 115 106 108 105 101 92 77 80 97 92 93 123 86 89 122 122 130 134 124 104 106 102 96 95 91 86 89 88 94 99 105 91 82 94 96 98 87 88 90 92 95 91 88 85 78 71 75 74 73 81 77 73 67 64 64 55 55 63 74
161 183 183 188 187 187 186 185 182 176 174 168 154 126 110 118 113 102 125 136 75 79 94 88 69 67 79 82 91 93 79 87 103 75 98 95 104 99 94 101 110 107 89 69 70 88 90 79 113 90 76 110 102 120 141 129 102 104 102 96 98 94 88 87 87 89 108 106 93 81 87 92 93 84 83 87 83 83 84 83 88 86 76 74 66 73 81 80 79 72 66 64 60 60 62 69
137 164 163 176 188 187 186 185 185 179 169 168 167 150 148 115 130 123 118 123 120 111 114 103 79 65 65 77 101 92 74 88 82 64 67 83 102 82 86 96 103 95 74 71 81 81 76 61 79 87 56 86 84 89 118 104 93 101 105 104 104 92 77 75 83 90 112 106 96 82 77 81 82 80 78 81 80 76 72 71 76 86 86 78 65 73 81 82 74 67 66 70 72 70 66 63
135 159 161 175 184 187 186 186 185 180 177 174 173 164 139 129 156 127 146 162 159 140 118 119 127 119 107 103 96 82 85 84 79 37 50 89 82 73 71 82 84 59 62 91 99 72 48 49 63 77 48 79 92 93 97 97 91 89 97 113 124 91 54 52 68 83 105 101 101 104 73 76 76 74 74 79 82 77 67 58 58 72 78 81 81 80 75 77 71 69 72 72 75 75 72 67
160 126 138 143 179 188 187 186 185 178 172 181 182 182 169 164 167 163 166 146 150 156 153 139 140 136 125 115 95 79 73 68 66 37 73 54 67 90 94 67 37 36 62 100 112 76 53 56 57 67 75 80 60 88 83 86 63 58 70 89 106 89 66 55 47 56 92 86 90 109 93 70 72 74 71 75 83 83 67 52 60 69 65 74 81 76 70 73 78 74 69 71 79 73 64 64
162 131 127 142 176 188 187 187 186 178 177 184 183 182 181 173 173 169 173 165 162 153 158 158 146 134 123 101 89 95 110 125 111 45 51 50 46 82 85 49 36 44 79 108 98 84 75 56 58 67 48 91 88 88 84 70 56 58 70 80 92 109 99 69 47 59 73 65 69 88 96 74 67 72 72 75 72 72 71 55 48 54 61 71 85 72 63 73 88 93 77 76 82 77 67 61
162 159 127 153 177 189 186 185 184 178 178 179 181 182 182 176 175 171 172 171 170 162 164 149 131 138 142 120 101 100 114 135 147 93 88 51 50 83 83 76 49 56 77 99 121 108 103 98 96 91 65 79 97 104 93 76 55 45 59 79 88 109 119 92 63 51 51 55 66 73 87 68 68 73 69 71 69 65 66 64 57 48 52 52 79 78 53 60 81 96 87 84 86 80 74 65
177 182 140 157 179 187 183 175 166 171 175 177 183 182 180 176 178 177 169 176 177 170 164 138 129 142 142 133 120 112 116 108 154 146 138 83 62 91 66 74 74 95 94 104 130 120 117 106 101 85 73 80 110 127 90 83 73 56 62 75 82 99 128 111 78 56 41 41 64 71 77 69 66 72 66 72 73 65 64 65 65 54 42 46 63 72 63 55 68 73 78 89 96 87 74 68
183 190 172 163 182 184 181 171 156 165 178 182 184 183 175 174 181 173 172 176 177 170 166 149 151 154 148 133 128 128 124 102 147 161 165 118 90 101 50 59 97 101 100 109 122 141 133 110 99 78 57 86 126 140 86 91 84 68 62 70 81 103 132 121 93 68 49 44 55 67 80 79 65 66 61 72 82 73 64 64 62 61 46 51 57 62 65 60 61 67 69 75 84 81 71 66
191 192 192 183 185 185 186 173 165 174 181 179 177 174 170 172 179 173 175 174 174 175 172 169 168 167 167 150 130 134 122 117 142 157 161 98 121 114 69 81 107 74 88 92 100 156 143 113 97 94 63 97 120 120 89 102 81 72 68 68 85 111 125 118 105 82 73 60 50 58 82 87 68 65 60 69 88 83 71 68 63 63 60 57 59 59 60 63 61 63 67 68 75 75 70 69
193 193 192 191 190 189 184 153 164 184 183 180 179 174 171 167 174 176 175 179 169 170 172 164 166 163 162 164 160 142 126 131 148 144 148 62 123 144 148 148 111 72 85 76 86 133 125 97 85 121 103 108 90 88 91 115 83 81 75 71 85 107 113 103 92 103 94 74 60 51 70 80 73 72 68 66 79 90 82 71 68 66 68 62 60 60 59 62 60 55 65 76 81 73 68 77
193 193 192 191 191 190 182 176 175 177 179 180 182 181 176 173 177 176 173 177 171 163 139 152 158 160 164 164 144 140 140 129 156 162 154 151 123 126 113 115 141 127 109 104 104 114 133 113 88 119 95 96 77 67 84 118 108 81 57 52 72 92 100 85 61 124 131 81 83 64 54 70 72 76 76 69 70 85 90 71 65 64 69 69 64 60 63 68 64 60 64 73 82 76 66 71
193 193 192 191 189 190 189 181 187 186 186 185 185 179 178 180 178 181 173 172 178 160 135 143 134 159 162 140 136 148 146 140 160 158 130 149 124 157 156 162 163 147 73 90 106 90 109 106 92 97 128 98 80 48 67 105 83 76 68 48 56 84 97 92 69 93 141 133 117 100 63 65 78 72 68 73 78 88 96 84 68 62 63 68 71 76 78 76 71 81 87 90 105 113 95 83
171 186 190 191 187 190 189 188 188 187 186 186 183 177 176 178 180 181 173 173 178 174 163 143 126 130 151 145 133 136 144 154 154 157 160 162 134 160 165 164 164 131 111 110 90 69 82 111 89 61 104 134 115 78 80 89 75 84 86 66 62 80 90 92 106 96 118 99 88 91 88 74 83 86 74 68 75 85 90 89 81 68 68 65 64 68 72 74 69 81 90 96 110 112 104 103
141 156 188 187 178 181 189 189 188 187 186 182 176 177 179 179 180 181 176 173 176 172 173 162 134 123 132 142 145 142 132 129 139 133 159 163 153 157 159 165 164 148 143 119 91 80 86 92 89 81 64 108 121 120 107 72 75 71 79 78 76 80 82 95 126 125 121 108 92 110 113 97 99 89 77 60 59 75 85 87 88 79 78 64 63 67 64 71 68 75 97 106 110 117 120 118
123 130 170 166 165 175 188 189 188 187 187 179 178 180 177 178 178 180 179 178 172 174 175 168 150 132 125 131 138 133 122 123 144 139 160 164 158 158 161 164 164 159 154 130 113 110 97 74 74 100 69 93 108 105 115 96 82 67 82 84 84 88 89 97 112 115 115 109 104 122 132 125 124 108 83 62 51 65 80 85 84 81 79 64 71 68 67 72 69 74 96 114 119 124 124 122
123 126 143 151 153 184 190 189 188 188 187 181 182 181 177 179 175 178 180 176 173 172 174 171 167 135 131 124 119 121 120 126 148 156 162 162 159 161 162 160 160 156 154 143 144 143 117 86 76 89 79 88 105 77 101 132 92 76 94 94 86 87 93 105 92 85 99 94 99 106 101 120 131 127 97 67 52 57 70 76 74 74 74 67 72 67 60 66 66 73 87 102 115 125 124 122
127 117 125 138 147 179 190 189 189 188 187 186 186 183 178 179 176 177 176 176 176 171 174 175 168 150 147 144 133 131 131 129 137 149 156 160 161 161 162 159 161 158 157 154 153 154 145 116 87 68 75 79 103 77 104 143 109 91 108 108 88 79 93 109 82 70 86 79 80 80 75 91 120 132 116 79 61 59 63 70 67 67 70 70 67 69 58 62 66 70 76 81 93 112 117 115
146 140 135 126 129 153 185 185 182 188 187 187 186 183 180 182 181 178 175 181 173 177 172 171 175 162 145 137 153 153 145 141 140 140 152 163 164 161 160 162 161 158 159 156 155 153 145 109 73 67 79 64 85 116 154 147 135 107 117 123 97 88 104 111 85 70 68 66 72 65 81 78 104 132 140 113 80 71 69 73 70 67 69 72 75 79 75 76 75 70 69 71 79 95 108 96
145 148 135 117 127 145 162 170 177 188 188 185 186 186 185 177 179 178 175 173 174 178 179 171 166 175 137 129 128 139 139 129 145 150 154 168 164 162 160 164 161 164 163 162 160 155 143 122 93 65 91 94 106 154 149 144 138 135 132 103 107 124 123 122 94 78 60 57 85 69 61 84 82 110 141 140 115 83 78 81 73 71 67 82 80 66 63 62 68 65 63 72 79 85 96 100
160 167 164 154 152 143 156 168 149 182 183 181 187 186 181 175 174 176 175 174 179 178 177 178 176 172 152 140 135 135 140 134 136 141 150 165 165 164 163 165 162 160 162 159 156 157 155 132 96 85 85 80 125 154 154 153 152 151 138 129 123 120 126 129 102 76 60 64 62 66 72 82 79 91 126 141 140 118 86 72 84 79 71 71 88 85 64 65 67 66 72 76 72 73 83 84
174 177 182 181 166 148 168 178 142 182 188 185 187 186 183 178 167 169 175 177 179 176 177 178 175 169 152 164 145 140 141 140 135 131 155 148 165 164 163 165 165 160 160 159 158 160 157 145 118 94 98 114 112 104 100 126 153 152 127 122 136 140 139 133 120 98 68 72 60 63 73 70 79 84 93 129 141 139 118 110 100 83 88 70 85 80 81 71 65 67 75 75 60 56 73 65
167 177 180 173 157 154 177 183 163 189 189 188 187 186 186 180 169 167 173 177 177 176 177 179 178 169 153 174 160 152 144 143 147 144 150 139 150 169 164 163 164 161 162 159 159 158 155 148 116 92 109 136 105 89 80 111 147 152 142 141 145 146 142 137 132 117 85 75 71 61 68 65 76 80 80 88 102 121 126 127 107 103 96 84 73 80 81 84 74 69 73 73 60 55 64 62
164 176 168 150 139 149 176 184 183 189 189 188 187 187 186 183 177 166 168 175 176 174 178 173 176 173 163 174 161 157 158 140 158 155 137 150 149 167 166 163 162 161 162 159 159 158 155 123 83 71 80 103 104 94 81 129 153 153 152 151 149 146 145 143 138 132 113 89 72 62 64 67 72 76 77 87 94 93 113 132 127 111 100 94 74 72 80 91 82 74 68 69 66 55 71 70
186 172 144 128 123 135 159 165 178 185 189 188 188 187 184 185 178 169 163 163 177 176 176 174 172 175 168 170 146 168 153 159 163 154 146 154 155 170 166 163 162 164 161 160 159 158 156 107 65 54 50 65 89 91 97 147 154 153 152 150 146 144 144 143 141 137 135 113 71 60 65 68 73 76 77 96 98 88 108 134 137 120 109 90 84 69 83 88 82 81 71 68 71 59 75 70
194 169 162 142 123 117 126 153 183 190 189 188 188 187 186 185 178 172 155 154 175 174 171 170 172 173 168 161 169 176 168 167 158 155 152 140 156 168 164 166 165 164 163 160 162 160 158 134 89 65 53 49 74 87 107 140 152 152 151 148 145 143 143 139 137 136 135 122 85 66 65 70 78 83 72 84 104 100 122 138 137 136 121 94 90 84 90 89 85 83 80 77 77 74 69 64
195 159 158 151 130 111 119 165 184 187 189 189 188 187 185 186 180 170 164 148 148 172 171 171 167 165 177 168 153 161 168 159 176 168 150 146 136 136 161 162 165 162 165 163 162 163 158 155 134 93 66 67 111 145 84 141 149 148 149 146 149 149 143 140 141 138 138 125 95 91 66 77 77 78 76 88 104 112 135 136 137 137 136 133 113 111 108 105 94 80 80 90 88 88 102 95
186 169 176 170 133 113 116 139 171 186 190 189 188 187 182 186 184 176 172 164 154 159 172 168 173 171 173 173 160 169 166 168 175 164 148 142 137 142 169 164 161 164 166 161 160 161 161 157 149 141 130 124 154 156 138 151 153 149 147 149 150 147 148 144 143 141 138 138 113 83 64 80 85 80 83 93 96 102 122 136 132 137 135 128 105 112 116 117 116 114 117 110 84 80 106 97
183 184 194 179 131 113 119 125 145 188 190 189 188 183 187 186 185 185 184 179 157 148 161 167 170 170 167 168 163 174 175 175 175 159 145 142 153 141 158 165 161 163 162 161 159 159 163 158 154 139 120 140 156 136 156 155 151 146 148 147 148 145 143 145 146 139 138 141 137 87 81 79 82 87 102 102 98 100 103 127 138 134 131 130 127 129 122 111 111 116 121 121 112 105 102 84
196 197 192 177 125 117 129 129 141 181 189 180 184 183 187 186 185 185 184 177 164 146 141 161 166 168 164 156 158 175 176 176 175 158 139 139 152 149 141 165 164 163 162 166 161 160 159 156 155 111 74 100 116 129 157 156 155 149 149 149 148 146 145 144 146 143 141 141 139 119 92 91 101 105 116 120 116 116 118 122 138 137 135 132 133 131 126 122 103 104 118 115 122 120 111 97
198 197 189 174 131 134 141 146 155 165 173 158 170 181 179 185 186 185 180 174 173 154 135 146 161 157 157 156 168 177 177 177 176 166 134 128 140 143 142 157 164 166 161 166 164 160 160 161 159 122 78 66 87 139 157 156 155 151 149 150 148 148 145 145 146 147 143 140 138 137 114 109 123 121 111 118 126 125 126 117 129 138 136 128 132 129 130 128 115 111 118 117 123 123 119 116
198 197 195 183 150 157 152 156 152 147 156 144 149 171 179 182 184 185 180 175 174 171 147 131 144 136 145 164 178 177 177 178 177 176 155 134 136 143 155 161 167 166 164 164 165 160 162 163 160 157 119 70 86 148 157 156 156 153 151 150 149 148 148 147 144 145 143 141 142 137 134 129 135 134 112 116 130 129 127 121 124 134 136 127 128 132 131 132 129 127 128 124 124 124 123 121
199 198 197 186 165 148 135 161 165 142 147 144 167 163 186 175 186 185 185 159 169 181 162 134 116 123 119 142 177 177 177 177 176 175 159 142 143 160 172 171 169 161 163 160 164 160 162 163 158 155 149 123 104 154 157 157 156 151 151 151 151 151 148 147 145 144 143 141 145 143 141 140 137 136 130 126 128 126 129 132 132 133 136 135 125 132 129 127 129 130 130 126 125 124 122 121
199 198 197 186 177 171 152 175 161 117 116 147 175 167 188 187 182 186 185 183 180 179 170 142 113 111 118 136 167 177 177 176 168 165 162 156 146 149 163 153 167 162 163 165 158 159 160 159 157 155 140 109 106 159 152 157 154 150 151 150 152 151 150 149 145 144 141 141 146 147 143 142 138 137 140 139 136 129 125 127 129 131 132 130 132 129 124 113 119 128 128 127 128 127 125 121
199 198 197 189 184 182 170 180 177 150 138 146 148 147 184 187 187 186 185 185 184 163 158 158 122 105 112 131 159 173 177 169 152 153 143 137 133 146 153 140 165 162 168 166 162 159 157 159 158 158 149 119 91 125 158 155 151 150 147 147 148 149 151 150 143 147 146 145 145 147 143 140 139 140 139 137 139 138 135 131 130 128 132 128 132 130 129 125 126 127 127 128 129 127 126 125
197 194 197 190 190 183 171 172 158 145 141 137 134 144 176 188 187 186 186 185 183 169 167 163 128 107 122 139 163 170 177 165 145 149 143 138 140 151 161 166 165 162 164 161 160 164 161 162 159 133 102 105 138 151 158 154 151 150 149 147 148 151 151 147 143 145 146 141 148 146 142 139 140 139 136 137 139 136 135 131 134 133 133 133 132 131 131 128 128 129 128 126 127 127 124 125
192 196 198 196 189 186 165 147 124 122 121 133 147 147 149 184 188 187 184 185 185 184 182 173 152 132 141 152 166 172 177 170 143 146 143 139 141 160 170 166 168 164 164 163 163 164 163 164 155 111 74 85 158 159 156 152 153 151 149 151 151 152 149 148 144 143 145 142 147 143 143 143 142 139 138 140 139 138 138 137 136 134 133 132 132 133 132 131 128 128 128 128 125 127 124 126
180 197 198 197 189 188 168 137 123 123 126 132 168 155 137 162 188 187 179 185 185 184 184 181 175 165 153 163 170 176 175 159 141 135 137 142 158 169 168 169 170 165 164 160 163 162 163 164 157 124 88 88 158 160 159 158 154 155 150 150 153 151 149 147 146 146 143 146 143 142 143 145 144 141 141 140 139 138 136 137 136 134 133 132 132 133 130 130 131 128 127 127 125 127 125 126
161 193 198 197 196 194 178 168 164 156 130 124 139 155 142 132 166 183 173 186 185 185 185 181 176 165 158 171 173 178 169 134 139 133 141 156 170 173 168 171 170 166 165 160 163 163 163 164 161 157 127 102 136 160 159 159 154 155 152 150 153 151 148 147 147 147 145 145 144 143 142 143 143 143 142 140 139 139 136 136 136 134 133 133 132 133 131 130 131 127 126 127 127 128 125 126
166 168 199 193 192 196 194 174 154 175 153 128 127 132 143 143 128 175 177 180 185 185 184 179 180 173 172 176 179 179 167 137 151 154 167 175 174 171 170 169 170 168 163 166 161 162 163 161 158 159 127 93 105 160 160 153 153 154 153 154 155 152 148 149 147 145 147 142 146 142 142 144 143 144 140 139 138 139 138 138 140 136 135 135 135 133 133 132 133 129 128 131 128 128 127 124
142 161 199 193 197 192 189 177 173 189 183 176 176 154 145 140 138 132 180 175 179 185 169 172 178 175 177 176 180 179 178 155 161 159 171 170 170 167 166 165 163 162 165 168 166 161 166 157 150 148 128 114 152 160 160 157 153 154 157 156 155 155 154 148 145 146 144 147 142 143 143 144 141 142 141 141 140 137 135 134 137 134 132 132 133 132 130 129 130 129 128 129 128 127 125 125
