prediction/untitled folder/solar_ghi_19900101_08UT.txt
NCOLS 839
NROWS 679
XLLCORNER 112.025005
YLLCORNER -43.9750009
CELLSIZE 0.0499954
NODATA_VALUE -999
[rows 559 to 601 of 679, columns 576 to 671 of 839]
177 176 175 175 174 173 160 173 172 169 170 170 168 168 168 167 166 166 164 164 164 163 161 159 161 160 155 155 158 157 157 154 153 149 149 153 149 150 148 148 148 146 145 145 143 143 144 142 144 138 134 136 136 128 136 134 133 130 132 133 136 133 133 131 131 129 129 131 130 130 129 125 124 124 126 125 125 124 123 123 122 122 115 115 115 118 118 115 114 114 112 112 114 112 110 108
177 176 176 175 174 174 173 171 172 172 171 170 169 169 168 167 166 166 165 164 160 159 161 160 160 160 157 155 154 157 157 155 153 154 154 149 148 152 150 150 148 145 145 144 146 144 144 145 144 142 140 141 136 130 135 136 136 134 133 135 136 135 130 131 130 132 130 132 131 130 126 123 122 123 126 125 125 125 123 123 123 115 115 115 115 118 118 116 117 116 112 109 113 112 111 109
178 176 176 175 174 174 173 173 172 172 171 170 170 169 168 167 166 165 165 164 163 162 157 158 154 157 159 156 153 152 155 155 156 155 154 150 149 149 150 150 150 146 145 145 146 147 146 145 144 143 140 140 136 130 135 139 137 134 133 133 132 135 133 131 130 130 129 129 127 127 129 128 125 127 127 125 125 123 123 123 123 115 115 115 115 118 118 117 117 116 116 110 111 112 110 109
178 176 176 175 174 174 173 173 170 166 170 167 170 169 168 167 166 166 165 164 164 162 151 152 156 157 156 157 154 153 152 150 151 155 152 154 150 149 148 150 150 150 149 147 143 143 146 145 145 140 137 140 140 142 138 138 139 137 136 135 136 136 135 134 134 132 131 131 131 130 129 128 125 127 127 126 126 123 123 123 123 123 115 120 118 118 118 117 117 116 116 113 113 113 111 110
178 176 176 174 174 174 173 173 170 172 171 167 170 169 168 167 167 166 165 165 164 163 159 161 161 160 160 159 158 158 157 154 154 151 150 149 150 150 150 149 149 149 149 147 147 147 145 143 144 140 137 137 142 142 139 136 137 137 138 137 137 136 135 134 134 133 132 132 131 130 130 129 128 128 127 126 126 123 123 123 123 116 116 120 120 118 118 118 118 116 115 113 114 112 111 111
178 176 176 174 174 173 173 173 172 172 171 171 170 169 168 168 167 166 166 165 164 163 163 162 161 161 160 159 159 158 157 156 156 154 150 149 150 150 150 149 147 149 148 147 148 147 144 145 145 144 144 144 142 142 141 139 137 139 138 137 137 136 135 135 134 133 133 132 131 131 130 129 129 128 127 127 126 123 123 123 123 122 116 116 120 120 119 119 118 116 115 113 114 109 108 109
178 176 176 174 174 173 173 172 172 171 171 171 170 169 169 168 167 166 166 165 164 163 163 162 162 161 160 159 159 158 157 157 156 155 149 152 149 150 148 149 148 149 146 148 148 146 144 146 144 145 144 144 142 142 140 140 140 139 138 138 137 136 136 135 134 134 133 132 132 131 130 129 129 128 127 127 127 123 123 123 124 124 122 116 116 116 117 119 119 114 109 110 109 109 113 111
178 176 174 174 173 173 173 172 171 171 171 171 170 170 169 168 168 166 166 165 164 163 162 162 162 161 160 160 159 158 158 157 156 156 155 154 150 146 146 148 148 147 147 146 146 147 146 146 146 145 144 144 142 142 141 140 140 139 139 138 137 137 136 135 135 134 133 133 132 131 130 130 129 128 127 127 127 127 123 124 124 124 122 122 120 119 118 119 114 114 109 110 110 114 114 112
178 176 174 174 173 173 172 171 171 171 171 170 170 170 169 169 169 168 166 165 164 162 162 162 161 161 160 160 159 158 158 157 156 156 155 154 154 152 153 151 152 145 145 149 149 148 147 147 146 145 144 144 143 142 142 141 140 140 139 138 138 137 136 136 135 134 134 133 132 131 131 130 130 128 127 127 127 127 124 124 124 124 123 122 121 121 118 118 118 118 112 110 111 115 114 112
178 176 174 173 173 173 171 171 171 171 170 170 170 169 169 169 169 169 166 165 164 162 162 161 161 161 160 160 159 158 158 157 156 155 155 154 154 153 153 151 151 148 147 147 149 148 148 147 146 145 145 144 143 143 142 140 141 140 139 139 138 137 137 136 135 135 134 133 133 131 131 131 130 128 127 127 127 124 124 124 124 124 123 123 121 121 121 120 119 118 112 111 111 115 114 114
178 174 174 173 173 171 171 171 171 170 170 170 169 169 169 169 169 169 169 165 164 162 162 161 161 161 160 160 159 158 158 157 155 155 155 154 154 153 153 152 152 151 150 148 143 147 148 147 146 146 145 144 144 143 142 136 136 140 140 139 138 137 137 136 135 135 135 133 133 133 131 131 131 128 127 127 127 124 124 124 124 124 123 123 123 121 120 120 119 119 112 117 117 115 115 115
178 174 173 173 171 171 171 171 170 170 170 170 169 169 169 169 169 169 169 169 162 162 161 161 161 161 160 160 159 158 158 157 155 155 154 154 154 153 153 153 152 151 151 149 149 144 148 147 146 146 145 145 144 140 143 142 141 140 140 139 138 138 137 136 136 135 135 135 133 133 131 131 131 131 127 127 124 124 124 124 124 124 123 123 123 120 120 120 119 119 119 117 117 116 116 115
174 174 173 173 171 171 171 170 170 170 170 169 169 169 169 169 169 169 169 169 162 162 161 161 161 161 160 160 159 158 158 157 155 155 154 154 153 153 153 153 152 151 148 147 149 140 148 148 147 145 145 144 144 143 143 142 141 141 140 139 139 138 137 137 136 136 135 135 133 133 133 131 131 131 127 124 124 124 124 124 124 124 123 123 123 120 120 120 119 119 119 117 116 116 116 115
173 173 173 171 171 171 170 170 170 170 170 169 169 169 169 169 169 169 169 169 162 161 161 161 161 161 160 160 159 158 158 155 155 154 154 154 153 153 153 153 152 148 148 147 149 143 148 148 147 146 143 144 144 144 143 142 142 141 140 140 139 138 138 137 137 136 135 135 135 133 133 131 131 131 131 124 124 124 124 124 124 124 123 123 123 120 120 120 119 119 119 116 116 116 116 115
172 171 171 171 171 170 170 170 170 170 169 169 169 169 169 169 169 169 169 169 169 161 161 161 161 161 160 160 159 158 158 155 155 154 154 153 153 153 153 153 148 148 148 147 143 143 148 148 147 147 146 145 145 144 143 143 142 141 141 140 139 139 138 138 137 137 136 135 135 133 133 133 131 131 131 124 124 124 124 124 124 124 123 123 120 120 120 120 119 119 116 116 116 116 115 115
171 171 171 171 170 170 170 170 170 170 169 169 169 169 169 169 169 169 169 169 169 161 161 161 161 161 160 160 159 158 158 155 154 154 154 153 153 153 153 153 148 148 148 143 143 143 148 148 146 146 146 146 145 144 144 143 142 141 141 141 139 139 139 138 138 137 137 135 135 135 133 133 131 131 124 124 124 124 124 124 124 124 123 123 120 120 120 120 119 119 116 116 116 115 115 115
-999 171 171 170 170 170 170 170 170 169 169 169 169 169 169 169 169 169 169 169 169 161 161 161 161 161 160 160 159 158 155 155 154 154 153 153 153 153 153 153 148 148 148 143 143 148 148 146 146 146 146 146 145 145 144 143 142 142 141 141 141 139 139 139 138 138 137 137 135 135 133 133 133 131 124 124 124 124 124 124 124 124 123 123 120 120 120 120 119 119 116 116 115 115 115 115
-999 -999 170 170 170 170 170 170 170 169 169 169 169 169 169 169 169 169 169 169 169 161 161 161 161 161 160 160 159 158 155 154 154 153 153 153 153 153 153 148 148 148 148 143 143 148 146 146 146 146 146 146 145 145 144 143 143 142 142 141 141 139 139 139 139 138 138 137 137 135 135 133 133 131 124 124 124 124 124 124 124 124 123 123 120 120 120 120 119 119 116 115 115 115 115 115
-999 -999 -999 -999 169 169 169 169 169 169 169 169 169 169 169 169 169 169 169 169 169 169 169 169 169 155 155 155 155 155 155 154 154 153 153 153 153 153 153 148 148 148 143 143 148 146 146 146 146 146 146 145 145 145 144 143 143 143 142 141 141 141 139 139 139 139 138 138 137 135 135 133 133 133 124 124 124 124 124 124 124 124 123 120 120 120 120 120 119 116 115 115 115 115 115 115
-999 -999 -999 -999 -999 -999 -999 -999 -999 -999 -999 -999 -999 -999 -999 -999 -999 -999 -999 -999 -999 -999 -999 -999 -999 -999 154 154 154 154 154 154 153 153 153 153 153 153 153 148 148 148 143 143 146 146 146 146 146 146 146 145 145 145 144 143 143 143 143 142 141 141 139 139 139 139 139 138 138 137 135 135 135 135 124 124 124 124 124 124 124 124 123 120 120 120 120 120 119 115 115 115 115 115 115 115
-999 -999 -999 -999 -999 -999 -999 -999 -999 -999 -999 -999 -999 -999 -999 -999 -999 -999 -999 -999 -999 -999 -999 -999 -999 -999 -999 -999 153 153 153 153 153 153 153 153 153 153 148 148 148 148 143 146 146 146 146 146 146 146 146 145 145 145 144 143 143 143 143 143 141 141 141 139 139 139 139 139 138 138 137 137 136 136 -999 -999 -999 120 120 120 120 120 120 120 120 120 120 120 115 115 115 115 115 115 115 115
-999 -999 -999 -999 -999 -999 -999 -999 -999 -999 -999 -999 -999 -999 -999 -999 -999 -999 -999 -999 -999 -999 -999 -999 -999 -999 -999 -999 -999 153 153 153 153 153 153 153 153 153 148 148 148 143 146 146 146 146 146 146 146 146 145 145 145 145 144 143 143 143 143 143 143 141 141 139 139 139 139 139 139 138 138 137 137 -999 -999 -999 -999 -999 -999 -999 -999 -999 -999 116 116 116 116 115 115 115 115 115 115 115 115 112
-999 -999 -999 -999 -999 -999 -999 -999 -999 -999 -999 -999 -999 -999 -999 -999 -999 -999 -999 -999 -999 -999 -999 -999 -999 -999 -999 -999 -999 -999 -999 -999 148 148 148 148 148 148 148 148 148 143 146 146 146 146 146 146 146 146 145 145 145 145 144 143 143 143 143 143 143 143 141 141 139 139 139 139 139 139 138 138 -999 -999 -999 -999 -999 -999 -999 -999 -999 -999 -999 -999 116 116 115 115 115 115 115 115 115 115 115 112
-999 -999 -999 -999 -999 -999 -999 -999 -999 -999 -999 -999 -999 -999 -999 -999 -999 -999 -999 -999 -999 -999 -999 -999 -999 -999 -999 -999 -999 -999 -999 -999 -999 -999 -999 143 143 143 143 143 143 146 146 146 146 146 146 146 146 146 145 145 145 145 144 143 143 143 143 143 143 143 141 143 142 142 142 142 142 142 142 142 142 142 142 -999 -999 -999 -999 -999 -999 -999 -999 -999 -999 115 115 115 115 115 115 115 115 115 112 112
-999 -999 -999 -999 -999 -999 -999 -999 -999 -999 -999 -999 -999 -999 -999 -999 -999 -999 -999 -999 -999 -999 -999 -999 -999 -999 -999 -999 -999 -999 -999 -999 -999 -999 -999 -999 -999 148 148 146 146 146 146 146 146 146 146 146 146 145 145 145 145 145 144 143 143 143 143 143 143 143 143 143 142 142 142 142 142 142 142 142 142 142 142 -999 -999 -999 -999 -999 -999 -999 -999 -999 -999 -999 -999 -999 -999 -999 112 112 112 112 112 112
-999 -999 -999 -999 -999 -999 -999 -999 -999 -999 -999 -999 -999 -999 -999 -999 -999 -999 -999 -999 -999 -999 -999 -999 -999 -999 -999 -999 -999 -999 -999 -999 -999 -999 -999 -999 -999 -999 146 146 146 146 146 146 146 146 146 146 146 145 145 145 145 145 144 143 143 143 143 143 143 143 143 143 142 142 142 142 142 142 142 142 142 142 142 -999 -999 -999 -999 -999 -999 -999 -999 -999 -999 -999 -999 -999 -999 -999 -999 112 112 112 112 112
-999 -999 -999 -999 -999 -999 -999 -999 -999 -999 -999 -999 -999 -999 -999 -999 -999 -999 -999 -999 -999 -999 -999 -999 -999 -999 -999 -999 -999 -999 -999 -999 -999 -999 -999 -999 -999 -999 -999 -999 -999 -999 -999 145 145 145 145 145 145 145 145 145 145 145 144 143 143 143 143 143 143 143 143 143 142 142 142 142 142 142 142 142 142 142 142 -999 -999 -999 -999 -999 -999 -999 -999 -999 -999 -999 -999 -999 -999 -999 -999 112 112 112 112 112
-999 -999 -999 -999 -999 -999 -999 -999 -999 -999 -999 -999 -999 -999 -999 -999 -999 -999 -999 -999 -999 -999 -999 -999 -999 -999 -999 -999 -999 -999 -999 -999 -999 -999 -999 -999 -999 -999 -999 -999 -999 -999 -999 -999 -999 -999 -999 -999 -999 -999 -999 145 145 145 144 144 143 143 143 143 143 143 143 143 142 142 142 142 142 142 142 142 142 142 142 -999 -999 -999 -999 -999 -999 -999 -999 -999 -999 -999 -999 -999 -999 -999 -999 -999 112 112 112 112
-999 -999 -999 -999 -999 -999 -999 -999 -999 -999 -999 -999 -999 -999 -999 -999 -999 -999 -999 -999 -999 -999 -999 -999 -999 -999 -999 -999 -999 -999 -999 -999 -999 -999 -999 -999 -999 -999 -999 -999 -999 -999 -999 -999 -999 -999 -999 -999 -999 -999 142 145 145 145 145 144 144 143 143 143 143 143 143 143 142 142 142 142 142 142 142 142 142 142 142 -999 -999 -999 -999 -999 -999 -999 -999 -999 -999 -999 -999 -999 -999 -999 -999 -999 -999 -999 -999 -999
-999 -999 -999 -999 -999 -999 -999 -999 -999 -999 -999 -999 -999 -999 -999 -999 -999 -999 -999 -999 -999 -999 -999 -999 -999 -999 -999 -999 -999 -999 -999 -999 -999 -999 -999 -999 -999 -999 -999 -999 -999 -999 -999 -999 -999 -999 -999 -999 -999 -999 142 145 145 145 145 145 144 144 143 143 143 143 143 143 142 142 142 142 142 142 142 142 142 142 142 142 -999 -999 -999 -999 -999 -999 -999 -999 -999 -999 -999 -999 -999 -999 -999 -999 -999 -999 -999 -999
-999 -999 -999 -999 -999 -999 -999 -999 -999 -999 -999 -999 -999 -999 -999 -999 -999 -999 -999 -999 -999 -999 -999 -999 -999 -999 -999 -999 -999 -999 -999 -999 -999 -999 -999 -999 -999 -999 -999 -999 -999 -999 -999 -999 -999 -999 -999 -999 -999 -999 142 145 145 145 145 145 145 144 144 143 143 143 143 143 142 142 142 142 142 142 142 142 142 142 142 142 -999 -999 -999 -999 -999 -999 -999 -999 -999 -999 -999 -999 -999 -999 -999 -999 -999 -999 -999 -999
-999 -999 -999 -999 -999 -999 -999 -999 -999 -999 -999 -999 -999 -999 -999 -999 -999 -999 -999 -999 -999 -999 -999 -999 -999 -999 -999 -999 -999 -999 -999 -999 -999 -999 -999 -999 -999 -999 -999 -999 -999 -999 -999 -999 -999 -999 -999 -999 -999 -999 142 145 145 145 145 145 145 145 144 144 143 143 143 143 142 142 142 142 142 142 142 142 142 142 142 142 -999 -999 -999 -999 -999 -999 -999 -999 -999 -999 -999 -999 -999 -999 -999 -999 -999 -999 -999 -999
-999 -999 -999 -999 -999 -999 -999 -999 -999 -999 -999 -999 -999 -999 -999 -999 -999 -999 -999 -999 -999 -999 -999 -999 -999 -999 -999 -999 -999 -999 -999 -999 -999 -999 -999 -999 -999 -999 -999 -999 -999 -999 -999 -999 -999 -999 -999 -999 -999 -999 142 145 145 145 145 145 145 145 145 144 144 143 143 143 142 142 142 142 142 142 142 142 142 142 142 142 -999 -999 -999 -999 -999 -999 -999 -999 -999 -999 -999 -999 -999 -999 -999 -999 -999 -999 -999 -999
-999 -999 -999 -999 -999 -999 -999 -999 -999 -999 -999 -999 -999 -999 -999 -999 -999 -999 -999 -999 -999 -999 -999 -999 -999 -999 -999 -999 -999 -999 -999 -999 -999 -999 -999 -999 -999 -999 -999 -999 -999 -999 -999 -999 -999 -999 -999 -999 -999 -999 142 145 145 145 145 145 145 145 145 145 144 144 143 143 142 142 142 142 142 142 142 142 142 142 142 142 -999 -999 -999 -999 -999 -999 -999 -999 -999 -999 -999 -999 -999 -999 -999 -999 -999 -999 -999 -999
-999 -999 -999 -999 -999 -999 -999 -999 -999 -999 -999 -999 -999 -999 -999 -999 -999 -999 -999 -999 -999 -999 -999 -999 -999 -999 -999 -999 -999 -999 -999 -999 -999 -999 -999 -999 -999 -999 -999 -999 -999 -999 -999 -999 -999 -999 -999 -999 -999 -999 142 142 142 145 145 145 145 145 145 145 145 144 144 143 143 143 143 143 143 143 143 143 143 143 143 142 -999 -999 -999 -999 -999 -999 -999 -999 -999 -999 -999 -999 -999 -999 -999 -999 -999 -999 -999 -999
-999 -999 -999 -999 -999 -999 -999 -999 -999 -999 -999 -999 -999 -999 -999 -999 -999 -999 -999 -999 -999 -999 -999 -999 -999 -999 -999 -999 -999 -999 -999 -999 -999 -999 -999 -999 -999 -999 -999 -999 -999 -999 -999 -999 -999 -999 -999 -999 -999 -999 142 142 142 142 142 142 145 145 145 145 145 145 145 144 143 143 143 143 143 143 143 143 143 142 142 142 -999 -999 -999 -999 -999 -999 -999 -999 -999 -999 -999 -999 -999 -999 -999 -999 -999 -999 -999 -999
-999 -999 -999 -999 -999 -999 -999 -999 -999 -999 -999 -999 -999 -999 -999 -999 -999 -999 -999 -999 -999 -999 -999 -999 -999 -999 -999 -999 -999 -999 -999 -999 -999 -999 -999 -999 -999 -999 -999 -999 -999 -999 -999 -999 -999 -999 -999 -999 -999 -999 142 142 142 142 142 142 142 142 142 135 135 135 140 144 143 143 143 143 143 143 142 142 142 142 142 142 -999 -999 -999 -999 -999 -999 -999 -999 -999 -999 -999 -999 -999 -999 -999 -999 -999 -999 -999 -999
-999 -999 -999 -999 -999 -999 -999 -999 -999 -999 -999 -999 -999 -999 -999 -999 -999 -999 -999 -999 -999 -999 -999 -999 -999 -999 -999 -999 -999 -999 -999 -999 -999 -999 -999 -999 -999 -999 -999 -999 -999 -999 -999 -999 -999 -999 -999 -999 -999 -999 142 142 142 142 142 142 142 142 142 142 144 144 145 144 138 138 138 142 142 142 142 142 142 142 142 142 -999 -999 -999 -999 -999 -999 -999 -999 -999 -999 -999 -999 -999 -999 -999 -999 -999 -999 -999 -999
-999 -999 -999 -999 -999 -999 -999 -999 -999 -999 -999 -999 -999 -999 -999 -999 -999 -999 -999 -999 -999 -999 -999 -999 -999 -999 -999 -999 -999 -999 -999 -999 -999 -999 -999 -999 -999 -999 -999 -999 -999 -999 -999 -999 -999 -999 -999 -999 -999 -999 142 142 142 142 142 142 142 142 142 142 142 144 140 136 138 138 142 142 142 142 142 142 142 142 142 142 -999 -999 -999 -999 -999 -999 -999 -999 -999 -999 -999 -999 -999 -999 -999 -999 -999 -999 -999 -999
-999 -999 -999 -999 -999 -999 -999 -999 -999 -999 -999 -999 -999 -999 -999 -999 -999 -999 -999 -999 -999 -999 -999 -999 -999 -999 -999 -999 -999 -999 -999 -999 -999 -999 -999 -999 -999 -999 -999 -999 -999 -999 -999 -999 -999 -999 -999 -999 -999 -999 142 142 142 142 142 142 142 142 142 142 142 144 130 125 140 142 142 142 142 142 142 142 142 142 142 142 136 136 136 136 136 136 136 136 136 136 136 136 136 136 136 136 -999 -999 -999 -999
-999 -999 -999 -999 -999 -999 -999 -999 -999 -999 -999 -999 -999 -999 -999 -999 -999 -999 -999 -999 -999 -999 -999 -999 -999 -999 -999 -999 -999 -999 -999 -999 -999 -999 -999 -999 -999 -999 -999 -999 -999 -999 -999 -999 -999 -999 -999 -999 -999 -999 142 142 142 142 142 142 142 142 142 143 143 143 142 140 144 143 143 143 143 143 143 143 143 143 143 143 138 136 136 136 136 136 136 136 136 136 136 136 136 136 136 136 -999 -999 -999 -999
-999 -999 -999 -999 -999 -999 -999 -999 -999 -999 -999 -999 -999 -999 -999 -999 -999 -999 -999 -999 -999 -999 -999 -999 -999 -999 -999 -999 -999 -999 -999 -999 -999 -999 -999 -999 -999 -999 -999 -999 -999 -999 -999 -999 -999 -999 -999 -999 -999 -999 142 142 142 142 142 142 142 146 146 146 146 146 145 145 144 143 143 143 143 143 143 143 143 143 143 138 138 136 136 136 136 136 136 136 136 136 136 136 136 136 136 136 -999 -999 -999 -999
-999 -999 -999 -999 -999 -999 -999 -999 -999 -999 -999 -999 -999 -999 -999 -999 -999 -999 -999 -999 -999 -999 -999 -999 -999 -999 -999 -999 -999 -999 -999 -999 -999 -999 -999 -999 -999 -999 -999 -999 -999 -999 -999 -999 -999 -999 -999 -999 -999 -999 142 142 142 146 146 146 146 146 146 146 146 146 145 145 145 143 143 143 143 143 143 143 143 143 138 138 138 136 136 136 136 136 136 136 136 136 136 136 136 136 136 136 -999 -999 -999 -999
