prediction/untitled folder/solar_ghi_19900101_20UT.txt
NCOLS 839
NROWS 679
XLLCORNER 112.025005
YLLCORNER -43.9750009
CELLSIZE 0.0499954
NODATA_VALUE -999
[rows 424 to 476 of 679, columns 384 to 479 of 839]
57 56 56 57 56 58 57 60 61 62 63 64 64 64 65 65 66 68 68 68 69 70 69 71 71 72 71 73 74 75 76 78 78 79 80 80 81 82 81 73 71 72 70 71 72 72 76 79 81 86 86 91 92 88 91 92 89 87 91 95 97 98 98 96 92 101 101 101 100 104 100 100 103 105 104 105 107 98 104 107 105 109 110 111 115 114 90 118 120 116 113 122 122 115 97 104
57 51 57 57 58 59 61 62 63 63 62 63 63 64 64 65 68 67 68 68 70 70 70 71 72 72 73 73 75 75 77 78 78 79 80 81 81 82 83 77 72 70 66 69 72 75 78 76 77 83 88 92 93 88 89 90 89 90 93 97 97 96 98 99 100 100 99 103 103 104 90 79 97 99 101 99 99 98 103 97 92 109 111 109 113 116 118 117 106 97 90 121 110 119 93 83
55 52 58 58 60 60 61 61 62 63 63 63 64 65 66 64 67 69 70 70 71 70 72 72 73 73 74 74 74 77 77 78 78 79 80 81 81 82 83 79 74 73 66 69 69 78 78 74 75 83 89 92 91 90 92 94 91 92 95 97 98 98 98 97 101 100 100 103 104 101 98 106 93 89 98 106 98 111 108 106 94 102 111 112 114 116 117 119 91 92 110 77 73 84 86 76
55 52 50 57 58 60 62 62 63 63 62 64 64 67 66 65 67 68 68 69 70 71 72 72 73 74 75 73 76 77 77 78 79 80 80 81 82 83 83 82 74 74 68 69 69 80 81 74 74 83 89 92 92 93 93 92 89 92 97 97 98 96 98 99 98 100 102 103 105 95 103 102 97 92 101 109 110 110 111 112 113 104 107 111 115 117 118 78 114 120 87 74 73 90 109 88
56 54 52 58 60 58 59 62 63 62 63 65 66 64 66 66 66 70 69 69 71 72 73 73 73 74 74 76 77 77 78 77 77 78 81 81 82 83 82 82 74 74 70 70 72 82 80 75 77 82 89 91 93 92 94 91 89 94 96 94 95 96 98 98 98 98 101 103 105 97 106 107 107 101 104 109 110 111 105 112 113 105 99 108 115 117 111 73 115 121 108 78 88 86 82 101
56 57 57 58 57 56 61 61 61 62 63 66 66 66 68 69 68 70 67 70 71 71 72 73 73 73 75 76 77 78 78 79 80 80 81 82 82 83 84 84 80 74 70 70 71 74 75 77 77 77 87 91 92 93 92 86 91 95 94 91 94 97 97 96 96 97 99 102 102 100 106 107 104 104 108 107 110 111 106 110 113 114 111 113 115 117 118 111 117 121 121 94 124 90 93 92
57 57 57 50 57 60 62 60 57 61 65 65 66 68 68 69 68 69 64 70 71 73 71 72 73 75 76 77 77 78 79 76 77 80 81 82 83 83 84 85 81 77 75 71 78 75 72 75 77 78 87 89 89 93 95 90 88 86 92 93 93 97 96 92 92 97 99 101 104 103 104 107 104 107 107 108 110 110 111 112 113 106 111 115 115 116 116 117 118 121 122 88 98 92 88 88
57 57 50 50 57 60 59 62 64 55 64 65 67 68 68 68 69 67 62 69 72 72 72 73 74 75 76 77 77 78 79 78 79 77 82 82 83 84 84 85 85 82 75 78 76 70 68 69 71 83 88 87 85 83 84 90 80 85 98 92 95 97 96 92 93 97 102 103 104 101 103 107 108 108 108 108 108 109 111 113 114 102 111 114 115 116 117 118 119 121 123 123 74 89 86 126
57 50 50 50 57 59 59 62 63 65 66 63 65 68 65 68 67 64 66 69 73 71 72 73 74 75 77 76 75 78 79 79 80 76 82 82 81 84 85 85 86 83 83 77 74 71 60 68 74 80 84 89 89 88 89 91 91 97 96 97 98 99 99 94 91 95 101 100 101 102 97 106 107 107 106 107 109 112 112 113 114 107 113 115 115 116 117 118 119 120 121 123 121 85 77 126
57 50 50 50 59 59 59 63 63 65 66 62 62 65 69 70 69 70 72 71 73 72 73 73 72 75 76 75 75 78 80 80 81 79 82 82 80 84 85 86 87 87 84 84 76 67 59 69 72 73 79 83 80 78 83 86 93 96 95 99 100 101 97 76 76 98 100 99 105 106 84 105 108 108 109 109 111 111 113 114 114 109 115 116 116 116 117 118 119 117 119 122 124 106 126 88
50 50 50 50 59 59 63 63 63 66 66 62 65 68 53 64 71 72 72 73 74 72 75 73 72 73 75 76 76 77 80 80 82 78 82 82 81 83 86 86 87 88 88 89 80 64 63 68 70 71 73 75 73 70 69 79 87 94 95 96 97 101 91 83 92 94 88 97 101 102 104 108 106 108 108 109 109 110 113 114 114 115 115 114 117 118 117 118 117 117 121 121 123 124 126 91
50 50 50 50 59 59 63 63 66 66 66 65 65 59 63 70 71 72 73 73 74 75 75 76 68 61 74 76 78 79 81 80 81 80 81 83 83 82 85 87 88 87 88 90 79 67 61 65 71 65 70 73 73 69 68 74 79 91 91 96 99 100 99 101 93 85 90 89 97 104 105 106 105 109 106 110 110 112 113 114 115 109 107 105 114 118 119 120 118 118 122 121 123 124 126 95
50 50 50 59 59 63 63 63 66 66 65 65 59 59 63 67 68 72 73 74 74 71 64 63 73 60 56 75 79 80 81 80 82 83 84 84 85 83 85 84 85 88 89 90 85 75 62 64 74 49 65 74 68 70 75 71 73 86 91 98 99 100 99 103 98 95 93 86 94 103 106 104 106 109 108 109 110 112 113 114 116 117 117 113 84 111 118 119 119 121 121 120 124 125 98 79
50 50 50 59 59 63 63 66 66 66 65 59 59 59 67 67 68 61 65 67 63 61 52 45 48 46 55 75 79 80 80 81 82 84 83 78 80 84 87 85 88 89 90 90 87 86 79 73 78 34 64 77 60 64 73 71 68 81 93 95 93 96 97 103 104 102 93 85 87 87 105 108 108 106 104 110 112 113 113 115 116 117 117 115 96 112 116 116 119 120 119 121 124 126 127 105
50 50 50 59 63 63 63 66 66 65 59 59 59 67 67 67 61 61 55 49 50 49 43 37 38 46 55 75 79 80 80 82 83 84 84 70 82 86 87 86 88 89 90 91 91 86 83 85 86 46 66 61 63 71 64 61 70 75 77 89 83 86 102 103 104 105 97 90 86 80 105 109 108 104 105 110 112 112 114 115 116 117 115 115 111 114 118 120 120 121 123 124 126 96 82 77
50 50 59 59 63 63 66 66 66 59 59 59 59 67 67 61 61 55 55 48 44 40 36 36 38 38 55 75 80 80 80 82 83 83 82 82 86 87 87 86 89 89 90 91 91 91 90 89 80 41 51 62 65 75 74 67 72 73 77 92 99 101 99 103 104 105 101 97 93 94 106 109 109 105 109 109 113 113 114 115 116 117 115 116 114 117 117 120 120 120 123 125 126 81 88 109
50 50 59 63 63 63 66 66 59 59 59 59 67 67 67 61 55 55 48 48 44 40 36 36 36 38 38 80 80 80 80 82 83 83 77 83 86 87 88 85 89 89 90 90 91 92 92 88 81 69 60 74 75 79 80 77 77 82 91 92 96 95 93 104 105 105 96 87 95 106 108 110 109 108 109 110 109 111 115 115 115 116 116 117 118 119 117 120 121 121 123 125 126 79 109 127
59 59 59 63 63 66 66 59 59 59 59 59 67 67 61 55 55 48 48 48 44 40 36 36 36 36 38 80 80 80 80 83 83 77 77 83 86 86 87 86 87 87 89 90 90 92 90 88 81 77 89 83 87 79 86 91 90 90 89 90 95 98 102 103 102 106 106 106 102 102 107 110 111 111 106 112 110 107 112 116 116 115 117 117 117 118 119 120 122 123 124 126 121 94 125 128
63 63 63 63 63 66 66 59 59 59 59 67 67 67 55 55 48 48 48 48 44 40 36 36 36 36 36 80 80 80 80 83 77 77 77 86 86 86 87 88 85 86 90 90 90 92 88 88 85 85 81 88 88 87 87 95 100 101 98 94 96 100 99 105 103 106 107 104 101 95 96 107 111 112 99 111 106 98 111 113 114 117 118 119 115 119 119 122 122 123 124 122 109 125 127 128
66 66 66 66 66 66 59 59 59 59 59 67 67 55 55 48 48 48 48 48 44 40 36 36 36 36 36 80 80 80 83 77 77 77 86 86 86 87 87 88 82 86 90 91 91 88 88 88 85 85 79 87 95 92 86 94 101 102 102 96 98 101 81 99 105 107 108 108 97 94 102 107 110 105 101 94 98 106 113 115 114 115 118 118 120 119 120 121 122 123 125 125 117 121 126 125
-999 -999 65 65 59 59 59 59 59 59 67 67 55 55 48 48 48 48 48 48 44 40 36 36 36 36 36 80 80 80 77 77 77 77 86 86 87 87 87 82 82 82 91 91 91 88 88 88 85 79 79 87 98 94 91 97 100 102 101 97 98 97 85 92 104 108 108 109 100 93 100 105 103 110 101 97 102 108 113 113 116 117 116 117 120 121 119 121 123 124 124 125 125 125 127 128
-999 -999 -999 59 59 59 59 59 59 59 67 67 55 48 48 48 48 48 48 48 44 40 36 36 36 36 36 36 80 80 77 77 77 86 86 86 87 87 82 82 82 82 91 91 91 91 88 88 79 79 79 98 98 94 97 100 100 101 98 103 103 105 98 97 102 103 109 108 102 96 98 100 97 104 102 94 101 108 113 115 117 117 118 118 118 120 120 121 122 124 123 122 123 126 128 128
-999 -999 -999 -999 -999 67 67 67 67 67 67 55 48 48 48 48 48 48 48 48 44 40 36 36 36 36 36 36 80 77 77 77 77 86 86 87 87 87 82 82 82 82 91 91 91 91 88 88 79 79 98 98 94 94 96 100 101 102 103 103 105 105 105 105 103 106 103 102 98 102 99 92 89 94 109 106 101 109 115 117 117 118 118 120 120 120 119 122 123 124 124 125 126 127 124 127
-999 -999 -999 -999 -999 -999 -999 61 61 55 55 48 48 48 48 48 48 48 48 48 44 40 36 36 36 36 36 36 80 77 77 77 86 86 86 87 87 82 82 82 82 82 91 91 91 91 88 79 79 79 99 99 99 99 96 100 101 102 103 104 102 105 103 106 107 109 94 98 96 103 101 94 94 95 111 115 116 95 109 115 115 116 119 120 121 121 120 122 124 124 125 126 127 125 125 129
-999 -999 -999 -999 -999 -999 -999 -999 55 55 48 48 48 48 48 48 48 48 48 48 44 40 36 36 36 36 36 36 77 77 77 77 86 86 87 87 87 82 82 82 82 82 91 91 91 91 91 79 99 99 99 99 99 99 99 99 100 102 103 104 105 103 103 108 108 109 104 108 97 103 103 108 109 103 101 111 117 71 91 111 115 119 120 120 120 121 123 120 123 125 125 126 126 125 126 129
-999 -999 -999 -999 -999 -999 -999 -999 -999 48 48 48 48 48 48 48 48 48 48 48 44 40 36 36 36 36 36 36 77 77 77 86 86 86 87 87 82 82 82 82 82 82 91 91 91 91 91 97 97 97 97 97 97 97 99 99 100 100 103 104 106 106 105 108 109 109 107 102 103 107 110 113 112 102 107 114 116 114 111 115 118 119 120 121 121 121 123 123 123 123 124 127 124 123 126 128
-999 -999 -999 -999 -999 -999 -999 -999 -999 -999 -999 -999 -999 -999 -999 -999 -999 -999 -999 -999 -999 -999 -999 -999 77 77 77 77 77 77 77 86 86 87 87 87 82 82 82 82 82 82 91 91 91 91 97 97 97 97 97 97 97 97 97 99 100 100 103 106 106 107 107 108 109 110 104 101 90 97 102 108 109 103 104 109 116 111 116 118 119 119 120 121 122 121 122 121 123 125 125 126 128 127 127 129
-999 -999 -999 -999 -999 -999 -999 -999 -999 -999 -999 -999 -999 -999 -999 -999 -999 -999 -999 -999 -999 -999 -999 -999 -999 -999 86 86 86 86 86 86 86 87 87 82 82 82 82 82 82 82 91 91 91 91 97 97 97 97 97 97 97 97 97 97 100 84 106 102 102 102 107 108 109 110 103 102 85 79 87 99 102 100 104 112 113 116 119 118 120 120 120 121 122 122 123 124 125 122 125 127 128 129 128 128
-999 -999 -999 -999 -999 -999 -999 -999 -999 -999 -999 -999 -999 -999 -999 -999 -999 -999 -999 -999 -999 -999 -999 -999 -999 -999 -999 -999 87 87 87 87 87 87 87 82 82 82 82 82 82 82 91 91 91 97 97 97 97 97 97 97 97 97 97 84 84 84 56 102 102 102 102 103 104 107 104 96 78 69 82 89 96 103 110 114 112 115 118 117 120 120 121 121 122 123 124 124 125 125 127 127 127 126 130 130
-999 -999 -999 -999 -999 -999 -999 -999 -999 -999 -999 -999 -999 -999 -999 -999 -999 -999 -999 -999 -999 -999 -999 -999 -999 -999 -999 -999 -999 -999 82 82 82 82 82 82 82 82 82 82 82 82 91 91 97 97 97 97 97 97 97 97 97 97 84 84 84 84 56 56 94 94 95 95 101 108 106 89 76 70 80 82 93 104 110 115 118 116 117 119 119 121 122 121 121 123 124 125 125 125 127 128 128 127 127 129
-999 -999 -999 -999 -999 -999 -999 -999 -999 -999 -999 -999 -999 -999 -999 -999 -999 -999 -999 -999 -999 -999 -999 -999 -999 -999 -999 -999 -999 -999 -999 -999 -999 -999 -999 -999 -999 -999 -999 -999 -999 -999 98 97 97 97 97 97 97 97 97 97 84 84 84 84 84 84 56 56 86 86 99 92 99 106 107 97 85 77 82 83 92 101 105 114 116 117 116 120 121 122 119 118 118 121 123 122 126 126 126 127 129 129 129 129
-999 -999 -999 -999 -999 -999 -999 -999 -999 -999 -999 -999 -999 -999 -999 -999 -999 -999 -999 -999 -999 -999 -999 -999 -999 -999 -999 -999 -999 -999 -999 -999 -999 -999 -999 -999 -999 -999 -999 -999 -999 -999 -999 97 97 97 97 97 97 97 97 84 84 84 84 84 84 84 64 64 57 66 91 102 99 102 104 105 97 81 84 83 91 100 111 109 113 118 120 121 121 122 120 119 118 125 122 118 126 127 125 127 129 129 126 128
-999 -999 -999 -999 -999 -999 -999 -999 -999 -999 -999 -999 -999 -999 -999 -999 -999 -999 -999 -999 -999 -999 -999 -999 -999 -999 -999 -999 -999 -999 -999 -999 -999 -999 -999 -999 -999 -999 -999 -999 -999 -999 -999 97 97 97 97 97 97 97 75 75 75 75 75 75 75 74 74 47 52 61 75 87 104 103 97 106 99 83 81 86 103 109 115 115 113 116 119 117 117 122 122 123 125 125 123 121 126 127 126 127 129 129 126 125
-999 -999 -999 -999 -999 -999 -999 -999 -999 -999 -999 -999 -999 -999 -999 -999 -999 -999 -999 -999 -999 -999 -999 -999 -999 -999 -999 -999 -999 -999 -999 -999 -999 -999 -999 -999 -999 -999 -999 -999 -999 -999 -999 97 97 97 97 97 75 75 75 75 75 75 75 75 75 75 67 45 50 57 64 81 98 100 106 109 100 84 82 100 112 109 110 109 112 115 120 121 122 118 124 124 125 124 121 121 127 128 128 123 127 130 131 132
-999 -999 -999 -999 -999 -999 -999 -999 -999 -999 -999 -999 -999 -999 -999 -999 -999 -999 -999 -999 -999 -999 -999 -999 -999 -999 -999 -999 -999 -999 -999 -999 -999 -999 -999 -999 -999 -999 -999 -999 -999 -999 -999 97 97 97 97 75 75 75 75 75 75 75 75 75 75 75 67 45 55 52 52 62 85 99 105 110 111 93 98 109 114 114 115 115 114 116 120 121 123 122 119 118 123 124 124 124 124 124 123 127 129 129 132 133
-999 -999 -999 -999 -999 -999 -999 -999 -999 -999 -999 -999 -999 -999 -999 -999 -999 -999 -999 -999 -999 -999 -999 -999 -999 -999 -999 -999 -999 -999 -999 -999 -999 -999 -999 -999 -999 -999 -999 -999 -999 -999 -999 97 97 97 97 75 75 75 75 75 75 75 75 75 75 75 67 62 62 53 50 53 83 104 106 113 114 111 97 108 113 117 118 116 112 114 117 120 121 123 124 125 125 124 123 123 124 126 124 123 124 120 125 132
-999 -999 -999 -999 -999 -999 -999 -999 -999 -999 -999 -999 -999 -999 -999 -999 -999 -999 -999 -999 -999 -999 -999 -999 -999 -999 -999 -999 -999 -999 -999 -999 -999 -999 -999 -999 -999 -999 -999 -999 -999 -999 -999 -999 -999 -999 -999 75 75 75 75 75 75 75 75 75 75 75 64 64 64 59 54 56 76 94 105 110 114 115 104 104 107 116 118 116 116 116 119 122 123 123 122 125 122 125 123 124 127 127 129 128 125 122 128 116
-999 -999 -999 -999 -999 -999 -999 -999 -999 -999 -999 -999 -999 -999 -999 -999 -999 -999 -999 -999 -999 -999 -999 -999 -999 -999 -999 -999 -999 -999 -999 -999 -999 -999 -999 -999 -999 -999 -999 -999 -999 -999 -999 -999 -999 -999 -999 75 75 75 75 75 75 75 75 75 75 64 64 64 64 52 51 55 57 65 85 103 110 115 114 108 96 114 118 117 120 120 115 122 123 123 125 126 120 123 124 126 129 129 131 129 124 125 129 122
-999 -999 -999 -999 -999 -999 -999 -999 -999 -999 -999 -999 -999 -999 -999 -999 -999 -999 -999 -999 -999 -999 -999 -999 -999 -999 -999 -999 -999 -999 -999 -999 -999 -999 -999 -999 -999 -999 -999 -999 -999 -999 -999 -999 -999 -999 -999 75 75 75 75 75 75 75 75 75 64 64 64 61 61 61 59 52 57 55 69 103 110 114 109 114 96 111 113 118 120 118 120 122 122 121 124 125 122 126 126 128 127 130 130 129 127 126 125 125
-999 -999 -999 -999 -999 -999 -999 -999 -999 -999 -999 -999 -999 -999 -999 -999 -999 -999 -999 -999 -999 -999 -999 -999 -999 -999 -999 -999 -999 -999 -999 -999 -999 -999 -999 -999 -999 -999 -999 -999 -999 -999 -999 -999 -999 -999 -999 75 75 75 75 75 75 75 75 64 64 61 61 61 61 61 59 52 52 55 69 69 110 114 116 94 94 108 99 117 117 119 121 122 122 122 124 125 124 127 128 124 124 126 125 128 126 125 125 126
-999 -999 -999 -999 -999 -999 -999 -999 -999 -999 -999 -999 -999 -999 -999 -999 -999 -999 -999 -999 -999 -999 -999 -999 -999 -999 -999 -999 -999 -999 -999 -999 -999 -999 -999 -999 -999 -999 -999 -999 -999 -999 -999 -999 -999 -999 -999 75 75 75 75 75 75 75 64 61 61 61 61 61 61 61 59 52 52 55 69 69 110 102 102 90 97 108 112 118 119 117 119 119 119 123 125 120 115 126 128 125 125 127 129 130 128 124 125 126
-999 -999 -999 -999 -999 -999 -999 -999 -999 -999 -999 -999 -999 -999 -999 -999 -999 -999 -999 -999 -999 -999 -999 -999 -999 -999 -999 -999 -999 -999 -999 -999 -999 -999 -999 -999 -999 -999 -999 -999 -999 -999 -999 -999 -999 -999 -999 75 75 75 75 75 75 61 61 61 61 61 61 61 61 61 59 52 52 55 69 69 102 102 102 100 104 107 115 121 115 118 120 120 122 124 121 121 125 125 124 123 125 125 125 125 128 120 122 126
-999 -999 -999 -999 -999 -999 -999 -999 -999 -999 -999 -999 -999 -999 -999 -999 -999 -999 -999 -999 -999 -999 -999 -999 -999 -999 -999 -999 -999 -999 -999 -999 -999 -999 -999 -999 -999 -999 -999 -999 -999 -999 -999 -999 -999 -999 -999 75 75 75 75 61 61 61 61 61 61 61 61 61 61 61 59 52 52 55 69 102 102 102 100 100 104 104 115 121 116 117 118 121 122 119 121 123 125 127 128 128 126 126 125 122 119 121 122 125
-999 -999 -999 -999 -999 -999 -999 -999 -999 -999 -999 -999 -999 -999 -999 -999 -999 -999 -999 -999 -999 -999 -999 -999 -999 -999 -999 -999 -999 -999 -999 -999 -999 -999 -999 -999 -999 -999 -999 -999 -999 -999 -999 -999 -999 -999 -999 75 75 75 75 61 61 61 61 61 61 61 61 61 61 61 59 52 52 55 69 102 102 100 97 97 97 91 110 112 117 119 120 121 124 123 119 125 125 128 127 128 123 129 129 127 121 122 122 124
-999 -999 -999 -999 -999 -999 -999 -999 -999 -999 -999 -999 -999 -999 -999 -999 -999 -999 -999 -999 -999 -999 -999 -999 -999 -999 -999 -999 -999 -999 -999 -999 -999 -999 -999 -999 -999 -999 -999 -999 -999 -999 -999 -999 -999 -999 -999 -999 -999 -999 64 61 61 61 61 61 61 61 61 61 61 61 59 52 52 55 102 102 97 97 97 97 97 81 94 106 115 119 118 117 121 122 122 126 127 129 128 126 123 128 129 125 125 126 123 124
-999 -999 -999 -999 -999 -999 -999 -999 -999 -999 -999 -999 -999 -999 -999 -999 -999 -999 -999 -999 -999 -999 -999 -999 -999 -999 -999 -999 -999 -999 -999 -999 -999 -999 -999 -999 -999 -999 -999 -999 -999 -999 -999 -999 -999 -999 -999 -999 -999 -999 64 61 61 61 61 61 61 61 61 61 61 61 59 52 52 55 97 97 97 97 97 88 88 88 89 121 118 118 119 119 118 120 125 124 127 129 125 125 125 130 131 125 125 126 127 124
-999 -999 -999 -999 -999 -999 -999 -999 -999 -999 -999 -999 -999 -999 -999 -999 -999 -999 -999 -999 -999 -999 -999 -999 -999 -999 -999 -999 -999 -999 -999 -999 -999 -999 -999 -999 -999 -999 -999 -999 -999 -999 -999 -999 -999 -999 -999 -999 -999 -999 64 61 61 61 61 61 61 61 61 61 61 61 59 52 52 97 97 97 97 77 77 77 77 77 87 121 121 115 111 115 109 108 115 122 124 129 127 124 128 130 122 122 123 126 127 124
-999 -999 -999 -999 -999 -999 -999 -999 -999 -999 -999 -999 -999 -999 -999 -999 -999 -999 -999 -999 -999 -999 -999 -999 -999 -999 -999 -999 -999 -999 -999 -999 -999 -999 -999 -999 -999 -999 -999 -999 -999 -999 -999 -999 -999 -999 -999 -999 -999 -999 -999 61 61 61 61 61 61 61 61 61 61 61 59 52 97 101 101 101 101 101 101 101 101 101 107 113 116 118 104 112 111 108 113 119 121 129 130 127 119 123 119 122 122 127 127 128
-999 -999 -999 -999 -999 -999 -999 -999 -999 -999 -999 -999 -999 -999 -999 -999 -999 -999 -999 -999 -999 -999 -999 -999 -999 -999 -999 -999 -999 -999 -999 -999 -999 -999 -999 -999 -999 -999 -999 -999 -999 -999 -999 -999 -999 -999 -999 -999 -999 -999 -999 61 61 61 61 61 61 61 61 61 61 61 59 52 114 114 114 114 114 114 114 114 114 114 117 120 120 113 105 110 111 109 113 113 114 122 130 127 125 121 119 122 124 123 123 125
-999 -999 -999 -999 -999 -999 -999 -999 -999 -999 -999 -999 -999 -999 -999 -999 -999 -999 -999 -999 -999 -999 -999 -999 -999 -999 -999 -999 -999 -999 -999 -999 -999 -999 -999 -999 -999 -999 -999 -999 -999 -999 -999 -999 -999 -999 -999 -999 -999 -999 -999 -999 -999 -999 -999 -999 -999 -999 -999 -999 102 102 97 114 114 114 114 114 114 114 114 114 114 114 115 115 122 102 105 111 113 114 113 110 113 121 124 130 128 125 121 122 123 123 124 122
-999 -999 -999 -999 -999 -999 -999 -999 -999 -999 -999 -999 -999 -999 -999 -999 -999 -999 -999 -999 -999 -999 -999 -999 -999 -999 -999 -999 -999 -999 -999 -999 -999 -999 -999 -999 -999 -999 -999 -999 -999 -999 -999 -999 -999 -999 -999 -999 -999 -999 -999 -999 -999 -999 -999 -999 -999 -999 -999 -999 102 102 97 114 114 114 114 114 114 114 114 114 114 115 115 115 113 86 95 114 118 113 114 114 118 118 122 129 116 121 122 122 123 123 121 125
-999 -999 -999 -999 -999 -999 -999 -999 -999 -999 -999 -999 -999 -999 -999 -999 -999 -999 -999 -999 -999 -999 -999 -999 -999 -999 -999 -999 -999 -999 -999 -999 -999 -999 -999 -999 -999 -999 -999 -999 -999 -999 -999 -999 -999 -999 -999 -999 -999 -999 -999 -999 -999 -999 -999 -999 -999 -999 -999 -999 -999 100 97 114 114 114 114 114 114 114 114 114 115 115 115 113 113 77 81 117 118 106 110 117 120 117 119 128 121 121 121 120 123 120 124 123
-999 -999 -999 -999 -999 -999 -999 -999 -999 -999 -999 -999 -999 -999 -999 -999 -999 -999 -999 -999 -999 -999 -999 -999 -999 -999 -999 -999 -999 -999 -999 -999 -999 -999 -999 -999 -999 -999 -999 -999 -999 -999 -999 -999 -999 -999 -999 -999 -999 -999 -999 -999 -999 -999 -999 -999 -999 -999 -999 -999 -999 -999 97 114 114 114 114 114 114 114 114 115 115 115 113 113 77 77 75 111 107 91 104 122 123 117 112 120 119 118 119 118 102 122 119 120
