prediction/untitled folder/solar_ghi_19900101_04UT.txt
NCOLS 839
NROWS 679
XLLCORNER 112.025005
YLLCORNER -43.9750009
CELLSIZE 0.0499954
NODATA_VALUE -999
[rows 240 to 279 of 679, columns 637 to 727 of 839]
930 929 929 928 928 927 927 927 927 926 926 924 926 927 926 919 912 924 922 909 920 924 920 922 915 922 920 912 914 907 902 917 913 915 913 915 915 899 915 914 910 913 913 903 909 912 903 910 911 910 910 910 903 909 908 908 907 907 907 899 907 905 904 904 904 898 901 900 899 899 899 898 898 897 897 897 897 896 895 886 894 894 893 892 890 887 889 889 889 885 888
930 929 929 928 927 927 927 927 927 926 925 924 926 926 918 922 917 923 924 918 908 915 919 923 916 913 910 920 904 895 917 916 917 910 915 913 914 915 915 915 914 904 901 900 908 907 911 910 901 910 909 909 909 905 908 903 907 907 908 907 900 906 904 904 903 898 901 893 900 900 899 895 897 897 897 896 897 896 891 886 894 894 893 892 892 888 888 891 890 888 884
929 929 928 928 927 927 927 926 927 926 925 925 926 925 927 923 921 916 924 917 916 924 921 923 923 914 915 913 880 897 903 905 916 915 915 905 910 915 916 898 914 913 908 908 912 906 907 898 910 897 909 909 909 909 908 907 907 903 897 905 906 903 904 899 903 902 902 894 893 900 900 899 894 897 897 897 891 896 896 889 894 890 893 893 892 884 891 890 890 890 889
928 929 928 928 927 927 926 927 926 926 925 926 918 914 926 925 924 921 918 908 923 924 924 924 923 922 917 918 882 911 914 903 916 916 905 905 916 916 895 894 914 914 901 909 896 908 911 910 906 904 906 909 894 909 904 907 899 908 903 905 904 905 901 904 903 903 901 900 901 900 899 899 895 898 897 897 897 897 896 883 890 891 893 893 892 892 891 891 890 890 889
928 928 923 928 927 927 927 926 926 925 926 916 918 924 926 925 925 926 925 923 917 922 917 923 923 919 914 896 896 903 917 916 910 913 916 916 908 901 848 792 889 914 913 909 909 912 900 910 910 899 910 909 909 909 908 908 902 908 907 904 900 864 905 904 903 899 895 887 901 896 899 899 895 893 898 894 897 897 896 896 889 893 891 892 892 892 891 891 891 891 890
928 928 928 928 927 927 927 926 926 926 925 926 924 925 922 925 924 924 924 923 924 923 916 919 922 919 917 921 915 914 917 917 912 910 913 904 906 917 905 910 915 914 914 909 909 907 893 908 910 910 910 909 908 903 909 909 909 908 907 894 896 881 897 905 904 903 903 902 901 892 897 899 899 898 898 893 892 897 896 895 895 892 892 892 892 880 884 891 891 890 890
928 928 927 927 927 927 926 926 926 925 925 926 926 926 922 925 924 924 923 923 924 923 923 923 923 921 921 920 920 920 904 916 915 909 902 916 917 917 916 915 914 908 910 911 912 912 912 911 911 911 911 910 909 909 908 908 907 905 907 906 906 905 905 905 905 899 903 902 902 902 900 896 899 898 898 898 897 893 896 895 895 894 893 892 892 886 884 890 888 890 890
928 927 927 927 926 927 927 926 925 925 925 925 924 924 925 925 921 924 924 924 923 922 922 922 922 921 920 910 919 907 902 910 911 909 916 916 916 916 916 909 911 909 905 909 913 911 911 910 911 911 911 911 909 903 895 898 907 906 907 906 906 905 905 899 904 904 903 902 901 902 900 899 899 897 895 897 897 896 896 895 895 894 893 893 893 892 890 880 885 890 890
928 928 927 927 927 925 926 926 926 925 924 925 919 919 924 924 924 924 923 923 922 922 922 921 921 919 917 899 909 919 901 907 909 916 916 916 916 916 916 914 913 911 905 909 912 911 910 910 910 907 911 911 910 909 909 908 908 906 901 901 907 900 906 904 904 904 903 902 901 901 900 896 896 897 890 894 897 897 892 896 895 895 894 893 893 892 890 885 887 886 887
928 928 927 927 926 927 926 926 926 925 924 923 924 922 923 923 923 923 922 922 922 922 922 921 921 921 920 912 911 919 910 917 917 909 916 915 915 915 915 911 911 914 913 910 912 912 910 910 910 911 911 911 910 910 911 906 908 907 907 904 906 906 905 905 904 904 903 891 897 901 896 896 899 899 898 898 897 897 897 896 896 895 894 894 893 893 892 892 892 885 887
928 927 927 927 927 927 926 926 925 918 924 925 925 924 924 923 923 922 922 922 922 922 922 920 917 917 915 920 917 919 912 913 916 906 906 915 914 914 914 914 915 906 912 898 895 905 903 904 910 911 911 911 910 910 910 908 908 907 906 906 905 905 904 899 904 904 891 890 900 900 900 895 895 898 898 898 897 897 897 896 895 895 894 894 890 892 892 892 892 891 883
928 927 927 927 927 926 926 926 926 925 913 924 925 924 924 923 923 922 922 922 921 922 922 918 910 918 916 914 916 918 918 911 913 916 916 915 914 913 913 914 915 908 912 914 912 912 910 906 910 910 909 910 910 909 903 907 907 906 906 905 904 905 904 904 903 900 894 898 900 900 900 900 899 899 899 898 897 897 897 896 895 895 895 894 894 891 891 891 889 890 890
928 928 927 927 927 926 926 926 926 926 926 922 924 924 924 923 923 923 922 922 921 922 921 918 913 920 919 918 915 918 915 909 915 915 915 915 913 909 913 912 907 912 910 914 913 911 910 909 907 909 909 909 910 909 905 898 903 906 905 897 904 905 904 900 903 902 901 901 899 896 896 899 899 899 898 897 897 897 896 896 896 895 894 891 894 893 892 889 891 889 888
928 927 927 927 926 926 926 925 925 925 926 913 924 924 923 923 922 922 922 921 921 921 920 915 910 919 918 917 918 907 900 914 915 914 915 915 912 909 915 915 911 913 913 912 912 899 910 909 909 909 909 909 909 909 908 902 906 906 905 901 904 905 904 904 896 902 892 900 900 897 899 899 899 898 898 897 897 895 896 896 895 895 894 894 891 892 892 891 891 891 890
928 926 927 925 926 926 923 925 925 924 925 922 922 924 923 923 918 921 922 921 921 920 920 921 920 919 919 918 918 908 898 916 915 908 914 914 909 915 915 915 914 914 912 911 911 900 909 909 909 902 908 909 909 909 907 907 906 902 905 896 905 905 904 904 898 902 889 900 900 899 896 899 895 899 898 897 897 896 896 895 895 895 894 889 893 892 890 890 890 887 889
922 928 927 927 926 926 921 925 925 922 924 922 924 924 922 922 915 922 920 921 914 920 920 920 918 919 919 918 909 919 903 911 913 910 914 914 914 914 914 914 910 913 912 911 911 899 909 906 909 909 908 908 908 907 908 907 906 901 895 905 905 904 904 903 903 897 897 897 899 899 899 899 899 899 898 894 897 896 896 895 895 894 894 890 890 892 890 886 884 888 889
928 927 927 926 926 926 926 925 924 924 924 923 925 924 923 922 922 919 921 921 921 916 914 915 917 920 919 914 902 918 906 907 904 914 914 913 914 908 914 912 912 912 909 911 908 903 908 908 908 908 909 908 907 908 907 907 906 906 898 904 903 904 904 903 899 902 899 900 897 899 899 899 899 899 898 898 897 896 894 895 891 895 894 885 893 892 891 890 890 889 889
928 927 927 926 926 926 925 925 925 920 914 923 923 923 922 921 922 921 921 921 920 918 913 915 913 920 914 920 918 919 910 916 915 914 913 914 913 914 914 904 912 912 906 908 903 903 906 908 904 903 901 905 907 906 906 906 903 905 904 903 903 903 904 903 902 901 901 900 900 900 900 899 899 894 898 897 896 896 895 895 894 890 890 893 892 892 886 888 887 887 888
928 927 927 926 926 926 925 925 925 924 921 910 922 918 914 921 917 910 918 920 920 915 915 920 913 920 913 919 916 918 918 914 915 913 911 914 909 913 913 906 897 909 907 911 899 903 907 908 904 903 904 907 902 884 901 906 894 902 904 903 903 903 904 904 899 897 900 900 899 899 900 900 899 895 890 895 896 896 895 895 894 893 893 893 884 889 891 889 887 886 888
928 927 925 926 926 920 925 925 925 924 923 915 914 922 918 921 906 921 912 920 920 920 920 920 920 919 916 919 918 913 915 909 908 914 914 913 913 913 913 910 907 908 903 911 900 900 908 907 906 908 908 907 900 885 874 872 897 898 893 900 895 899 903 903 902 887 898 900 899 899 899 899 899 894 894 892 896 896 895 894 894 893 893 893 892 892 891 886 882 889 889
927 927 926 926 926 925 925 925 924 924 922 924 924 923 920 917 922 921 920 914 918 920 919 918 919 919 919 914 918 915 910 909 910 914 914 913 913 910 911 910 911 912 903 906 909 906 908 908 903 900 907 907 907 906 877 853 855 890 904 900 899 903 903 903 903 893 896 898 897 899 899 899 898 898 898 894 896 895 890 894 894 894 893 885 890 892 892 891 886 886 880
927 927 925 921 921 925 925 923 920 923 924 924 923 923 923 921 920 917 921 921 912 918 919 919 919 918 918 915 918 915 917 916 906 904 909 913 913 911 906 910 908 911 904 905 909 908 906 906 906 900 903 905 903 906 900 889 870 891 906 905 904 899 898 898 902 899 897 899 899 899 899 898 898 898 896 897 897 890 887 895 895 894 893 892 892 892 891 891 891 890 888
925 926 927 927 921 920 924 923 920 924 923 924 923 923 923 921 920 920 919 920 920 919 917 919 919 919 918 913 917 915 916 916 915 910 911 911 913 913 913 909 899 905 900 903 908 908 908 908 906 904 905 903 904 906 905 902 905 906 906 905 905 884 889 898 902 901 889 900 899 899 899 898 898 898 894 897 897 896 893 895 894 893 893 892 892 891 891 891 890 890 889
926 927 925 927 926 926 926 925 922 924 924 923 921 922 920 917 921 921 921 918 915 917 919 918 918 918 916 911 908 916 911 913 913 903 911 913 911 911 913 913 905 904 906 899 906 908 908 908 903 907 907 907 906 906 905 902 905 906 906 905 905 895 891 901 901 900 898 900 899 899 899 898 898 897 897 897 896 896 895 894 894 892 893 891 892 890 888 890 890 890 890
927 927 927 927 926 923 925 925 924 924 924 923 923 923 921 922 919 921 919 914 918 919 910 917 919 918 918 911 913 918 914 907 914 910 903 913 913 913 908 910 910 908 909 894 903 908 905 906 903 908 907 904 906 906 905 904 905 905 906 898 904 904 904 899 901 901 900 899 899 898 898 898 898 898 897 896 896 896 892 894 893 891 893 892 892 891 887 890 887 890 889
928 927 927 927 915 921 925 925 925 924 924 924 923 923 922 922 921 912 919 918 916 918 919 919 917 916 918 917 917 915 916 917 913 902 897 906 913 913 907 910 912 912 912 908 901 908 903 908 906 900 907 904 906 906 905 900 904 904 906 902 904 895 903 902 901 901 900 900 899 896 898 898 895 897 896 895 895 895 894 894 893 893 893 890 892 891 891 889 890 887 889
928 927 927 926 926 924 925 925 925 924 924 924 923 923 922 922 921 921 919 914 920 917 917 918 918 918 917 917 917 917 916 916 916 913 903 904 911 907 910 912 912 911 911 910 909 906 899 904 902 901 908 907 906 906 905 902 904 904 905 905 904 892 903 902 900 900 900 899 899 899 898 897 891 894 896 895 895 891 894 885 893 890 893 892 892 887 891 889 890 882 888
926 926 926 926 925 926 919 925 925 923 924 924 923 923 922 922 921 921 921 921 920 919 915 917 918 916 911 917 917 912 916 914 910 904 911 906 912 912 912 905 901 900 896 890 909 909 895 900 906 908 902 905 907 906 906 905 905 902 904 904 904 893 903 901 897 897 899 899 895 898 898 898 895 897 895 891 895 891 890 883 893 893 893 892 892 891 888 890 890 890 889
927 926 926 926 926 925 925 925 925 923 924 924 923 923 922 922 921 921 921 911 918 913 919 918 914 918 911 906 917 916 905 905 915 909 904 897 910 908 912 912 909 911 908 892 909 901 908 906 901 903 905 907 907 906 906 905 904 905 902 898 903 897 903 898 895 896 899 895 899 898 897 898 894 897 896 896 893 895 895 894 893 893 892 892 892 891 888 890 888 881 887
927 926 926 926 926 925 925 925 925 924 924 924 923 923 922 922 921 921 919 914 920 919 919 919 918 918 913 917 914 916 914 904 915 913 908 902 906 904 907 890 890 910 907 888 889 896 891 906 900 907 903 901 901 905 905 895 904 902 904 904 904 904 903 891 893 899 899 899 897 898 889 890 894 897 896 896 895 892 894 894 893 893 892 892 892 891 890 890 890 885 885
927 926 926 926 924 925 925 925 924 924 924 923 923 911 922 922 921 921 921 920 920 920 919 918 913 917 911 917 910 905 916 916 908 915 915 904 902 912 912 912 890 904 895 908 893 909 902 908 901 899 905 906 904 895 899 899 904 904 904 904 903 904 903 902 896 893 898 899 895 898 886 879 886 890 893 892 894 894 894 894 893 892 892 884 892 888 885 891 890 890 890
927 926 926 926 926 925 925 924 924 924 924 917 921 917 922 920 922 914 920 918 915 919 919 914 907 917 917 912 917 916 916 915 904 912 914 898 911 895 897 895 912 904 906 910 895 905 892 899 908 908 907 905 894 899 905 905 904 904 904 904 903 903 902 901 901 899 890 891 898 898 899 890 878 878 885 892 888 890 894 894 891 892 892 892 888 891 891 891 890 890 889
927 926 926 926 925 925 925 925 924 924 924 916 921 916 922 921 921 919 921 915 920 919 919 918 911 917 917 916 915 914 915 904 913 903 914 898 906 908 907 911 911 900 902 910 907 902 904 907 907 908 904 906 898 898 897 905 904 904 904 904 904 899 887 892 900 900 883 882 899 895 899 899 897 897 892 893 895 895 894 893 891 891 887 892 887 891 890 890 890 889 889
926 926 926 926 925 925 925 924 924 924 923 923 922 922 915 921 921 921 921 920 918 918 916 916 917 917 917 910 914 915 916 906 913 915 900 903 912 908 906 907 901 898 895 907 904 898 901 907 907 907 906 906 906 906 905 902 904 903 903 904 904 898 903 901 900 899 899 900 899 898 899 898 897 897 897 896 895 894 894 894 883 881 891 888 891 891 891 890 889 889 889
927 926 926 926 925 925 925 924 924 924 921 923 921 922 920 921 921 921 921 920 919 917 918 916 918 911 915 908 914 916 915 915 914 912 903 913 913 897 901 911 911 905 893 899 909 910 902 900 906 904 906 906 898 905 905 902 890 895 903 902 904 887 891 884 882 900 900 899 888 898 898 898 893 894 896 895 895 889 894 893 889 886 885 891 880 891 890 887 886 889 888
927 926 926 926 925 925 925 924 922 923 921 923 920 921 919 921 921 921 920 913 919 914 918 912 918 913 908 910 911 913 915 914 914 914 907 912 912 908 895 901 911 911 910 909 908 909 897 900 897 898 906 906 906 897 900 904 894 892 900 903 897 893 889 895 897 897 899 899 899 894 882 896 897 897 896 895 887 894 894 893 888 890 881 878 891 890 887 889 885 889 870
927 924 926 925 925 925 925 924 924 923 923 918 922 918 912 917 920 920 920 910 919 919 919 918 918 911 915 917 916 915 915 907 907 913 914 913 912 906 895 904 910 910 910 910 907 908 909 889 896 906 906 902 901 904 904 904 904 904 898 903 903 902 902 902 897 892 898 899 899 899 899 898 897 893 889 895 895 894 894 893 893 892 881 890 891 889 890 889 889 889 888
927 926 926 925 925 925 925 924 924 923 923 922 922 917 916 916 914 919 918 919 919 919 918 918 916 915 915 916 916 911 912 910 903 907 913 913 906 912 908 911 906 903 903 909 906 908 904 899 896 905 905 903 901 896 903 904 903 903 903 898 898 902 896 902 896 899 899 899 899 899 899 894 897 897 886 894 894 894 889 893 893 892 888 891 891 883 889 889 888 888 888
927 926 926 925 925 924 924 924 924 918 923 922 922 920 921 921 919 914 915 919 919 919 916 918 917 917 914 916 915 910 910 914 914 914 914 911 906 910 910 912 904 893 898 902 905 906 900 897 889 905 903 904 897 901 904 904 897 903 902 902 895 902 902 902 894 899 899 899 899 899 899 898 897 897 893 892 891 894 893 890 892 890 888 887 891 886 886 884 882 884 888
927 926 924 923 925 925 924 924 923 923 923 922 922 921 921 919 920 911 915 919 917 916 918 915 912 914 916 912 916 910 908 909 913 914 908 911 908 906 906 903 900 895 903 909 909 909 908 908 896 906 898 905 905 897 903 904 902 895 892 880 903 901 902 899 900 900 899 899 895 898 898 898 896 896 888 894 894 888 893 893 892 892 891 891 887 888 878 875 886 884 876
