prediction/untitled folder/solar_ghi_19900101_22UT.txt
NCOLS 839
NROWS 679
XLLCORNER 112.025005
YLLCORNER -43.9750009
CELLSIZE 0.0499954
NODATA_VALUE -999
[rows 252 to 293 of 679, columns 282 to 375 of 839]
326 327 329 324 336 332 332 338 339 325 336 330 331 328 336 330 341 348 333 340 346 344 338 343 349 352 352 356 353 348 352 349 357 357 360 362 363 354 355 363 366 367 368 369 369 369 370 370 372 371 367 365 370 371 372 368 373 369 378 366 368 369 368 369 374 376 376 385 385 379 375 379 388 386 387 386 374 386 389 389 389 381 380 393 384 392 393 391 389 395 395 389 393 395
326 324 320 321 334 333 335 329 330 331 333 333 335 335 340 337 334 345 345 341 346 343 343 343 350 351 346 347 341 345 348 357 360 359 359 363 364 361 358 356 361 367 365 365 365 367 368 365 373 365 364 366 361 373 368 362 377 378 377 366 374 374 381 378 373 377 379 385 382 387 387 388 378 379 380 380 377 375 389 377 389 377 395 396 391 392 393 382 400 394 399 396 395 402
316 319 320 325 325 327 330 330 335 331 342 336 335 341 346 343 338 341 345 342 335 341 344 342 351 349 343 348 348 349 358 360 356 360 359 359 363 365 365 354 359 367 368 365 360 364 370 366 373 372 364 374 366 367 364 371 371 379 378 371 370 374 382 377 372 375 376 379 380 376 384 389 380 380 385 385 382 392 378 392 377 392 386 397 382 395 398 396 388 396 400 395 389 402
327 324 320 322 325 328 329 331 332 333 334 334 334 346 343 342 341 340 340 346 336 344 342 344 349 353 350 350 359 349 356 350 346 356 360 354 354 361 362 363 366 368 366 369 370 371 370 363 367 372 364 368 373 368 361 370 369 378 378 372 370 372 381 372 369 377 380 375 382 384 380 378 378 381 384 384 384 381 379 391 390 390 382 397 396 395 395 392 400 400 398 390 396 396
328 330 326 328 328 329 328 335 338 333 334 335 343 344 339 344 344 340 342 346 345 346 342 345 350 354 351 349 344 352 353 356 361 355 359 364 355 357 358 360 366 369 362 363 365 366 370 369 365 359 362 366 373 370 373 378 374 370 377 370 370 367 370 372 376 378 380 377 376 388 380 379 388 383 379 382 392 393 393 389 390 394 382 398 397 394 399 387 387 387 400 395 404 402
328 331 326 326 326 328 334 337 335 336 337 336 337 347 339 339 342 347 342 338 352 341 352 340 348 343 342 346 337 350 350 352 355 356 351 353 351 360 359 364 365 369 368 368 362 364 370 369 371 371 367 361 375 377 376 376 371 371 379 378 374 379 375 375 376 385 383 384 377 377 379 389 390 384 385 391 392 393 379 392 391 395 396 398 384 395 386 399 400 393 392 397 404 395
330 331 325 323 334 335 331 334 328 329 336 332 327 334 341 340 342 342 336 334 346 341 352 336 349 348 344 350 338 352 354 363 359 353 361 362 363 364 364 364 365 351 368 367 356 364 370 363 368 370 372 374 374 376 374 368 364 364 370 379 382 378 369 376 373 382 386 382 385 381 379 382 379 383 384 392 393 393 379 394 396 394 397 399 399 400 392 392 393 398 403 396 397 397
330 321 323 330 331 341 339 332 336 331 333 341 340 340 340 341 344 344 336 341 340 346 340 335 342 348 352 360 344 357 356 354 363 354 360 366 355 355 368 369 353 351 370 358 370 365 365 361 370 366 367 372 367 362 369 371 371 372 381 379 372 370 380 381 371 383 383 379 382 387 385 381 381 377 379 388 385 384 387 394 395 389 398 399 392 388 395 401 401 401 403 404 399 403
331 334 329 331 332 335 336 323 331 338 347 344 338 332 334 344 341 343 341 346 342 343 342 336 342 344 353 356 349 355 353 354 363 365 355 357 358 367 362 367 351 365 368 371 364 372 363 363 363 370 373 360 355 359 365 371 373 374 375 382 373 368 383 375 384 383 384 378 376 384 388 381 380 380 382 383 391 394 393 393 394 391 393 389 389 392 401 402 402 402 403 404 398 401
332 322 327 331 334 332 333 333 333 329 346 333 338 338 340 342 338 345 350 346 346 347 342 347 347 346 349 352 351 352 353 353 364 364 363 356 358 368 367 363 369 354 371 350 362 362 373 361 364 357 371 373 373 369 359 363 366 367 368 381 376 368 368 375 384 376 378 379 381 387 390 389 388 392 392 394 395 394 394 397 395 392 392 394 390 386 387 394 401 403 396 393 405 397
334 329 331 334 330 330 338 345 337 344 339 339 339 340 343 335 343 345 345 345 352 352 349 351 350 350 349 345 340 341 342 351 360 354 355 352 356 360 359 359 348 348 361 361 363 362 373 361 363 364 365 372 362 373 369 359 379 366 382 373 376 377 377 382 379 377 378 386 387 390 390 391 389 384 391 395 395 394 395 394 393 389 390 392 397 396 398 392 393 403 404 395 396 398
339 328 334 335 326 327 331 331 347 340 341 344 340 344 343 342 345 346 346 347 346 349 345 352 353 350 352 346 351 347 343 353 352 357 357 357 361 348 353 359 361 361 361 369 362 362 362 357 367 356 372 359 360 373 372 368 378 367 380 368 374 385 383 380 371 373 381 382 388 382 381 383 383 386 386 392 390 388 387 382 385 386 387 389 390 388 390 393 403 402 398 397 397 400
333 334 339 336 330 331 334 335 343 337 350 348 339 350 352 343 344 340 346 344 346 343 342 350 352 348 348 358 357 353 353 354 356 362 357 357 359 354 354 367 370 368 361 370 365 363 374 363 376 360 378 376 373 364 355 364 371 371 378 362 379 378 374 370 369 380 383 382 385 383 381 384 388 395 391 395 393 394 390 383 388 391 387 393 396 397 389 392 394 393 403 407 399 393
332 335 336 335 335 336 336 336 340 343 338 349 330 347 346 345 344 346 356 345 351 349 342 349 346 349 350 356 354 359 358 358 357 357 362 362 358 365 363 355 363 362 355 357 366 368 363 366 376 363 356 372 352 282 282 271 364 360 370 374 377 377 374 378 378 381 382 389 386 392 378 386 390 395 388 388 388 383 382 388 396 395 393 397 397 392 390 397 397 395 403 400 396 403
337 335 342 341 331 331 338 347 348 350 348 350 350 331 343 343 345 345 347 349 346 349 345 356 341 353 352 353 349 354 355 361 360 363 364 359 363 354 357 362 369 368 369 364 361 362 363 365 366 366 368 378 366 362 336 272 382 375 368 369 378 379 372 379 386 388 388 390 384 387 383 383 394 391 389 390 383 391 382 391 396 392 394 398 399 396 396 400 400 393 400 401 399 401
329 334 330 334 336 335 335 334 342 346 344 346 347 344 342 344 338 349 354 354 344 353 350 351 343 353 350 355 356 355 355 355 363 364 358 359 355 359 356 362 366 368 363 364 369 369 362 362 367 376 370 365 361 321 251 285 383 379 380 370 376 375 373 372 382 386 386 388 377 385 383 390 388 382 388 389 392 383 386 397 392 387 389 394 395 398 397 397 396 392 399 397 399 401
326 343 336 334 335 342 340 341 334 336 342 350 350 344 345 347 345 347 353 355 350 349 343 350 346 355 352 363 364 358 354 356 350 358 359 368 354 355 362 365 364 362 362 358 363 363 364 369 371 364 365 377 375 371 373 365 375 380 382 380 373 380 378 373 367 381 382 383 384 388 390 384 385 393 387 395 392 387 395 389 389 385 388 397 390 396 392 398 403 404 404 401 401 402
333 341 336 330 328 341 340 342 342 341 342 348 349 344 350 352 354 356 344 345 359 355 349 345 343 354 353 365 364 357 355 355 351 353 359 370 361 362 358 363 365 364 363 360 364 364 365 373 369 366 367 374 375 377 378 373 374 369 371 372 378 386 380 376 369 370 380 378 381 386 382 380 391 393 389 396 379 391 386 386 383 386 393 398 383 395 391 398 401 405 397 409 404 403
343 334 331 333 329 334 340 341 341 347 348 344 344 346 342 345 345 350 347 346 351 350 350 350 352 355 351 354 353 354 357 356 355 361 361 368 366 368 368 363 363 363 367 363 361 362 362 363 363 373 377 363 365 371 373 369 367 369 370 379 387 383 375 376 376 372 373 380 374 386 382 382 384 388 386 394 384 386 387 394 390 398 398 392 391 387 399 397 398 403 405 406 409 393
343 331 330 335 340 337 345 341 341 343 345 344 346 348 345 346 347 343 345 354 349 355 356 356 354 354 355 351 349 355 355 357 356 359 368 366 362 368 366 361 362 362 367 370 371 363 370 363 374 378 370 370 376 373 373 370 377 384 372 377 386 380 371 377 378 385 379 379 373 382 381 378 382 387 384 381 391 391 380 394 394 394 384 389 393 404 401 393 407 388 396 408 410 393
337 336 332 331 338 333 345 339 336 343 345 343 347 345 349 354 354 349 351 354 356 353 345 347 356 357 351 354 355 357 357 364 358 358 359 364 362 361 367 361 362 362 367 362 377 377 374 367 369 366 365 374 365 364 371 375 377 375 377 375 372 374 375 384 382 377 378 385 380 380 376 376 380 380 384 386 397 392 393 389 396 380 386 403 392 398 400 401 403 403 409 389 389 402
336 339 335 337 337 335 340 340 332 342 346 344 347 346 355 349 351 354 353 348 344 344 343 351 356 351 351 347 349 359 358 365 359 361 367 362 361 361 367 370 361 364 368 358 371 370 361 367 366 368 369 368 370 376 378 373 375 378 378 383 382 374 378 380 379 385 379 381 380 380 386 385 389 389 385 378 394 390 394 399 401 388 400 403 392 395 401 394 391 391 400 397 404 405
335 339 340 341 344 342 342 349 341 349 346 345 348 350 345 358 351 353 351 350 348 348 344 348 351 346 348 353 355 358 360 357 360 359 366 362 362 361 360 371 365 363 362 364 375 366 363 373 368 368 373 375 374 370 376 373 375 368 373 383 381 379 379 373 379 388 387 388 387 381 385 392 398 398 386 379 389 390 399 398 403 401 403 396 385 395 401 400 391 403 399 398 402 404
339 346 341 341 345 341 346 349 341 354 347 347 355 357 352 349 351 340 350 360 349 356 351 343 351 358 359 357 356 358 358 358 359 359 360 363 369 359 355 365 369 370 369 365 371 367 366 373 381 370 368 380 376 366 374 362 383 382 383 372 370 376 384 387 388 387 385 385 380 382 389 386 394 399 386 388 388 389 384 396 402 401 398 398 394 388 398 395 382 405 397 390 389 390
333 343 335 342 346 348 351 350 342 347 346 341 346 356 359 357 352 351 351 351 363 350 357 357 357 352 356 363 359 360 360 360 366 366 366 361 366 358 360 361 369 369 365 363 370 368 373 380 381 370 372 374 384 375 367 377 384 382 380 379 378 379 380 380 389 385 379 378 381 384 383 384 393 391 387 388 387 381 386 385 396 398 392 391 400 397 394 394 388 391 400 402 400 400
331 343 342 342 342 350 344 349 352 354 351 347 342 349 359 357 357 352 350 351 353 363 349 351 346 357 349 357 358 359 360 360 359 364 367 366 360 360 367 360 366 370 364 372 366 371 379 375 370 371 382 382 374 384 381 372 385 372 379 380 377 379 379 378 382 393 394 392 390 378 379 383 383 384 380 386 382 381 389 393 396 397 391 392 396 398 400 401 403 402 399 404 399 405
335 342 344 342 340 342 351 343 343 349 356 356 350 348 352 352 352 344 351 351 354 354 353 351 351 349 340 358 359 360 365 367 366 370 360 360 360 369 372 367 361 369 365 372 379 376 375 367 371 366 383 380 385 386 383 380 378 379 388 389 383 387 372 384 382 384 374 396 388 384 385 388 383 381 381 394 396 397 402 396 401 397 390 390 392 390 396 406 406 404 403 405 400 395
334 337 338 346 341 347 345 343 343 351 350 343 344 348 351 358 358 350 353 349 350 351 351 352 352 362 358 361 361 359 358 357 353 361 366 366 366 372 361 367 374 369 365 366 380 380 375 368 377 372 379 386 386 387 377 376 379 383 376 375 386 389 379 391 383 380 379 387 385 386 386 376 380 393 392 395 390 396 398 400 398 397 394 388 400 401 399 402 400 403 405 406 399 401
337 340 343 346 335 351 342 344 344 351 348 349 349 352 356 354 351 344 347 346 348 347 347 348 349 356 347 360 361 351 358 370 367 361 361 361 360 364 366 372 371 367 364 372 373 375 379 375 383 382 385 387 388 382 388 377 378 389 376 379 380 380 383 393 388 390 395 384 392 389 391 389 392 394 400 392 393 398 402 395 395 399 395 396 405 399 401 403 401 399 399 400 402 407
339 341 346 339 346 346 336 345 351 348 358 355 343 343 349 350 354 354 351 352 347 351 348 349 354 356 357 358 358 358 357 358 359 367 353 364 354 363 372 368 376 370 366 367 369 376 371 371 378 377 372 379 381 388 377 379 381 385 385 378 380 381 381 382 379 392 372 386 393 390 392 400 402 403 399 395 389 396 400 395 397 398 399 400 407 409 403 396 403 401 396 399 407 403
337 334 344 345 345 342 349 349 356 351 353 352 350 344 347 348 352 350 346 361 358 358 353 350 345 351 359 362 371 360 347 361 368 365 362 368 375 375 359 364 366 378 364 364 363 370 370 373 380 381 374 369 375 381 384 382 382 383 383 378 379 380 387 384 370 383 383 384 382 395 386 388 388 395 399 402 404 397 394 400 394 398 401 405 397 405 399 400 407 401 403 408 405 401
340 349 348 345 342 343 350 345 354 352 351 353 354 357 352 346 355 353 352 360 362 358 353 351 353 357 359 360 361 363 362 372 360 355 361 358 361 377 366 366 365 374 368 375 363 377 375 378 385 379 386 374 376 383 382 382 381 385 379 385 382 388 387 393 387 381 376 376 377 391 398 398 385 394 402 396 405 405 404 404 393 398 401 409 399 405 395 396 405 407 403 401 403 404
351 341 336 336 344 347 347 346 352 348 357 346 350 361 356 359 360 359 360 359 357 356 356 358 357 356 362 368 362 362 355 357 368 363 362 365 370 366 368 367 367 367 368 368 371 377 382 368 379 386 382 380 389 381 379 383 386 387 392 392 381 390 388 392 380 382 383 383 378 391 386 398 386 386 402 399 398 396 392 404 380 399 404 409 404 398 397 386 393 400 395 403 395 401
342 339 345 344 348 349 352 347 344 349 360 357 354 357 362 354 353 365 363 361 360 350 356 360 355 359 370 363 363 364 356 354 361 362 362 367 359 365 370 369 375 362 382 375 372 383 384 373 374 387 382 384 386 385 386 386 387 390 388 389 392 392 389 382 382 381 383 386 386 386 392 393 388 385 401 389 391 381 393 391 379 401 396 399 409 409 406 393 392 407 395 409 400 403
342 339 336 336 342 345 344 349 355 350 360 357 360 351 363 347 350 363 359 362 362 355 358 358 358 357 361 361 358 363 367 365 364 364 366 364 359 361 370 374 375 370 372 378 377 371 377 373 380 383 374 384 388 386 391 391 387 383 388 392 387 388 393 391 390 393 396 392 388 389 389 389 394 396 390 389 390 391 397 394 407 392 402 409 410 405 400 405 399 406 402 409 403 402
338 337 342 347 346 356 357 353 353 351 353 352 352 352 361 365 360 357 358 351 354 363 352 359 360 366 354 362 368 363 365 368 366 366 370 366 360 367 360 363 372 366 375 372 375 373 381 378 387 383 379 384 386 390 387 386 387 383 385 387 395 388 389 394 391 390 386 388 393 388 380 382 385 390 392 391 391 392 392 393 407 393 402 399 411 411 398 406 399 400 400 405 406 400
351 352 353 353 352 352 352 352 346 343 351 356 354 344 361 366 365 361 364 353 359 364 364 357 361 368 361 368 364 365 366 368 366 369 364 365 378 367 360 373 376 373 371 372 373 375 382 375 386 370 387 383 382 389 385 392 385 385 383 386 391 391 393 392 392 392 388 387 389 395 396 397 386 387 397 393 390 386 393 401 408 395 397 404 407 412 402 400 403 401 401 408 409 396
329 354 355 354 351 353 354 353 354 358 361 355 352 355 363 358 361 365 365 354 360 351 365 361 364 365 363 374 364 374 376 366 366 363 358 358 366 374 373 370 368 374 370 370 366 373 377 376 370 378 384 383 379 385 391 392 385 386 387 389 376 391 390 394 390 391 391 388 394 401 403 390 390 397 385 387 398 393 399 400 396 396 397 398 399 407 400 390 402 398 413 410 398 374
341 351 352 340 340 353 354 359 348 341 349 351 362 356 355 363 367 364 360 349 368 356 362 371 364 367 369 374 369 376 377 377 364 364 370 377 367 365 368 370 368 371 377 382 384 367 366 376 376 376 379 384 384 384 391 386 387 383 386 388 377 390 387 395 396 397 388 385 391 397 392 396 400 391 391 396 399 397 400 405 400 398 402 409 410 400 401 402 412 403 418 405 386 365
342 347 356 353 353 342 353 353 353 356 361 353 352 355 356 358 357 359 359 365 363 363 362 365 356 359 366 365 366 370 377 374 373 368 360 377 371 366 369 362 364 368 369 380 373 370 381 382 376 377 376 383 389 376 386 387 387 385 387 384 384 385 383 396 397 397 393 387 388 391 398 393 393 397 391 390 394 397 397 402 405 401 398 410 410 400 400 401 396 392 408 397 406 413
348 346 349 354 354 353 351 355 361 344 348 363 359 364 350 353 366 363 361 364 367 370 359 358 363 360 361 365 366 369 375 373 378 363 369 366 360 369 376 369 379 380 376 376 382 387 382 377 379 378 383 384 386 378 386 388 387 388 396 395 384 385 385 386 391 392 393 387 387 395 393 385 386 391 391 397 398 394 395 396 403 398 398 406 401 400 401 400 401 404 403 404 405 411
354 352 344 343 348 354 360 355 356 346 359 364 354 358 357 368 367 365 367 362 360 364 364 363 367 361 371 373 376 372 369 379 379 362 373 367 366 375 377 369 372 379 381 377 380 384 382 372 367 374 379 386 380 385 393 394 387 388 397 397 385 397 385 379 393 390 396 392 400 391 393 391 395 402 386 392 397 395 398 396 396 399 393 398 405 405 409 413 408 402 401 404 407 416
