prediction/untitled folder/solar_ghi_19900101_21UT.txt
NCOLS 839
NROWS 679
XLLCORNER 112.025005
YLLCORNER -43.9750009
CELLSIZE 0.0499954
NODATA_VALUE -999
[rows 344 to 386 of 679, columns 672 to 767 of 839]
424 409 412 434 439 446 443 442 442 441 444 440 453 454 455 455 447 452 448 447 455 456 451 456 460 464 468 464 458 473 469 459 458 466 475 473 462 469 470 470 471 482 481 480 485 486 487 482 477 485 474 481 477 483 490 497 498 489 491 490 486 483 489 498 498 489 499 506 507 508 495 495 490 499 508 513 514 513 513 512 513 510 509 519 509 507 513 524 515 522 527 525 529 530 531 528
431 423 434 432 431 440 452 449 443 436 444 443 453 450 451 444 446 463 455 455 463 466 458 456 450 449 450 451 453 454 469 455 451 473 466 466 475 470 474 482 481 484 480 485 486 481 481 476 479 473 491 491 487 487 489 497 495 491 493 495 483 491 488 489 490 489 504 506 507 507 507 509 497 491 504 510 507 503 503 504 505 501 512 513 514 509 522 523 519 518 522 523 529 528 531 525
438 424 439 429 421 437 453 453 451 438 455 445 443 449 457 451 453 458 463 458 459 455 449 450 458 448 450 452 453 456 463 464 464 471 473 477 478 479 468 466 483 480 472 473 481 474 482 477 479 473 469 481 486 489 486 490 493 486 498 494 496 497 497 494 489 490 504 499 506 507 508 509 504 500 506 510 502 497 498 497 500 508 514 506 510 515 516 524 522 521 516 528 526 518 527 519
442 431 451 440 435 438 448 449 446 442 451 446 446 450 456 450 445 452 464 452 443 457 451 460 466 458 453 472 460 461 466 475 476 463 472 465 458 479 472 468 473 471 465 467 467 467 483 476 479 480 470 477 483 488 484 485 490 487 496 497 495 490 497 502 496 484 498 486 497 486 507 503 496 507 510 512 502 503 507 510 508 510 510 504 512 521 518 524 525 520 518 522 518 525 531 512
434 432 449 443 440 440 435 437 440 446 445 446 448 453 451 449 452 453 464 455 443 466 462 469 467 464 447 472 472 456 472 469 458 457 470 465 464 472 477 473 472 466 474 469 464 475 477 470 472 482 492 494 489 476 489 485 493 489 493 495 495 483 490 496 500 503 504 492 491 486 493 495 491 506 510 513 510 509 515 517 514 510 520 508 515 521 523 518 512 507 524 514 518 528 532 532
422 432 439 447 453 453 442 430 443 458 446 446 442 449 445 454 461 454 461 460 459 449 455 467 453 460 463 471 468 458 473 470 450 459 478 475 472 472 476 476 479 467 473 476 469 487 471 470 473 484 492 493 495 488 488 485 498 499 487 490 491 490 496 489 496 504 504 505 491 499 486 506 510 506 507 507 509 516 516 509 512 513 516 513 513 511 523 520 514 519 527 521 523 529 532 532
428 437 447 453 454 454 417 403 432 458 453 451 454 451 432 441 454 457 452 441 463 460 457 457 452 461 472 471 471 463 464 467 455 462 472 467 474 475 481 475 477 466 477 483 472 484 471 471 481 486 482 481 492 496 495 496 498 496 488 489 497 498 502 502 496 496 496 504 498 504 491 496 510 512 512 500 493 508 517 503 515 515 519 515 519 511 506 521 526 527 527 529 525 531 532 527
432 440 453 440 448 429 363 354 421 446 451 458 455 448 441 435 431 458 447 461 462 468 468 461 461 461 466 463 469 468 462 463 449 466 474 461 473 481 482 483 484 485 487 487 484 489 488 485 475 492 492 487 487 496 496 495 495 496 489 501 502 502 502 502 490 483 491 504 497 500 491 488 504 507 508 494 497 516 518 513 510 508 521 522 519 524 519 522 526 525 528 524 530 531 532 520
435 443 449 431 401 422 434 435 444 452 450 445 452 453 463 457 464 455 433 448 462 463 457 452 458 472 468 462 469 470 471 470 465 470 468 474 468 466 476 476 478 485 487 488 489 486 484 491 486 478 487 482 489 492 495 480 488 490 485 501 501 502 495 496 477 496 497 494 499 506 503 490 498 492 493 487 497 517 518 514 512 515 509 522 523 524 524 525 523 525 521 527 527 521 531 533
440 437 433 441 446 444 438 445 447 448 448 452 462 460 463 454 465 454 454 445 457 458 468 468 459 460 463 474 475 469 476 478 460 468 468 457 468 462 461 463 464 478 474 473 479 484 470 474 480 484 491 482 482 486 493 486 495 483 482 501 490 502 494 495 485 492 491 488 493 502 498 484 485 505 488 490 493 508 508 513 514 520 509 522 523 524 513 511 526 521 524 530 530 530 504 533
442 436 437 441 441 438 444 447 456 459 460 454 455 456 464 454 453 452 467 449 457 455 463 462 469 470 462 468 472 459 460 478 472 470 480 457 471 455 450 462 452 459 476 480 463 467 484 491 479 483 486 489 476 495 489 490 498 499 477 488 501 489 482 490 498 478 465 472 489 495 472 479 489 514 511 515 516 510 504 514 512 520 518 509 510 514 504 506 523 523 529 529 504 530 531 533
442 445 442 444 435 432 451 446 438 457 460 461 457 457 464 452 442 458 467 460 445 456 460 468 460 458 469 468 466 465 457 478 474 461 471 482 460 478 458 458 465 463 471 477 486 478 469 486 492 493 487 468 477 465 484 487 482 485 482 475 489 489 480 491 491 488 487 464 474 493 509 513 502 515 515 514 516 511 513 504 515 515 508 510 508 503 503 511 503 528 508 518 517 504 519 531
443 438 436 445 443 442 440 448 433 431 445 455 435 456 464 445 445 459 459 448 446 456 450 462 469 465 462 456 457 468 475 464 472 464 457 472 478 480 473 467 469 470 487 488 474 470 464 465 467 474 474 484 493 483 484 477 494 484 494 488 462 463 456 479 496 503 508 503 509 510 506 510 513 515 515 495 510 511 507 509 516 513 508 511 517 512 516 514 507 528 517 518 525 511 514 509
448 451 452 437 438 442 442 453 447 430 424 433 457 462 463 442 442 459 461 456 461 471 468 467 468 468 452 455 460 464 463 464 476 466 470 478 479 474 470 476 481 472 471 472 475 479 484 469 467 487 470 496 485 485 496 493 494 494 490 488 485 479 482 484 496 508 496 504 503 499 499 500 513 514 501 501 510 518 519 520 521 517 504 508 502 513 526 521 522 516 529 520 505 507 515 499
449 447 453 440 434 447 449 460 460 444 441 432 449 464 464 455 448 449 455 458 468 469 469 468 461 460 447 462 463 464 467 469 475 470 465 471 472 461 465 484 482 473 472 481 475 473 479 475 474 486 476 483 469 481 482 489 496 495 498 498 491 499 499 498 494 500 509 495 492 478 487 492 495 514 515 508 502 509 517 517 521 504 508 511 514 510 515 527 528 515 524 528 509 513 517 516
453 440 456 448 447 437 459 457 457 460 460 445 450 450 450 458 455 445 454 465 467 466 461 461 456 463 463 465 465 467 468 469 465 463 461 475 483 477 480 476 475 473 473 489 477 475 480 475 486 492 494 490 483 485 496 497 495 491 490 498 505 501 499 504 503 501 490 496 493 498 491 486 495 502 511 506 498 494 507 507 515 516 518 519 525 513 526 528 529 524 519 532 524 518 525 526
454 445 456 449 455 439 455 457 449 463 463 447 453 451 460 466 458 439 453 470 465 471 460 436 458 460 477 469 478 460 458 466 463 470 470 478 484 486 478 474 469 473 481 485 482 487 476 483 493 483 488 493 486 493 489 488 485 495 492 495 505 499 492 504 509 510 486 490 493 510 502 500 501 502 504 501 512 503 506 507 516 513 520 519 516 514 525 528 529 530 526 532 533 519 529 537
452 456 453 447 443 448 446 456 448 460 461 454 453 456 465 466 450 406 444 459 466 471 473 429 462 459 474 461 479 458 459 459 479 477 468 464 476 474 476 484 477 474 478 481 486 488 469 483 481 473 471 478 488 487 485 481 482 494 499 498 503 503 499 501 509 510 499 494 500 509 511 513 505 503 501 508 519 513 495 505 515 511 504 506 509 526 527 528 530 531 529 533 534 535 529 532
445 446 454 442 446 448 448 454 457 459 460 461 455 447 440 447 443 400 439 455 465 472 473 456 473 476 474 478 473 467 454 455 475 483 466 460 461 474 480 487 480 470 464 465 485 487 482 471 475 479 477 480 490 495 494 492 493 483 499 501 502 502 501 489 498 510 507 506 502 509 510 510 504 501 501 507 508 504 498 510 521 522 517 514 514 521 527 528 525 528 530 529 532 535 524 510
440 447 448 440 454 451 455 451 462 463 457 460 461 460 465 453 462 453 459 452 460 471 473 465 469 474 470 479 479 470 470 466 472 475 470 471 470 483 484 488 476 472 477 465 480 493 490 477 479 486 487 483 484 485 496 502 500 489 495 500 506 507 498 492 491 506 511 503 502 508 505 500 502 507 517 499 500 503 522 517 521 520 515 520 519 513 514 516 519 526 531 530 510 516 524 516
442 457 448 445 451 454 462 453 449 460 458 454 451 456 468 463 456 445 438 442 452 466 472 469 466 462 464 471 472 475 481 476 472 481 477 479 478 480 482 488 479 473 490 480 469 467 475 474 482 498 497 490 484 487 492 495 500 504 501 496 507 505 503 498 489 490 503 503 496 506 502 487 495 517 518 514 504 509 522 520 511 508 509 514 521 521 508 511 527 531 517 530 522 522 524 525
446 440 458 449 461 462 462 463 454 460 458 460 467 457 462 458 465 468 467 457 457 473 474 471 458 461 467 471 480 474 470 466 468 483 484 485 481 479 475 475 485 473 481 481 467 466 476 488 491 498 493 495 493 494 496 503 496 484 502 493 498 494 497 496 487 487 490 501 506 496 504 497 496 518 509 517 516 517 522 515 506 517 523 515 517 528 517 522 527 519 521 521 517 518 529 532
453 450 455 453 455 458 460 462 461 460 465 463 467 467 451 461 443 471 472 473 471 451 469 472 464 467 472 476 471 466 465 467 481 465 466 465 476 470 476 477 471 476 477 475 473 487 495 496 497 497 491 480 484 494 496 502 495 492 500 507 504 506 509 510 508 508 506 498 514 510 490 511 514 501 510 510 511 513 512 509 518 525 526 524 525 526 525 529 531 532 529 512 510 509 528 535
436 446 446 446 452 458 463 465 449 445 453 466 468 453 464 448 458 438 472 473 473 467 457 459 460 466 473 479 473 478 468 468 483 479 460 485 486 487 485 473 468 471 480 494 494 495 495 496 492 497 493 482 477 493 474 478 476 486 500 503 501 488 499 504 508 493 501 507 494 493 515 504 497 494 519 520 518 521 522 523 524 513 526 526 527 508 510 511 530 525 528 533 535 531 520 526
458 460 455 440 439 445 461 465 465 452 445 454 463 458 468 458 450 446 467 464 465 468 461 454 465 474 463 463 470 481 482 483 467 474 476 472 467 485 488 486 487 492 493 488 494 494 490 496 492 478 466 487 490 496 487 485 479 493 500 502 504 508 503 501 489 491 495 501 508 503 499 502 514 518 519 521 515 504 514 519 499 522 507 509 522 521 510 509 510 520 522 523 527 520 525 524
448 454 454 461 452 443 448 451 466 466 452 433 444 457 464 467 455 446 460 463 469 475 473 468 466 477 479 471 471 471 482 478 474 485 476 473 461 455 465 489 492 493 492 493 475 483 484 496 497 487 484 494 494 491 492 490 501 500 493 493 502 505 503 498 489 512 507 500 501 506 506 515 513 508 511 507 500 505 519 519 490 508 514 506 517 524 528 527 523 524 528 523 528 536 537 537
454 461 462 463 460 447 464 462 466 454 450 439 449 458 457 459 472 462 449 458 457 463 464 462 462 464 468 470 477 469 465 466 476 475 474 462 456 462 468 472 485 492 487 487 476 482 484 485 478 473 477 489 495 497 492 493 498 504 501 501 501 503 503 499 497 496 494 495 497 505 511 508 500 502 499 510 510 507 513 514 507 512 513 516 525 526 530 531 532 520 523 525 536 537 537 526
461 462 462 463 455 459 458 459 465 451 455 459 460 458 449 456 458 462 462 456 458 462 463 462 464 470 461 462 471 472 454 458 458 457 461 467 471 485 486 480 478 484 483 489 471 482 482 481 473 484 481 487 498 488 490 497 498 500 502 495 502 496 504 504 507 504 499 496 487 498 500 503 505 509 505 512 514 506 510 500 508 519 514 522 528 525 527 531 532 521 522 535 529 534 538 528
461 461 462 463 455 455 446 449 465 467 453 463 471 471 456 450 450 453 463 461 470 473 462 411 472 480 470 466 463 459 463 456 461 465 460 476 479 479 469 471 471 476 481 483 477 487 490 484 485 489 488 495 495 495 490 499 502 502 503 492 509 493 510 512 507 503 494 492 498 492 496 500 512 507 510 513 515 510 507 504 512 519 522 517 516 524 530 518 532 531 520 532 526 529 538 533
451 452 462 460 452 446 464 462 447 460 456 469 471 472 469 455 445 455 469 462 464 471 454 394 478 474 467 468 461 460 473 476 476 480 477 483 479 474 476 467 469 486 484 470 483 489 492 491 491 493 501 496 496 495 493 487 494 495 502 503 493 494 507 507 512 503 494 496 505 501 495 495 512 498 498 512 511 507 516 508 513 510 509 517 508 518 530 525 530 533 524 530 537 527 539 534
455 434 454 462 450 440 447 455 444 454 456 469 470 471 472 457 448 463 465 469 460 472 464 449 467 465 457 460 460 474 478 479 485 488 485 482 463 469 491 489 480 480 471 479 480 490 494 492 489 494 502 503 501 495 482 491 496 489 493 503 494 494 497 496 503 507 505 504 498 506 493 503 511 500 508 512 499 498 513 510 515 518 517 510 508 504 524 532 529 523 525 531 537 538 539 539
442 446 447 457 459 447 431 449 439 460 458 452 453 457 466 474 459 467 461 475 464 477 464 468 467 464 460 461 478 485 481 477 476 483 479 470 461 455 479 481 486 476 476 496 491 492 491 498 489 488 491 493 502 499 477 503 496 497 498 503 504 507 493 488 495 506 504 497 487 506 499 499 508 509 508 514 509 508 517 515 515 516 528 512 521 504 524 530 527 523 517 518 530 538 539 540
427 455 435 450 453 449 446 449 448 464 469 465 448 451 463 473 473 474 457 467 476 476 459 450 456 464 466 467 482 485 486 483 471 456 459 460 480 471 472 475 482 494 497 497 497 484 486 498 501 490 496 496 496 502 487 499 501 506 510 501 507 511 504 499 502 499 507 507 497 500 507 493 510 518 514 515 523 513 519 521 513 525 529 519 527 502 519 513 521 522 530 528 529 538 539 536
443 438 450 434 451 456 450 461 462 454 455 463 466 470 463 457 473 474 466 454 458 473 470 366 413 477 483 483 474 461 463 470 472 473 462 464 473 475 473 474 484 489 486 492 491 484 483 488 494 502 497 497 496 498 495 507 508 503 501 505 498 500 504 507 508 503 505 512 506 485 506 498 505 518 513 513 508 507 515 517 516 529 521 524 520 524 517 516 513 526 536 533 532 532 521 530
460 442 451 451 457 467 458 454 463 456 429 444 450 460 460 456 452 474 465 460 477 478 473 459 458 478 482 472 454 457 457 471 473 472 483 489 483 487 480 477 486 482 480 496 490 488 491 487 495 486 491 497 486 499 500 507 503 497 484 476 484 492 502 507 508 483 502 487 487 495 498 505 507 503 503 507 509 524 514 512 496 517 522 518 514 515 516 520 517 526 536 537 530 512 519 534
451 462 455 454 451 464 461 455 456 459 452 468 466 461 461 467 470 462 465 455 447 449 431 359 379 483 474 455 464 468 473 456 473 490 485 484 492 494 491 491 482 497 497 489 484 488 487 485 488 485 487 493 492 499 496 505 507 508 505 510 504 508 497 501 509 500 485 488 499 504 498 507 497 495 500 494 497 512 509 509 514 522 510 509 514 514 515 520 524 524 518 532 532 531 534 534
457 440 458 459 452 454 451 447 447 451 457 472 472 472 460 451 466 446 467 470 470 466 456 443 454 458 468 479 485 487 461 444 461 486 485 474 475 483 485 489 493 494 491 490 492 464 477 487 474 487 481 501 505 506 502 499 503 499 483 491 487 488 492 486 509 502 498 499 495 501 501 502 507 503 523 522 483 506 517 512 512 515 522 518 519 514 523 530 522 517 520 533 538 532 529 534
463 458 453 456 439 461 468 450 450 466 471 464 466 472 474 465 459 455 458 460 466 474 475 471 468 456 479 485 478 474 462 479 472 480 477 475 476 477 477 487 497 497 497 465 494 490 488 490 477 486 496 493 492 488 489 492 504 509 500 494 496 485 501 485 501 509 500 493 503 506 505 503 504 513 513 524 518 518 518 507 502 519 530 527 523 514 517 522 535 511 513 525 538 534 527 528
459 447 461 461 443 467 469 470 471 471 471 464 442 459 463 473 470 466 450 456 466 467 474 469 483 484 473 465 471 470 478 489 482 478 477 483 481 482 493 483 490 491 497 488 496 500 496 491 488 493 500 499 487 482 494 502 501 509 510 496 497 485 495 494 504 501 499 499 498 504 509 506 510 518 504 520 524 524 517 497 470 488 525 529 524 515 526 509 529 527 519 530 538 534 535 538
449 445 465 466 446 456 462 468 457 470 470 462 436 449 452 460 471 478 471 467 468 461 465 470 479 484 466 465 469 485 486 489 486 480 473 486 478 482 496 491 485 480 489 496 496 502 492 493 499 501 501 500 507 492 502 508 502 509 509 496 498 495 508 506 507 510 506 509 509 505 510 498 517 511 512 521 520 526 527 508 482 494 521 532 522 523 528 523 520 520 531 538 532 527 541 542
456 459 464 466 456 443 455 467 457 457 470 469 460 461 462 460 470 477 472 461 469 460 462 456 469 462 464 469 477 488 478 482 489 486 479 482 467 486 495 493 496 487 470 492 493 497 494 494 494 501 500 498 498 503 501 508 488 501 492 490 502 506 513 515 511 508 510 519 520 519 510 503 512 506 514 513 510 513 515 513 503 518 513 526 516 533 529 536 530 521 526 525 517 526 540 542
443 462 463 459 467 442 451 461 469 445 446 467 467 469 465 467 475 469 456 441 481 470 472 459 473 456 466 469 474 478 478 471 482 486 493 481 474 489 485 497 490 494 490 493 487 497 499 500 501 501 492 500 491 503 489 508 474 489 478 484 495 504 503 504 505 494 503 513 520 521 517 511 519 514 514 516 513 509 509 502 510 524 505 516 515 527 529 536 532 525 526 518 510 525 540 541
453 459 441 457 467 468 441 436 424 416 422 450 455 457 462 450 452 462 463 458 482 477 479 466 461 466 473 477 466 473 479 480 477 493 493 488 467 462 449 497 493 496 499 498 499 499 493 491 491 505 493 494 485 490 490 499 483 480 487 493 502 507 509 507 502 499 504 504 516 517 522 521 522 525 525 524 517 515 522 518 510 520 518 519 521 521 528 536 532 526 525 518 514 522 540 529
