prediction/untitled folder/solar_ghi_19900101_02UT.txt
NCOLS 839
NROWS 679
XLLCORNER 112.025005
YLLCORNER -43.9750009
CELLSIZE 0.0499954
NODATA_VALUE -999
[rows 342 to 379 of 679, columns 602 to 687 of 839]
1062 1060 1072 1072 1066 1065 1059 1073 1075 1064 1053 1077 1077 1071 1050 1057 1078 1078 1077 1077 1077 1076 1057 1050 1044 1053 1070 1068 1075 1075 1074 1058 1053 1059 1074 1070 1059 1067 1053 1046 1074 1076 1076 1074 1071 1074 1074 1074 1073 1073 1073 1068 1071 1072 1073 1073 1068 1072 1072 1072 1067 1066 1072 1072 1071 1066 1071 1072 1071 1072 1071 1060 1065 1071 1072 1071 1071 1070 1059 1059 1056 1060 1060 1065 1055 1059
1074 1057 1061 1077 1077 1065 1074 1059 1066 1074 1077 1077 1076 1076 1054 1059 1078 1077 1076 1077 1076 1076 1075 1075 1063 1073 1075 1075 1076 1075 1075 1075 1075 1075 1074 1062 1053 1049 1064 1076 1076 1076 1075 1074 1062 1074 1073 1073 1071 1072 1072 1072 1070 1072 1072 1072 1072 1072 1069 1067 1067 1072 1072 1072 1072 1069 1071 1068 1071 1062 1071 1058 1062 1072 1066 1066 1061 1056 1066 1071 1070 1070 1067 1070 1065 1059
1079 1060 1064 1075 1076 1077 1078 1078 1071 1077 1078 1077 1068 1065 1068 1079 1078 1077 1077 1070 1076 1076 1075 1075 1072 1075 1075 1075 1069 1075 1075 1074 1072 1075 1067 1056 1075 1075 1076 1075 1075 1074 1074 1074 1073 1074 1073 1072 1072 1072 1065 1068 1072 1072 1068 1070 1072 1071 1072 1072 1072 1072 1072 1072 1071 1069 1071 1071 1059 1065 1071 1065 1056 1072 1072 1071 1070 1064 1062 1071 1061 1061 1069 1064 1064 1070
1079 1078 1078 1078 1074 1077 1077 1077 1078 1077 1067 1053 1048 1056 1079 1078 1077 1077 1076 1076 1072 1070 1069 1065 1065 1075 1074 1074 1068 1067 1061 1063 1075 1072 1056 1046 1075 1075 1076 1075 1074 1074 1074 1073 1069 1073 1072 1073 1072 1064 1060 1060 1072 1072 1072 1068 1071 1071 1072 1069 1072 1072 1071 1071 1067 1062 1071 1071 1067 1063 1067 1072 1061 1072 1071 1071 1070 1070 1070 1070 1061 1067 1070 1070 1064 1065
1078 1078 1077 1077 1077 1077 1077 1077 1077 1077 1058 1050 1078 1078 1078 1077 1076 1076 1075 1075 1076 1076 1070 1058 1058 1073 1061 1061 1063 1075 1068 1072 1074 1075 1075 1074 1059 1071 1075 1074 1066 1073 1072 1066 1073 1074 1073 1073 1072 1068 1068 1062 1072 1072 1072 1072 1071 1066 1071 1070 1071 1071 1070 1070 1065 1071 1070 1070 1071 1065 1059 1071 1072 1071 1071 1070 1070 1070 1070 1070 1069 1070 1070 1069 1069 1069
1078 1077 1077 1072 1077 1077 1077 1077 1077 1077 1068 1079 1079 1079 1078 1077 1076 1076 1076 1076 1076 1076 1063 1072 1076 1075 1069 1069 1067 1067 1075 1074 1074 1075 1074 1055 1070 1075 1071 1075 1074 1067 1061 1073 1059 1073 1073 1072 1072 1072 1072 1067 1069 1072 1072 1071 1071 1071 1071 1072 1071 1071 1070 1070 1070 1070 1067 1061 1070 1070 1066 1067 1067 1064 1071 1070 1070 1070 1070 1070 1069 1070 1069 1060 1069 1069
1077 1077 1076 1077 1071 1077 1077 1076 1076 1076 1078 1079 1078 1076 1078 1076 1076 1076 1076 1076 1075 1075 1074 1075 1069 1073 1074 1074 1072 1059 1075 1072 1073 1075 1056 1056 1075 1075 1075 1074 1074 1073 1073 1068 1073 1073 1072 1065 1070 1072 1072 1072 1072 1071 1062 1071 1069 1071 1071 1071 1071 1070 1069 1070 1059 1070 1062 1068 1070 1070 1070 1071 1071 1064 1070 1070 1069 1068 1069 1065 1069 1070 1066 1059 1069 1069
1071 1077 1077 1077 1071 1067 1076 1070 1069 1061 1078 1078 1078 1078 1078 1077 1077 1076 1076 1075 1075 1075 1071 1069 1072 1072 1074 1067 1071 1071 1075 1068 1074 1062 1051 1062 1075 1075 1074 1074 1073 1070 1073 1073 1073 1072 1072 1072 1072 1072 1070 1064 1071 1071 1070 1071 1071 1071 1071 1061 1071 1071 1068 1070 1067 1058 1059 1070 1070 1070 1069 1070 1071 1071 1071 1070 1065 1064 1069 1047 1069 1069 1069 1063 1068 1068
1062 1059 1058 1077 1077 1064 1076 1076 1072 1047 1077 1078 1078 1078 1077 1077 1076 1076 1076 1075 1075 1075 1062 1057 1055 1075 1073 1067 1068 1067 1074 1068 1061 1067 1072 1074 1075 1075 1073 1073 1073 1071 1072 1072 1072 1065 1072 1072 1072 1059 1061 1072 1071 1071 1071 1059 1071 1071 1057 1071 1071 1070 1070 1067 1066 1060 1063 1070 1070 1070 1064 1053 1064 1071 1071 1070 1067 1064 1066 1045 1067 1069 1069 1069 1069 1068
1078 1061 1049 1072 1076 1065 1076 1068 1065 1073 1077 1077 1077 1077 1076 1076 1076 1076 1075 1075 1074 1074 1068 1065 1054 1066 1074 1075 1074 1069 1074 1059 1074 1073 1074 1075 1075 1074 1070 1073 1073 1064 1064 1072 1072 1072 1072 1072 1072 1072 1072 1070 1071 1071 1071 1071 1071 1071 1070 1071 1071 1070 1070 1066 1062 1062 1070 1067 1069 1070 1061 1057 1062 1071 1070 1070 1069 1055 1069 1069 1069 1069 1064 1069 1069 1068
1068 1078 1079 1074 1076 1071 1077 1071 1052 1056 1044 1058 1054 1077 1077 1076 1076 1074 1068 1063 1071 1064 1075 1076 1059 1059 1073 1075 1075 1075 1056 1063 1074 1074 1074 1074 1075 1075 1074 1073 1072 1063 1060 1066 1072 1072 1072 1072 1072 1072 1072 1072 1072 1071 1071 1071 1071 1067 1057 1053 1067 1070 1066 1068 1069 1065 1061 1056 1058 1047 1042 1044 1071 1070 1070 1070 1069 1053 1069 1069 1069 1069 1061 1065 1068 1068
1079 1070 1061 1058 1077 1063 1058 1077 1077 1077 1077 1077 1076 1076 1073 1067 1076 1075 1075 1075 1075 1071 1068 1069 1053 1076 1075 1066 1075 1068 1056 1074 1053 1074 1074 1074 1074 1074 1074 1073 1066 1072 1073 1072 1072 1072 1072 1071 1071 1071 1071 1072 1071 1071 1071 1064 1070 1067 1062 1065 1071 1070 1070 1070 1070 1070 1069 1054 1030 1048 1063 1064 1071 1070 1070 1070 1069 1036 1069 1069 1069 1069 1061 1069 1064 1064
1078 1078 1077 1057 1052 1078 1074 1077 1077 1077 1077 1067 1073 1076 1076 1075 1069 1075 1075 1075 1075 1074 1076 1070 1068 1076 1074 1057 1064 1054 1047 1075 1075 1074 1074 1074 1073 1072 1072 1063 1065 1071 1056 1072 1072 1072 1072 1072 1071 1071 1071 1068 1051 1061 1063 1068 1071 1057 1064 1071 1071 1071 1060 1058 1070 1070 1064 1058 1060 1062 1071 1069 1071 1070 1070 1069 1063 1070 1070 1069 1060 1066 1069 1069 1064 1061
1078 1077 1070 1053 1078 1077 1077 1068 1074 1076 1076 1075 1067 1059 1074 1070 1075 1075 1075 1075 1075 1066 1075 1067 1076 1033 1039 1049 1051 1065 1075 1075 1075 1073 1074 1073 1072 1072 1070 1065 1072 1065 1063 1072 1072 1069 1064 1072 1069 1071 1071 1062 1052 1071 1071 1071 1070 1054 1063 1071 1071 1070 1070 1070 1070 1069 1061 1058 1071 1070 1071 1071 1071 1060 1070 1069 1070 1070 1069 1069 1069 1069 1069 1069 1069 1068
1068 1066 1070 1061 1078 1077 1077 1077 1076 1073 1077 1076 1074 1076 1075 1075 1075 1062 1075 1068 1072 1074 1061 1076 1061 1076 1074 1075 1071 1052 1043 1071 1075 1072 1073 1072 1070 1072 1070 1059 1070 1072 1070 1072 1072 1067 1069 1071 1064 1071 1069 1071 1072 1072 1071 1071 1057 1040 1065 1071 1071 1070 1070 1070 1070 1070 1064 1054 1071 1058 1071 1071 1071 1065 1070 1069 1069 1069 1069 1069 1069 1069 1069 1069 1068 1065
1068 1078 1077 1077 1077 1077 1077 1064 1059 1064 1076 1076 1075 1076 1075 1075 1075 1068 1075 1068 1074 1062 1054 1051 1076 1076 1075 1049 1045 1053 1076 1075 1074 1074 1073 1073 1067 1066 1066 1050 1068 1070 1059 1064 1069 1055 1070 1069 1071 1071 1059 1068 1071 1070 1071 1070 1063 1051 1071 1071 1071 1062 1052 1052 1048 1070 1049 1056 1068 1055 1062 1071 1071 1071 1070 1070 1067 1059 1069 1069 1068 1068 1069 1069 1068 1054
1077 1076 1076 1076 1076 1075 1076 1076 1058 1064 1073 1076 1075 1075 1075 1070 1069 1075 1075 1062 1075 1045 1057 1052 1070 1058 1072 1061 1068 1075 1075 1074 1061 1069 1060 1072 1072 1073 1072 1061 1063 1066 1044 1071 1055 1050 1066 1060 1067 1071 1058 1063 1071 1071 1070 1070 1070 1070 1069 1057 1066 1065 1032 1027 1046 1071 1071 1069 1071 1071 1071 1071 1071 1071 1070 1067 1063 1070 1070 1063 1060 1068 1068 1058 1068 1049
1076 1076 1076 1069 1063 1064 1076 1076 1076 1075 1074 1072 1074 1069 1075 1075 1075 1062 1068 1029 1075 1054 1050 1058 1077 1062 1050 1054 1061 1068 1052 1059 1073 1068 1073 1061 1069 1072 1048 1063 1059 1060 1048 1049 1064 1055 1064 1071 1071 1060 1065 1050 1054 1064 1070 1070 1066 1065 1056 1043 1059 1058 1034 1003 1056 1044 1071 1069 1071 1071 1071 1071 1071 1070 1067 1062 1070 1070 1060 1070 1069 1069 1054 1068 1068 1063
1076 1076 1076 1061 1059 1069 1073 1064 1075 1075 1075 1066 1074 1075 1075 1075 1055 1064 1047 1069 1075 1057 1068 1077 1076 1068 1069 1075 1074 1074 1061 1046 1037 1051 1056 1051 1072 1072 1058 1073 1073 1055 1070 1072 1072 1056 1064 1063 1070 1071 1071 1069 1071 1070 1064 1070 1070 1064 1049 1057 1063 1037 1032 1036 1038 1012 1024 1053 1053 1049 1055 1071 1071 1071 1067 1066 1070 1069 1057 1070 1070 1069 1045 1069 1068 1068
1076 1076 1076 1075 1076 1076 1076 1065 1053 1051 1070 1064 1075 1064 1074 1063 1030 1065 1060 1076 1074 1075 1076 1076 1063 1072 1074 1074 1068 1074 1074 1067 1052 1051 1050 1060 1040 1048 1072 1072 1072 1057 1054 1072 1071 1071 1071 1071 1063 1068 1071 1071 1071 1071 1070 1070 1070 1066 1068 1069 1040 1038 1069 1068 984 979 1023 1069 1044 1036 1054 1071 1070 1070 1071 1070 1069 1067 1069 1070 1070 1069 1063 1065 1068 1058
1075 1075 1074 1070 1031 988 1036 1072 1067 1036 1032 1056 1054 1037 1014 1043 1045 1073 1077 1065 1064 1063 1056 1051 1052 1060 1052 1050 1050 1052 1061 1059 1035 1024 978 997 1031 1050 1072 1055 1072 1072 1071 1065 1060 1067 1071 1062 1063 1071 1070 1068 1057 1048 1049 1051 1038 1069 1056 1066 1047 1063 1072 1071 1070 1057 1064 1071 1062 1049 1062 1070 1070 1070 1070 1070 1068 1069 1067 1069 1069 1070 1069 1058 1068 1058
1072 1071 1073 1063 1049 1045 1050 1026 1021 1076 1073 968 940 986 764 1006 1051 1068 1078 1066 1062 1036 1021 1036 1058 1056 1046 1052 1066 1044 1021 1022 946 941 860 887 956 1015 1058 1047 1064 1072 1059 1055 1065 1068 1057 1048 1048 1047 1037 1044 1042 1032 1040 1049 1049 1060 1069 1041 1049 1059 1071 1070 1070 1069 1070 1064 1064 1063 1062 1069 1066 1070 1051 1069 1053 1066 1060 1070 1069 1063 1063 1057 1050 1056
1075 1074 1068 1069 1063 1047 1017 1006 948 961 965 1030 1038 758 613 952 1048 1043 1021 1044 1040 1014 1031 1035 1046 1052 1056 1073 1073 1031 930 934 799 848 828 784 801 963 1029 1031 1040 1038 1043 1055 1066 1068 1058 1050 1049 1023 994 994 998 1026 1033 1049 1069 1066 1069 1052 1062 1070 1070 1069 1070 1070 1070 1070 1069 1068 1062 1062 1057 1058 1053 1070 1037 1070 1068 1069 1069 1069 1069 1065 1060 1056
1074 1070 1068 1052 1041 1039 1043 1015 942 1030 992 1036 972 971 798 958 1071 1024 1026 1009 914 947 1015 1006 992 1012 1056 1074 1061 1007 839 848 712 803 870 706 725 912 961 982 993 1004 1042 1057 1043 1039 1054 1049 1023 955 954 974 993 1028 1030 1056 1031 1025 1044 1060 1070 1056 1062 1069 1069 1067 1062 1063 1046 1057 1059 1049 1033 1066 1060 1070 1070 1059 1052 1064 1069 1066 1062 1069 1069 1062
1069 1071 1075 1076 1076 1077 1055 1032 1035 942 1015 1017 842 766 637 599 755 1019 1076 1014 903 912 982 986 957 937 1017 1028 1070 1046 908 813 791 758 900 729 754 835 891 844 866 945 1021 1039 1021 989 1016 1025 952 785 941 952 970 982 1034 1049 1038 1039 1043 1050 1070 1066 1066 1066 1066 1061 1062 1061 1063 1063 1069 1052 1070 1068 1069 1071 1070 1068 1065 1057 1058 1068 1068 1069 1068 1061
1069 1062 1068 1067 1062 1058 1056 1050 1056 1049 1026 1008 972 912 820 737 667 606 725 850 854 872 864 919 927 883 905 966 975 1042 1023 871 912 727 935 933 909 900 925 739 671 816 921 991 984 945 960 986 931 725 935 893 909 971 1028 1029 1037 1038 1049 1058 1067 1069 1069 1069 1052 1052 1062 1053 1039 1055 1071 1064 1070 1070 1066 1069 1071 1071 1070 1068 1062 1055 1055 1066 1045 1045
1068 1052 1046 1019 1028 908 1077 1069 1056 1038 1038 1006 968 950 924 857 872 700 604 713 844 820 941 944 953 930 981 1010 1045 1016 1043 987 927 878 998 1025 1015 1003 1019 792 586 649 798 936 973 901 930 968 928 776 775 822 868 976 1011 1009 1001 1028 1039 1053 1066 1069 1069 1067 1055 1048 1069 1057 1032 1052 1059 1071 1071 1070 1063 1069 1070 1070 1070 1069 1068 1055 1065 1065 1060 1044
1051 1019 1031 1012 1039 940 1076 1060 1024 1003 1045 1036 944 900 845 764 734 668 560 605 959 981 960 908 897 905 1042 1061 1056 1049 1040 1040 1035 962 1027 1061 1065 1059 1026 873 611 544 636 823 887 805 916 983 747 610 563 726 863 950 1035 1031 991 1021 1045 1026 1037 1068 1059 1060 1065 1057 1070 1052 1047 1048 1052 1067 1071 1068 1064 1069 1070 1065 1070 1069 1059 1064 1068 1069 1069 1060
1051 1003 1004 1052 1039 1043 1043 1047 998 1013 1074 1030 964 917 884 773 660 612 536 540 965 1033 938 830 840 848 1033 1073 1073 1072 1058 1051 1058 1047 1051 1060 1070 1071 1050 919 630 546 671 954 951 932 842 639 630 482 527 636 811 938 1027 1059 1051 1047 1041 1002 971 1015 1051 1054 1061 1041 1069 1035 1044 1067 1062 1053 1065 1065 1069 1065 1054 1035 1069 1070 1050 1059 1062 1069 1069 1066
1077 1037 942 1033 1060 1034 1022 1003 969 1032 1065 991 1011 1018 1010 912 719 602 520 504 740 949 719 790 827 938 1040 1035 1040 1066 1063 1058 1054 1055 1066 1066 1065 1068 1062 988 689 659 625 823 814 815 871 505 518 491 556 611 705 865 993 1052 1069 1068 1042 1030 1008 947 1050 1051 1046 1029 1070 1043 1035 1071 1070 1064 1072 1071 1070 1070 1069 1047 1057 1053 1055 1052 1054 1052 1068 1068
1005 1030 1032 1052 1059 1020 1034 976 990 1041 978 992 1051 1052 1033 933 717 604 531 529 734 902 625 831 904 1009 1055 1018 1030 1051 1052 1053 1047 1055 1070 1071 1072 1072 1055 1043 894 802 636 722 835 920 652 679 583 690 845 804 875 1001 1040 1056 1051 1047 1065 1061 1061 1008 954 1048 1051 1047 1070 1057 1057 1072 1071 1071 1071 1070 1070 1069 1068 1059 1049 1042 1059 1052 1066 1065 1068 1067
1075 1075 1034 974 932 1043 1077 1078 1078 1011 948 1021 1051 1052 1019 830 708 719 648 672 939 946 789 919 999 1038 1056 1054 1059 1058 1051 1058 1071 1072 1072 1065 1072 1072 1062 1065 1058 945 830 927 853 926 782 755 645 705 768 832 945 1005 1029 1031 1033 1050 1052 1069 1061 1057 1041 1027 1057 1066 1070 1069 1068 1071 1071 1070 1058 1055 1061 1033 1036 1021 1018 1013 1063 1047 1070 1069 1068 1056
992 1060 1005 1044 1053 1028 997 1078 1049 933 1026 1054 975 973 966 888 979 991 981 896 915 941 987 1028 1034 1042 1060 1071 1072 1060 1067 1067 1072 1073 1072 1071 1070 1066 1072 1071 1064 1023 979 971 948 1011 953 755 668 809 946 1001 1028 1032 1052 1053 1062 1066 1069 1069 1062 1057 1055 1050 1051 1048 1070 1066 1056 1071 1070 1068 1069 1069 1065 1058 1045 1067 1068 1069 1069 1057 1064 1058 1068 1051
919 1021 783 790 1022 1052 1060 1059 1028 1079 1080 1078 994 850 951 932 949 1077 974 961 961 970 1025 1055 1051 1046 1047 1060 1072 1067 1072 1072 1066 1072 1072 1072 1071 1069 1071 1071 1063 1055 1040 984 977 1011 1022 920 797 868 999 1024 1017 1041 1054 1070 1069 1069 1069 1069 1069 1068 1050 1068 1066 1050 1066 1062 1061 1070 1070 1067 1068 1046 1027 1041 986 973 972 1056 1069 1068 1060 1062 1056 1036
1011 842 734 828 910 1007 1028 1013 1001 943 853 754 739 926 824 689 533 569 744 894 978 1013 985 1043 1053 1047 1057 1071 1069 1073 1073 1070 1049 1059 1065 1071 1069 1063 1071 1071 1070 1058 1065 1045 1035 1028 1041 1039 988 971 1012 1017 1021 1032 1033 1034 1013 1051 1069 1068 1055 1064 1068 1062 1049 1053 1069 1066 1070 1069 1069 1058 1067 1053 1031 1070 1049 1047 1021 1009 1021 1037 1067 1056 1026 1031
1049 976 848 872 962 1085 1058 1046 1039 1042 1019 959 987 1038 1074 1031 663 799 976 962 975 1044 943 1028 1072 1047 1049 1065 1070 1070 1072 1072 1052 1062 1071 1069 1063 1071 1071 1071 1070 1071 1062 1068 1070 1070 1070 1070 1062 1054 1049 1040 1024 1031 1039 1020 1002 1041 1063 1068 1054 1060 1059 1044 1046 1057 1059 1044 1054 1054 1065 1053 1066 1059 1044 1049 1065 1068 1068 1068 1067 1066 1068 1059 1048 1067
1049 1063 977 924 977 1058 1044 1061 1061 1070 1029 1027 1041 1043 1029 1030 729 1078 1066 1047 799 987 996 980 1033 1051 1050 1058 1055 1071 1071 1071 1072 1072 1064 1057 1071 1071 1071 1070 1069 1070 1070 1068 1067 1057 1060 1064 1068 1053 1054 1058 1032 1047 1050 1053 1051 1060 1064 1065 1065 1055 1046 1055 1066 1058 1046 1068 1053 1036 1057 1047 1036 1056 1058 1070 1065 1056 1061 1065 1063 1067 1068 1067 1068 1067
1038 977 970 1003 1085 1082 1050 1061 1042 1056 1050 1060 1042 1046 991 933 1015 1022 1079 1077 905 946 955 964 990 1027 1054 1071 1071 1064 1063 1065 1071 1071 1071 1071 1071 1071 1070 1070 1070 1070 1061 1054 1054 1057 1044 1018 1045 1050 1052 1059 1049 1063 1063 1065 1068 1068 1060 1059 1054 1043 1061 1068 1068 1050 1048 1070 1049 1038 1069 1028 1043 1061 1069 1069 1057 1060 1051 1050 1050 1054 1049 1067 1067 1066
