prediction/untitled folder/solar_ghi_19900101_01UT.txt
NCOLS 839
NROWS 679
XLLCORNER 112.025005
YLLCORNER -43.9750009
CELLSIZE 0.0499954
NODATA_VALUE -999
[rows 195 to 233 of 679, columns 704 to 791 of 839]
1094 1093 1093 1093 1094 1093 1080 1044 1044 1093 1056 1056 1056 1056 1053 1088 1056 1057 1057 1057 1056 1056 1056 1056 1056 1088 1088 1088 1088 1049 1058 1058 1058 1058 1058 1058 1058 1058 1058 1058 1058 1058 1058 1058 1062 1062 -999 -999 -999 -999 -999 -999 -999 -999 -999 -999 -999 -999 -999 -999 -999 -999 -999 -999 -999 -999 -999 -999 -999 -999 -999 -999 -999 -999 -999 -999 -999 -999 -999 -999 -999 -999 -999 -999 -999 -999 -999 -999
1095 1071 1090 1095 1094 1094 1095 1093 1093 1093 1092 1061 1061 1053 1093 1088 1056 1057 1057 1057 1056 1056 1056 1056 1056 1088 1088 1088 1049 1049 1058 1058 1058 1058 1058 1058 1058 1058 1058 1058 1058 1058 1058 1058 1062 1062 -999 -999 -999 -999 -999 -999 -999 -999 -999 -999 -999 -999 -999 -999 -999 -999 -999 -999 -999 -999 -999 -999 -999 -999 -999 -999 -999 -999 -999 -999 -999 -999 -999 -999 -999 -999 -999 -999 -999 -999 -999 -999
1083 1077 1092 1095 1095 1094 1095 1095 1094 1094 1093 1092 1053 1053 1093 1088 1056 1057 1057 1056 1056 1056 1056 1056 1088 1088 1088 1088 1049 1049 1058 1058 1058 1058 1058 1058 1058 1058 1058 1058 1058 1058 1058 1058 1062 1062 -999 -999 -999 -999 -999 -999 -999 -999 -999 -999 -999 -999 -999 -999 -999 -999 -999 -999 -999 -999 -999 -999 -999 -999 -999 -999 -999 -999 -999 -999 -999 -999 -999 -999 -999 -999 -999 -999 -999 -999 -999 -999
1092 1097 1097 1091 1091 1095 1096 1096 1095 1091 1094 1092 1093 1093 1093 1088 1056 1057 1057 1056 1056 1056 1056 1056 1088 1088 1088 1049 1049 1049 1058 1058 1058 1058 1058 1058 1058 1058 1058 1058 1058 1058 1058 1062 1062 1062 -999 -999 -999 -999 -999 -999 -999 -999 -999 -999 -999 -999 -999 -999 -999 -999 -999 -999 -999 -999 -999 -999 -999 -999 -999 -999 -999 -999 -999 -999 -999 -999 -999 -999 -999 -999 -999 -999 -999 -999 -999 -999
1082 1098 1098 1092 1093 1092 1096 1096 1095 1096 1095 1094 1094 1094 1093 1090 1092 1092 1082 1056 1056 1056 1056 1088 1088 1088 1088 1049 1049 1049 1058 1058 1058 1058 1058 1058 1058 1058 1058 1058 1058 1062 1062 1062 1062 1062 -999 -999 -999 -999 -999 -999 -999 -999 -999 -999 -999 -999 -999 -999 -999 -999 -999 -999 -999 -999 -999 -999 -999 -999 -999 -999 -999 -999 -999 -999 -999 -999 -999 -999 -999 -999 -999 -999 -999 -999 -999 -999
1096 1098 1092 1092 1087 1084 1096 1095 1089 1094 1095 1095 1089 1086 1081 1079 1094 1093 1064 1052 1045 1045 1045 1088 1088 1088 1049 1049 1049 1049 1058 1058 1058 1058 1058 1058 1058 1058 1058 1058 1062 1062 1062 1062 1062 1062 -999 -999 -999 -999 -999 -999 -999 -999 -999 -999 -999 -999 -999 -999 -999 -999 -999 -999 -999 -999 -999 -999 -999 -999 -999 -999 -999 -999 -999 -999 -999 -999 -999 -999 -999 -999 -999 -999 -999 -999 -999 -999
1096 1090 1097 1091 1092 1081 1081 1077 1080 1095 1095 1095 1095 1094 1094 1088 1080 1086 1070 1070 1046 1046 1070 1088 1088 1088 1049 1049 1049 1049 1058 1058 1058 1058 1058 1058 1058 1058 1062 1062 1062 1062 1062 1062 1062 1062 -999 -999 -999 -999 -999 -999 -999 -999 -999 -999 -999 -999 -999 -999 -999 -999 -999 -999 -999 -999 -999 -999 -999 -999 -999 -999 -999 -999 -999 -999 -999 -999 -999 -999 -999 -999 -999 -999 -999 -999 -999 -999
1096 1096 1097 1097 1097 1097 1093 1091 1096 1095 1095 1094 1094 1093 1088 1084 1095 1093 1093 1092 1074 1070 1070 1088 1088 1063 1049 1049 1049 1056 1056 1058 1058 1058 1058 1058 1058 1062 1062 1062 1062 1062 1062 1062 1062 1062 -999 -999 -999 -999 -999 -999 -999 -999 -999 -999 -999 -999 -999 -999 -999 -999 -999 -999 -999 -999 -999 -999 -999 -999 -999 -999 -999 -999 -999 -999 -999 -999 -999 -999 -999 -999 -999 -999 -999 -999 -999 -999
1096 1090 1097 1097 1097 1096 1096 1076 1082 1082 1090 1089 1093 1093 1093 1093 1095 1094 1092 1074 1069 1083 1076 1076 1079 1056 1060 1060 1056 1056 1053 1058 1058 1058 1058 1062 1062 1062 1062 1062 1062 1062 1062 1062 1062 1062 -999 -999 -999 -999 -999 -999 -999 -999 -999 -999 -999 -999 -999 -999 -999 -999 -999 -999 -999 -999 -999 -999 -999 -999 -999 -999 -999 -999 -999 -999 -999 -999 -999 -999 -999 -999 -999 -999 -999 -999 -999 -999
1098 1098 1082 1097 1096 1096 1096 1076 1062 1062 1085 1095 1094 1093 1093 1094 1093 1092 1091 1060 1045 1083 1079 1068 1065 1058 1020 1020 1056 1056 1053 1053 1058 1058 1062 1062 1062 1062 1062 1062 1062 1062 1062 1062 1062 1062 -999 -999 -999 -999 -999 -999 -999 -999 -999 -999 -999 -999 -999 -999 -999 -999 -999 -999 -999 -999 -999 -999 -999 -999 -999 -999 -999 -999 -999 -999 -999 -999 -999 -999 -999 -999 -999 -999 -999 -999 -999 -999
1085 1083 1097 1097 1096 1090 1082 1083 1067 1057 1064 1095 1095 1094 1086 1086 1086 1093 1092 1069 1065 1087 1092 1092 1080 1073 1026 1001 974 965 1053 1053 1052 1062 1062 1062 1062 1062 1062 1062 1062 1062 1062 1062 1062 1062 -999 -999 -999 -999 -999 -999 -999 -999 -999 -999 -999 -999 -999 -999 -999 -999 -999 -999 -999 -999 -999 -999 -999 -999 -999 -999 -999 -999 -999 -999 -999 -999 -999 -999 -999 -999 -999 -999 -999 -999 -999 -999
1074 1098 1097 1092 1097 1096 1096 1076 1091 1090 1071 1094 1094 1093 1093 1093 1081 1093 1092 1092 1092 1077 1063 1078 1090 1086 1087 1060 990 845 1003 1052 1052 1052 1062 1062 1062 1062 1062 1062 1062 1062 1062 1062 1062 1062 -999 -999 -999 -999 -999 -999 -999 -999 -999 -999 -999 -999 -999 -999 -999 -999 -999 -999 -999 -999 -999 -999 -999 -999 -999 -999 -999 -999 -999 -999 -999 -999 -999 -999 -999 -999 -999 -999 -999 -999 -999 -999
1100 1100 1098 1098 1094 1097 1096 1097 1096 1082 1086 1093 1094 1093 1093 1093 1093 1093 1092 1092 1093 1067 1070 1083 1090 1080 1075 1060 1053 991 996 1063 1063 1063 1062 1062 1062 1062 1062 1062 1062 1062 1062 1062 1062 1062 -999 -999 -999 -999 -999 -999 -999 -999 -999 -999 -999 -999 -999 -999 -999 -999 -999 -999 -999 -999 -999 -999 -999 -999 -999 -999 -999 -999 -999 -999 -999 -999 -999 -999 -999 -999 -999 -999 -999 -999 -999 -999
1099 1099 1099 1098 1098 1097 1096 1097 1084 1078 1096 1095 1094 1094 1093 1093 1093 1093 1092 1092 1092 1074 1061 1061 1083 1072 1069 1055 1062 991 1045 1063 1063 1063 1062 1062 1062 1062 1062 1062 1062 1062 1062 1062 1062 1062 -999 -999 -999 -999 -999 -999 -999 -999 -999 -999 -999 -999 -999 -999 -999 -999 -999 -999 -999 -999 -999 -999 -999 -999 -999 -999 -999 -999 -999 -999 -999 -999 -999 -999 -999 -999 -999 -999 -999 -999 -999 -999
1098 1098 1085 1082 1098 1098 1097 1097 1089 1097 1083 1096 1095 1094 1094 1093 1093 1092 1092 1092 1092 1087 1066 1052 1073 1065 1075 1064 1067 1057 1045 1045 1063 1063 1063 1062 1062 1062 1062 1062 1062 1062 1062 1062 1062 1062 1029 -999 -999 -999 -999 -999 -999 -999 -999 -999 -999 -999 -999 -999 -999 -999 -999 -999 -999 -999 -999 -999 -999 -999 -999 -999 -999 -999 -999 -999 -999 -999 -999 -999 -999 -999 -999 -999 -999 -999 -999 -999
1098 1097 1098 1098 1098 1098 1097 1097 1093 1097 1096 1097 1095 1094 1077 1094 1093 1093 1092 1092 1092 1080 1092 1080 1051 1057 1074 1061 1064 1057 1057 1045 1045 1063 1063 1062 1062 1062 1062 1062 1062 1062 1062 1062 1062 1062 1054 1054 1054 -999 -999 -999 -999 -999 -999 -999 -999 -999 -999 -999 -999 -999 -999 -999 -999 -999 -999 -999 -999 -999 -999 -999 -999 -999 -999 -999 -999 -999 -999 -999 -999 -999 -999 -999 -999 -999 -999 -999
1097 1097 1091 1098 1099 1098 1093 1089 1098 1098 1097 1097 1095 1095 1095 1095 1094 1089 1093 1087 1092 1092 1093 1093 1057 1053 1045 1057 1053 1053 1053 1057 1045 1045 1063 1063 1062 1062 1062 1062 1062 1062 1062 1062 1062 1054 1054 1054 1054 1050 -999 -999 -999 -999 -999 -999 -999 -999 -999 -999 -999 -999 -999 -999 -999 -999 -999 -999 -999 -999 -999 -999 -999 -999 -999 -999 -999 -999 -999 -999 -999 -999 -999 -999 -999 -999 -999 -999
1092 1097 1098 1098 1099 1098 1083 1084 1097 1098 1097 1090 1083 1091 1095 1095 1095 1094 1093 1093 1092 1092 1092 1092 1082 1088 1057 1075 1053 1053 1060 1060 1060 1061 1061 1061 1006 1006 1006 1006 1006 981 1054 1054 1054 1054 1054 1054 1050 1050 -999 -999 -999 -999 -999 -999 -999 -999 -999 -999 -999 -999 -999 -999 -999 -999 -999 -999 -999 -999 -999 -999 -999 -999 -999 -999 -999 -999 -999 -999 -999 -999 -999 -999 -999 -999 -999 -999
1097 1097 1097 1097 1097 1098 1097 1098 1087 1094 1098 1097 1096 1096 1090 1088 1095 1095 1094 1093 1093 1092 1091 1091 1092 1092 1092 1091 1078 1060 1060 1060 1061 1061 1061 1006 1006 1006 1006 1006 981 1054 1054 1054 1054 1054 1054 1050 1050 1050 -999 -999 -999 -999 -999 -999 -999 -999 -999 -999 -999 -999 -999 -999 -999 -999 -999 -999 -999 -999 -999 -999 -999 -999 -999 -999 -999 -999 -999 -999 -999 -999 -999 -999 -999 -999 -999 -999
1093 1097 1077 1096 1096 1097 1097 1091 1099 1098 1098 1098 1097 1097 1096 1090 1095 1095 1080 1094 1093 1093 1091 1091 1091 1092 1092 1080 1087 1080 1080 1061 1061 1061 1006 1006 1006 1006 1006 981 1054 1054 1054 1054 1054 1054 1050 1050 1050 1050 -999 -999 -999 -999 -999 -999 -999 -999 -999 -999 -999 -999 -999 -999 -999 -999 -999 -999 -999 -999 -999 -999 -999 -999 -999 -999 -999 -999 -999 -999 -999 -999 -999 -999 -999 -999 -999 -999
1097 1077 1090 1090 1096 1090 1092 1078 1098 1098 1098 1097 1097 1097 1096 1096 1096 1095 1090 1095 1094 1093 1092 1091 1090 1091 1092 1092 1089 1086 1065 1061 1061 1061 1006 1006 1006 1006 981 981 1054 1054 1054 1054 1054 1050 1050 1050 1050 1050 1058 -999 -999 -999 -999 -999 -999 -999 -999 -999 -999 -999 -999 -999 -999 -999 -999 -999 -999 -999 -999 -999 -999 -999 -999 -999 -999 -999 -999 -999 -999 -999 -999 -999 -999 -999 -999 -999
1098 1099 1097 1097 1096 1089 1096 1080 1098 1097 1098 1097 1097 1095 1080 1081 1096 1095 1094 1095 1094 1094 1093 1092 1091 1091 1092 1092 1094 1093 1070 1065 1065 1053 1006 1006 1006 981 981 1054 1054 1054 1054 1054 1050 1050 1050 1050 1050 1050 1058 -999 -999 -999 -999 -999 -999 -999 -999 -999 -999 -999 -999 -999 -999 -999 -999 -999 -999 -999 -999 -999 -999 -999 -999 -999 -999 -999 -999 -999 -999 -999 -999 -999 -999 -999 -999 -999
1098 1099 1084 1083 1096 1096 1095 1096 1093 1097 1097 1097 1097 1095 1096 1096 1096 1095 1094 1094 1094 1094 1092 1092 1091 1080 1073 1071 1076 1092 1093 1078 1054 1053 1006 1006 981 981 1029 1054 1054 1054 1054 1050 1050 1050 1050 1050 1050 1050 1058 -999 -999 -999 -999 -999 -999 -999 -999 -999 -999 -999 -999 -999 -999 -999 -999 -999 -999 -999 -999 -999 -999 -999 -999 -999 -999 -999 -999 -999 -999 -999 -999 -999 -999 -999 -999 -999
1098 1084 1099 1098 1097 1096 1096 1096 1096 1097 1097 1092 1098 1095 1095 1095 1096 1095 1095 1094 1094 1094 1093 1092 1070 1056 1036 1076 1066 1088 1092 1086 1064 1081 1037 981 981 1029 1054 1054 1054 1054 1050 1050 1050 1050 1050 1050 1050 1050 1058 -999 -999 -999 -999 -999 -999 -999 -999 -999 -999 -999 -999 -999 -999 -999 -999 -999 -999 -999 -999 -999 -999 -999 -999 -999 -999 -999 -999 -999 -999 -999 -999 -999 -999 -999 -999 -999
1097 1098 1084 1099 1098 1083 1096 1096 1095 1095 1096 1097 1098 1096 1095 1095 1096 1095 1095 1094 1094 1093 1093 1092 1050 1050 1032 1071 1092 1085 1092 1092 1066 1071 1071 1059 1029 1029 1054 1054 1054 1050 1050 1050 1050 1050 1050 1050 1050 1050 1058 -999 -999 -999 -999 -999 -999 -999 -999 -999 -999 -999 -999 -999 -999 -999 -999 -999 -999 -999 -999 -999 -999 -999 -999 -999 -999 -999 -999 -999 -999 -999 -999 -999 -999 -999 -999 -999
1054 1084 1098 1097 1098 1097 1096 1090 1089 1095 1095 1096 1097 1097 1094 1095 1095 1096 1095 1094 1095 1093 1086 1092 1080 1046 1054 1054 1093 1088 1071 1071 1076 1058 1075 1080 1057 1066 1054 1054 1050 1050 1050 1050 1050 1050 1050 1050 1050 1050 1058 1059 1059 -999 -999 -999 -999 -999 -999 -999 -999 -999 -999 -999 -999 -999 -999 -999 -999 -999 -999 -999 -999 -999 -999 -999 -999 -999 -999 -999 -999 -999 -999 -999 -999 -999 -999 -999
1093 1098 1098 1097 1097 1097 1097 1096 1096 1095 1095 1091 1098 1092 1095 1095 1095 1096 1095 1095 1094 1093 1093 1093 1093 1062 1042 1057 1094 1094 1087 1072 1094 1094 1090 1061 1067 1069 1064 1050 1050 1050 1050 1050 1050 1050 1050 1050 1058 1058 1058 1059 1059 1076 -999 -999 -999 -999 -999 -999 -999 -999 -999 -999 -999 -999 -999 -999 -999 -999 -999 -999 -999 -999 -999 -999 -999 -999 -999 -999 -999 -999 -999 -999 -999 -999 -999 -999
1098 1089 1080 1098 1081 1097 1096 1096 1096 1096 1095 1083 1097 1097 1097 1095 1086 1090 1092 1095 1094 1093 1087 1093 1093 1088 1046 1070 1095 1095 1095 1095 1095 1095 1094 1072 1077 1071 1065 1050 1050 1050 1050 1050 1058 1058 1058 1058 1058 1058 1058 1059 1076 1076 -999 -999 -999 -999 -999 -999 -999 -999 -999 -999 -999 -999 -999 -999 -999 -999 -999 -999 -999 -999 -999 -999 -999 -999 -999 -999 -999 -999 -999 -999 -999 -999 -999 -999
1098 1097 1077 1098 1095 1084 1097 1096 1082 1089 1076 1090 1097 1097 1089 1083 1072 1095 1097 1096 1094 1094 1093 1094 1093 1093 1093 1094 1094 1094 1095 1094 1094 1094 1083 1086 1088 1063 1053 1053 1053 1058 1058 1058 1058 1058 1058 1058 1058 1058 1058 1076 1076 1076 -999 -999 -999 -999 -999 -999 -999 -999 -999 -999 -999 -999 -999 -999 -999 -999 -999 -999 -999 -999 -999 -999 -999 -999 -999 -999 -999 -999 -999 -999 -999 -999 -999 -999
1098 1096 1093 1098 1098 1098 1098 1090 1080 1092 1097 1097 1097 1091 1082 1089 1077 1096 1096 1096 1096 1095 1094 1094 1093 1093 1093 1093 1093 1094 1094 1094 1094 1094 1095 1092 1084 1057 1054 1054 1058 1058 1058 1058 1058 1058 1058 1058 1058 1058 1076 1076 1076 1076 -999 -999 -999 -999 -999 -999 -999 -999 -999 -999 -999 -999 -999 -999 -999 -999 -999 -999 -999 -999 -999 -999 -999 -999 -999 -999 -999 -999 -999 -999 -999 -999 -999 -999
1098 1096 1097 1097 1098 1098 1091 1077 1090 1098 1097 1090 1097 1097 1098 1097 1097 1097 1096 1096 1096 1095 1089 1088 1094 1093 1093 1093 1093 1094 1089 1094 1094 1094 1094 1095 1096 1082 1087 1082 1058 1058 1058 1058 1058 1058 1058 1058 1059 1076 1076 1076 1076 1076 -999 -999 -999 -999 -999 -999 -999 -999 -999 -999 -999 -999 -999 -999 -999 -999 -999 -999 -999 -999 -999 -999 -999 -999 -999 -999 -999 -999 -999 -999 -999 -999 -999 -999
1098 1082 1097 1098 1068 1073 1099 1099 1098 1098 1097 1097 1096 1097 1096 1095 1096 1096 1096 1096 1096 1096 1090 1096 1081 1094 1094 1094 1093 1088 1094 1088 1087 1094 1094 1094 1096 1095 1077 1067 1062 1062 1062 1062 1062 1062 1059 1059 1076 1076 1076 1076 1076 1076 -999 -999 -999 -999 -999 -999 -999 -999 -999 -999 -999 -999 -999 -999 -999 -999 -999 -999 -999 -999 -999 -999 -999 -999 -999 -999 -999 -999 -999 -999 -999 -999 -999 -999
1090 1072 1066 1063 1086 1099 1098 1098 1099 1098 1097 1097 1096 1097 1096 1095 1095 1096 1096 1096 1096 1096 1097 1092 1096 1095 1094 1094 1088 1082 1095 1094 1089 1095 1094 1082 1082 1092 1073 1061 1043 1043 1043 1043 1059 1059 1059 1076 1076 1076 1076 1076 1076 1076 1045 -999 -999 -999 -999 -999 -999 -999 -999 -999 -999 -999 -999 -999 -999 -999 -999 -999 -999 -999 -999 -999 -999 -999 -999 -999 -999 -999 -999 -999 -999 -999 -999 -999
1087 1071 1072 1099 1099 1097 1090 1098 1097 1098 1090 1097 1097 1097 1090 1081 1089 1096 1097 1084 1096 1096 1097 1097 1097 1096 1095 1095 1088 1095 1095 1095 1095 1095 1094 1089 1095 1072 1082 1077 1043 1043 1043 1059 1059 1059 1076 1076 1076 1076 1076 1076 1076 1076 1045 -999 -999 -999 -999 -999 -999 -999 -999 -999 -999 -999 -999 -999 -999 -999 -999 -999 -999 -999 -999 -999 -999 -999 -999 -999 -999 -999 -999 -999 -999 -999 -999 -999
1091 1067 1067 1098 1063 1078 1078 1067 1094 1098 1097 1097 1097 1097 1097 1096 1090 1096 1096 1097 1090 1097 1097 1097 1097 1097 1096 1089 1095 1095 1095 1082 1094 1095 1089 1095 1095 1077 1078 1095 1067 1067 1059 1059 1059 1076 1076 1076 1076 1076 1076 1076 1076 1076 1045 -999 -999 -999 -999 -999 -999 -999 -999 -999 -999 -999 -999 -999 -999 -999 -999 -999 -999 -999 -999 -999 -999 -999 -999 -999 -999 -999 -999 -999 -999 -999 -999 -999
1083 1083 1084 1085 1099 1079 1099 1099 1099 1098 1091 1097 1097 1093 1091 1097 1097 1097 1096 1096 1092 1093 1097 1096 1097 1097 1083 1077 1096 1096 1077 1096 1095 1076 1095 1095 1095 1082 1096 1096 1075 1059 1059 1059 1076 1076 1076 1076 1076 1076 1076 1076 1076 1076 1045 1053 -999 -999 -999 -999 -999 -999 -999 -999 -999 -999 -999 -999 -999 -999 -999 -999 -999 -999 -999 -999 -999 -999 -999 -999 -999 -999 -999 -999 -999 -999 -999 -999
1099 1099 1093 1092 1099 1099 1084 1078 1073 1098 1098 1098 1062 1077 1082 1097 1097 1096 1092 1077 1083 1098 1097 1097 1096 1097 1084 1083 1097 1096 1096 1096 1095 1076 1095 1095 1090 1095 1096 1097 1077 1030 1068 1076 1076 1076 1076 1076 1076 1076 1076 1076 1076 1076 1045 1053 -999 -999 -999 -999 -999 -999 -999 -999 -999 -999 -999 -999 -999 -999 -999 -999 -999 -999 -999 -999 -999 -999 -999 -999 -999 -999 -999 -999 -999 -999 -999 -999
1098 1084 1099 1092 1082 1091 1099 1083 1095 1084 1084 1098 1051 1079 1099 1091 1097 1097 1097 1084 1098 1098 1098 1097 1096 1097 1098 1098 1098 1097 1097 1097 1096 1090 1096 1095 1096 1096 1096 1096 1081 1046 1068 1072 1072 1072 1072 1072 1072 1072 1072 1072 1072 1072 1062 1062 1062 1062 1062 1062 1062 1062 1062 1062 -999 -999 -999 -999 -999 -999 -999 -999 -999 -999 -999 -999 -999 -999 -999 -999 -999 -999 -999 -999 -999 -999 -999 -999
1076 1078 1099 1100 1100 1100 1099 1099 1099 1090 1081 1079 1059 1092 1098 1097 1090 1097 1097 1096 1097 1098 1098 1097 1097 1089 1098 1098 1098 1098 1092 1089 1090 1097 1096 1096 1096 1096 1096 1096 1078 1064 1069 1068 1068 1068 1068 1068 1068 1068 1068 1068 1045 1062 1062 1062 1062 1062 1069 1069 1069 1069 1069 1069 1069 1069 1069 -999 -999 -999 -999 -999 -999 -999 -999 -999 -999 -999 -999 -999 -999 -999 -999 -999 -999 -999 -999 -999
