prediction/untitled folder/solar_ghi_19900101_09UT.txt
NCOLS 839
NROWS 679
XLLCORNER 112.025005
YLLCORNER -43.9750009
CELLSIZE 0.0499954
NODATA_VALUE -999
[rows 440 to 494 of 679, columns 96 to 191 of 839]
258 254 250 254 256 253 255 247 245 248 251 251 240 236 236 235 237 246 242 239 244 243 238 230 231 223 218 217 194 211 202 196 206 213 232 198 197 210 205 183 227 226 225 222 222 222 221 220 212 208 210 215 216 215 215 215 214 213 213 212 211 210 208 207 206 207 206 205 202 196 190 199 188 175 174 180 187 184 191 185 183 191 193 192 190 191 190 189 188 188 187 186 185 184 179 177
258 247 257 257 256 255 245 242 243 241 245 242 241 239 241 248 245 246 235 242 236 233 236 235 230 223 218 217 222 216 214 210 205 204 214 215 161 165 190 206 195 206 185 209 224 221 221 221 218 211 208 212 217 216 216 214 214 213 213 212 211 209 208 208 208 207 206 205 203 201 201 194 195 193 197 188 175 190 196 183 184 191 192 192 192 191 187 189 189 188 186 186 186 185 184 183
256 256 257 257 254 252 248 243 247 241 247 245 241 248 238 246 248 240 236 241 233 230 236 232 231 234 216 225 227 220 222 221 206 188 193 211 137 147 166 185 206 214 202 212 218 223 220 222 220 219 216 213 212 216 213 215 214 214 213 212 210 211 209 209 208 207 207 205 204 203 202 202 196 190 192 184 190 197 196 195 193 193 194 193 192 191 190 190 189 188 187 187 186 185 184 184
256 252 247 243 251 246 246 248 250 246 250 252 249 241 243 247 248 244 236 235 234 230 235 239 236 234 235 233 231 227 225 216 223 187 201 195 171 154 151 181 196 203 210 202 205 179 204 220 221 220 219 218 216 206 202 215 215 213 213 213 211 211 209 210 209 208 207 205 204 204 203 201 189 188 187 192 197 197 196 195 195 195 194 193 192 190 191 190 189 188 188 187 186 185 184 184
249 251 245 251 253 246 251 247 248 250 250 252 247 248 247 246 246 247 240 238 238 231 237 232 228 227 231 235 236 231 219 224 235 228 217 219 211 194 183 184 170 185 194 183 177 145 192 187 207 220 219 218 218 206 202 211 215 215 213 213 212 212 208 207 206 208 207 206 205 204 200 195 194 193 190 199 196 198 196 196 196 195 194 193 193 190 191 190 189 189 188 187 186 185 185 184
253 245 258 258 257 250 253 252 251 247 251 248 248 249 248 247 249 248 236 239 236 235 237 232 228 229 233 239 236 232 227 223 222 224 220 218 225 221 217 193 174 169 170 180 180 172 149 138 185 212 219 219 218 212 203 204 212 215 214 212 213 212 211 210 209 208 207 206 205 198 181 202 202 199 196 199 198 198 198 197 196 195 194 194 193 192 191 191 190 186 188 187 187 186 182 177
245 253 259 258 257 257 249 253 252 254 253 248 249 252 243 247 242 237 240 236 239 240 237 237 232 231 232 237 237 231 228 224 226 218 216 223 225 215 218 220 209 178 165 192 209 173 123 128 156 192 210 219 219 209 203 208 215 215 214 212 212 212 211 211 207 208 208 207 204 191 185 203 202 201 196 199 199 199 198 196 196 196 195 191 193 192 192 191 190 189 188 187 187 183 182 177
242 254 259 257 258 257 256 255 251 247 251 244 241 240 238 239 238 245 242 244 246 243 238 237 237 235 231 236 233 232 231 233 236 225 221 216 212 222 221 220 193 186 215 189 188 191 145 123 150 167 182 209 205 204 204 203 215 215 215 214 211 212 212 208 210 209 208 206 153 178 202 187 161 202 200 189 193 199 198 197 195 196 192 191 190 189 192 190 190 189 189 188 182 183 185 181
234 250 258 259 257 257 256 256 249 244 254 241 238 241 245 248 244 245 244 242 245 242 238 237 240 242 238 234 233 231 232 235 236 226 218 213 208 199 221 221 204 210 212 205 211 216 132 144 158 146 141 185 210 176 163 194 216 215 210 203 205 212 211 209 210 209 198 166 127 182 150 119 156 202 201 200 200 199 196 198 197 196 195 189 191 193 192 191 189 190 186 180 175 181 184 183
229 242 257 251 256 257 257 256 256 255 247 241 246 251 252 249 244 245 242 236 236 235 235 238 243 242 241 238 223 225 228 235 234 230 222 228 204 204 216 215 202 219 213 205 204 205 155 153 166 144 127 153 191 199 216 217 214 214 200 195 205 213 210 207 211 209 179 146 147 142 94 118 186 202 201 200 199 200 196 198 197 196 193 187 169 134 156 190 191 172 186 145 142 173 185 184
229 216 230 233 247 251 249 251 256 253 251 252 249 253 251 251 250 249 241 233 236 223 223 234 240 239 242 241 237 231 222 231 230 229 225 232 223 213 219 211 210 220 214 201 208 208 189 168 149 131 141 148 145 160 187 212 217 216 207 205 212 203 185 192 211 209 197 170 142 113 104 168 194 203 201 200 201 200 196 196 187 187 191 176 158 119 129 160 181 169 90 112 156 176 183 184
250 226 219 224 198 244 247 254 256 256 244 236 243 253 252 251 250 249 249 239 241 225 201 214 233 240 242 241 238 233 236 228 234 226 232 228 224 225 222 223 224 220 218 210 215 212 198 169 139 142 146 138 141 152 137 188 212 214 213 207 164 144 197 212 211 210 201 205 135 94 116 176 175 201 200 199 201 200 197 196 169 185 184 159 135 138 129 133 152 151 127 112 157 177 176 180
259 253 242 229 227 226 255 250 226 194 198 216 208 227 249 251 250 249 249 248 245 229 195 211 229 235 236 241 238 239 239 237 231 226 215 225 231 233 231 225 223 220 219 214 212 212 185 173 166 155 138 150 149 134 132 153 166 185 209 187 145 165 200 210 195 191 196 188 155 181 193 193 195 194 187 197 199 198 194 196 188 192 181 140 135 158 122 108 117 159 147 128 160 165 165 168
262 261 238 241 238 240 246 249 240 224 197 177 183 203 233 249 250 250 249 248 247 244 235 215 216 228 232 235 240 238 238 238 228 226 226 232 228 227 223 225 228 221 220 210 212 221 220 173 177 168 152 178 123 140 153 135 122 148 183 156 153 173 187 161 173 187 198 198 198 206 204 201 201 200 200 198 181 179 187 189 197 196 196 176 177 123 94 122 108 140 147 156 160 156 166 138
262 260 250 249 253 249 243 247 246 240 223 188 174 202 176 206 240 250 249 248 247 246 246 226 181 218 231 231 231 227 239 238 231 231 232 234 234 224 226 229 231 224 220 216 221 225 207 134 184 179 174 161 139 127 173 163 136 121 120 147 138 174 169 154 192 195 208 209 209 207 207 206 204 203 187 167 192 193 198 199 198 197 196 192 183 159 158 171 180 170 166 169 170 170 166 134
259 258 258 255 260 256 250 251 250 249 228 183 174 173 168 184 200 240 249 249 248 247 246 242 230 229 204 228 224 227 239 238 238 231 236 235 234 231 226 230 231 230 220 222 226 211 199 198 206 204 188 180 184 186 185 177 138 125 114 105 140 170 202 210 204 203 208 210 209 208 207 206 205 204 179 190 201 200 198 199 199 196 192 189 184 120 169 181 183 189 188 187 104 124 165 179
263 259 261 261 260 259 258 254 251 242 217 206 182 163 160 165 181 206 243 249 248 247 246 245 241 229 208 167 203 224 237 233 234 237 236 233 234 233 227 232 231 230 227 227 222 208 214 213 206 211 176 199 193 188 179 167 140 135 131 136 140 145 185 173 187 189 187 209 207 208 207 207 205 205 202 202 202 199 198 199 199 198 192 189 172 143 169 172 181 186 191 187 164 181 176 147
261 262 261 261 260 245 241 247 247 245 241 240 218 161 156 160 171 186 222 235 248 247 247 246 245 240 226 195 159 163 201 222 225 221 236 235 235 234 233 232 231 228 229 229 221 219 218 194 202 209 196 204 197 192 171 142 135 163 188 184 191 202 203 202 204 200 200 201 207 206 208 207 206 205 202 203 202 201 200 198 199 199 190 188 186 177 166 127 165 182 186 185 187 188 167 155
250 255 262 261 260 260 256 251 247 254 252 249 239 188 162 149 182 196 178 200 233 245 247 243 245 244 241 198 165 169 200 200 175 181 213 230 211 234 233 230 229 225 230 223 219 222 218 176 203 209 205 199 197 196 138 131 154 184 210 211 214 213 212 205 202 204 203 203 204 207 208 205 206 206 205 202 197 201 199 201 200 196 196 195 194 191 149 111 166 178 182 179 183 171 124 136
200 240 262 261 260 259 259 258 258 257 256 252 237 211 176 171 204 177 159 159 193 245 232 228 239 243 237 213 198 188 180 167 153 154 194 225 224 220 214 227 231 231 226 229 220 219 222 225 199 204 191 190 185 163 106 154 174 195 217 217 216 213 209 203 204 204 203 205 205 207 206 208 207 206 205 204 202 202 199 198 198 194 196 195 194 171 161 161 160 165 177 156 169 129 94 96
159 220 255 261 259 260 260 259 258 257 256 245 226 221 217 200 181 158 146 168 209 227 247 246 231 227 241 230 217 183 160 151 152 142 180 203 212 221 217 206 226 231 226 224 227 220 215 214 212 188 179 165 151 136 135 183 203 217 218 217 216 213 209 205 204 210 209 205 206 207 206 205 204 204 205 204 203 200 193 195 194 191 191 189 192 187 176 157 145 151 153 142 158 129 90 94
142 160 220 229 242 248 260 259 252 257 257 241 217 248 243 224 178 142 149 161 178 194 221 246 245 235 223 228 228 201 158 146 146 154 138 159 203 222 221 201 213 221 224 220 212 211 222 220 214 197 167 137 126 120 143 184 203 219 215 215 217 216 204 209 211 211 210 203 201 209 205 206 205 204 205 204 203 197 191 192 192 194 189 187 186 184 173 173 171 171 160 151 169 150 87 85
173 173 174 189 195 233 259 259 258 258 257 237 235 255 251 235 192 173 169 168 156 178 212 235 245 232 229 218 201 185 208 146 132 154 167 145 176 222 234 219 188 219 222 214 212 214 217 224 220 201 170 145 129 129 151 180 204 217 216 215 214 208 210 206 214 213 212 206 199 209 208 207 205 204 205 204 203 201 197 193 193 198 189 188 190 187 184 183 169 174 167 147 134 146 129 137
146 164 172 163 162 169 249 259 258 255 257 234 248 255 246 246 246 216 189 172 171 196 210 221 232 239 231 224 207 187 174 200 173 144 152 162 152 193 225 233 217 170 177 220 228 211 198 215 214 212 195 174 160 160 176 196 212 212 212 213 209 212 210 209 209 208 212 211 208 207 209 208 206 206 204 204 198 203 198 194 196 198 195 191 197 192 189 180 157 175 147 103 103 122 130 118
153 164 168 145 137 159 195 240 252 258 257 243 234 247 255 254 252 239 184 198 218 215 222 207 218 231 235 237 229 200 197 211 192 155 150 142 151 167 175 225 233 201 159 175 212 227 194 181 209 218 213 203 194 198 211 213 215 211 210 210 213 212 214 213 209 208 210 211 205 206 208 208 201 200 200 199 202 202 195 195 199 196 192 194 197 192 189 173 165 165 124 89 90 103 111 118
164 156 148 135 132 147 182 225 239 255 255 230 199 227 255 254 247 246 216 196 200 220 230 217 196 219 235 244 243 232 228 226 215 195 172 128 134 144 158 202 227 221 217 213 205 229 223 225 218 209 217 210 209 211 212 207 207 211 210 208 213 212 214 213 213 212 213 212 209 210 208 205 204 199 195 197 202 203 202 195 197 193 192 194 196 197 189 191 187 181 159 114 88 98 118 122
163 143 139 149 127 154 181 195 188 211 226 218 204 208 244 243 243 234 225 220 236 223 218 230 240 246 242 244 243 242 241 241 240 230 200 135 151 150 164 198 233 232 231 226 222 228 226 227 221 218 220 216 218 212 209 213 214 214 205 210 209 216 216 215 214 214 213 212 211 210 207 203 200 197 196 198 203 202 196 195 197 199 193 192 194 196 195 196 187 186 164 132 110 96 103 115
152 173 160 145 139 148 166 156 151 166 221 207 198 209 233 231 230 220 230 240 229 219 175 196 226 225 194 180 224 243 241 241 240 223 219 214 198 177 198 222 233 232 232 231 229 225 224 223 222 221 220 220 222 223 217 222 219 217 215 219 218 217 216 216 215 214 213 212 211 209 207 198 198 198 197 199 201 197 196 198 196 197 193 189 186 191 195 192 188 192 184 157 124 110 112 150
123 149 145 152 142 130 151 161 145 179 213 170 200 212 219 222 213 198 241 229 210 196 138 181 204 192 159 154 206 233 240 232 215 208 153 144 168 195 203 222 227 231 232 231 230 225 224 217 210 218 220 221 224 224 223 222 221 221 220 219 218 217 217 216 215 214 205 205 201 200 202 202 204 197 194 196 198 200 202 198 195 194 193 190 183 183 182 177 183 193 194 129 99 92 92 93
112 117 139 156 142 155 162 137 139 189 201 186 171 171 223 217 195 198 252 192 191 172 150 182 198 162 144 144 165 219 233 225 216 207 179 187 196 208 223 223 222 233 231 227 226 230 229 206 194 200 222 224 225 224 223 222 221 221 218 211 207 213 200 208 199 185 192 205 196 195 194 193 198 201 196 199 201 200 200 196 198 197 196 193 184 169 152 152 171 191 190 129 91 92 88 89
98 118 140 141 161 148 132 131 146 165 168 170 174 182 199 182 164 206 235 157 167 155 180 200 190 157 134 122 132 189 228 222 212 198 197 209 221 227 221 220 227 234 233 232 231 230 230 227 149 160 216 226 225 224 223 222 222 221 215 206 208 207 185 180 167 170 186 197 193 195 191 187 186 192 188 199 204 203 200 199 203 202 201 193 187 172 125 114 167 191 194 179 93 113 104 100
103 132 128 141 147 128 119 137 150 151 156 167 159 171 186 155 126 185 225 207 162 152 200 231 213 157 128 103 121 163 205 224 190 176 179 210 234 221 216 222 226 221 233 233 232 231 230 229 210 201 190 205 225 224 224 223 222 221 220 220 219 207 181 155 167 167 183 194 201 201 198 194 197 196 197 202 204 198 200 204 203 202 201 200 188 158 141 156 138 157 184 170 132 135 146 157
121 105 129 125 131 131 121 154 157 162 164 154 146 163 154 135 129 171 191 188 169 151 229 235 217 171 126 116 126 149 187 200 174 136 151 200 222 206 208 226 220 217 224 226 223 212 218 229 227 203 198 185 192 217 224 223 222 221 221 220 214 214 201 181 167 158 183 201 205 208 206 209 208 204 203 200 190 193 200 202 203 202 201 201 193 173 165 167 158 148 171 159 147 158 185 171
111 107 111 122 117 125 135 147 174 187 160 151 161 153 136 132 145 162 166 197 145 152 209 235 218 162 124 115 139 174 210 213 174 131 154 205 199 187 204 231 203 209 215 217 197 165 201 221 224 217 210 173 171 200 224 223 222 222 221 218 217 205 198 193 200 208 207 201 205 207 210 211 210 204 208 194 186 197 197 196 199 194 187 192 196 185 184 173 150 125 125 117 143 172 178 181
109 98 101 110 114 122 130 147 166 174 181 179 178 161 133 138 151 158 170 183 124 145 174 209 213 177 116 114 147 202 237 225 177 156 160 170 141 169 198 190 176 215 218 205 169 141 189 212 221 220 206 189 155 192 216 222 223 222 220 220 220 214 207 213 212 214 215 214 213 212 204 203 208 209 208 206 205 199 190 190 194 154 153 172 186 188 187 166 141 118 108 120 139 158 175 168
103 98 108 110 106 110 119 146 162 157 143 151 158 161 146 119 135 141 158 157 135 131 144 185 209 177 124 129 177 224 233 205 209 185 168 147 132 183 187 187 204 225 188 209 144 134 185 201 204 207 210 201 180 183 200 210 215 221 220 221 220 219 218 218 211 216 216 215 214 212 209 206 190 177 183 209 205 205 190 175 159 111 123 137 156 175 174 158 150 118 121 128 117 151 165 145
104 109 118 108 104 108 116 128 149 142 138 145 158 166 150 142 148 144 140 148 149 132 131 163 185 189 175 165 223 231 213 203 236 217 194 142 133 178 197 213 220 202 185 218 183 153 147 159 175 204 204 185 189 205 171 191 206 211 214 210 220 219 219 218 217 216 216 215 215 211 211 207 198 195 196 201 206 202 193 168 135 120 113 102 156 175 143 158 150 118 121 128 117 151 165 145
102 107 111 122 108 112 110 111 134 131 127 135 145 147 151 160 156 151 147 143 139 132 132 147 153 154 179 221 232 244 181 203 237 241 235 130 135 178 214 224 209 171 180 215 201 144 157 167 166 174 200 197 205 193 175 170 149 186 193 196 212 213 220 218 217 216 216 215 215 214 214 213 212 208 196 201 206 202 193 168 135 120 113 102 102 143 143 143 150 118 121 128 117 151 165 122
96 103 121 123 106 114 104 107 113 113 108 119 124 132 146 153 153 159 158 143 151 134 142 155 154 136 170 204 235 235 147 210 232 242 231 136 138 184 209 210 196 134 180 202 180 146 182 169 158 170 187 181 205 201 188 162 127 143 160 183 202 211 220 218 217 216 216 215 215 214 212 212 212 208 208 201 206 202 193 168 135 120 113 102 102 143 143 143 143 118 121 128 117 151 122 122
90 94 109 107 108 120 112 107 109 105 96 112 116 123 128 134 143 160 155 147 139 129 141 147 146 145 168 173 200 184 157 205 226 242 235 185 123 192 219 222 189 138 198 189 157 148 173 164 160 162 153 156 189 193 184 153 130 132 139 183 202 211 211 218 217 216 216 215 215 212 212 212 212 212 208 208 206 202 193 168 135 120 113 102 102 143 143 143 143 118 121 128 117 151 122 122
92 88 94 103 101 104 114 111 113 105 104 107 111 111 111 118 130 138 135 127 123 125 124 136 144 154 161 153 177 175 183 203 233 242 241 178 150 205 219 228 190 170 197 216 143 177 176 147 148 150 131 137 160 172 158 141 130 126 139 139 202 211 211 211 217 216 216 215 212 212 212 212 212 212 212 208 206 202 193 168 135 120 113 102 102 143 143 143 143 118 121 128 117 151 122 122
95 86 93 107 92 102 112 114 109 108 110 110 111 111 111 112 119 130 134 131 131 130 130 132 146 156 160 155 163 202 184 202 230 240 242 183 196 211 219 238 213 212 207 180 153 197 158 164 185 175 200 191 186 151 114 119 130 126 126 139 139 211 211 211 217 216 216 215 212 212 212 212 212 212 212 212 206 202 193 168 135 120 113 102 102 143 143 143 143 143 121 128 117 122 122 122
102 93 101 105 101 103 112 112 106 104 108 114 114 113 113 102 112 119 120 118 125 124 121 131 150 156 149 144 164 183 154 189 215 233 236 213 215 208 223 238 231 235 213 181 159 149 142 191 165 160 204 217 210 147 114 119 119 126 126 126 139 211 211 211 217 216 216 215 212 212 212 212 212 212 212 212 212 202 193 168 135 120 113 102 102 143 143 143 143 143 121 128 117 122 122 122
96 96 95 111 115 106 105 113 98 96 106 110 109 111 107 102 100 109 113 117 118 117 122 129 137 140 139 138 152 158 167 192 185 213 229 213 187 220 220 226 231 232 225 198 143 120 146 202 147 190 221 224 223 189 189 119 119 119 126 126 126 211 211 211 211 216 216 212 212 212 212 212 212 212 212 212 212 202 193 168 135 120 113 102 102 143 143 143 143 143 121 128 117 122 122 122
84 90 95 100 105 101 104 122 83 98 99 96 103 103 107 102 98 107 113 112 114 115 115 119 129 132 134 136 149 160 170 187 209 215 207 204 199 180 186 173 194 219 227 227 135 120 150 191 172 216 215 224 228 189 189 189 119 119 126 126 126 126 211 211 211 216 216 212 212 212 212 212 212 212 212 212 212 212 193 168 135 120 113 102 102 143 143 143 143 143 143 128 122 122 122 122
90 93 93 91 99 92 97 105 118 125 106 104 103 103 103 112 108 106 109 108 117 114 109 113 125 127 134 135 141 142 145 164 183 201 200 218 212 207 199 178 145 177 211 210 188 132 161 199 211 189 201 224 229 229 229 189 189 119 119 126 126 126 211 211 211 216 216 212 212 212 212 212 212 212 212 212 212 212 193 168 135 120 113 102 102 143 143 143 143 143 143 128 122 122 122 122
104 97 93 90 87 95 74 100 115 110 104 108 105 103 103 104 112 114 113 108 108 112 109 109 115 128 128 130 130 124 129 133 153 174 179 181 173 173 179 173 142 160 189 202 184 142 157 203 214 206 205 215 220 220 220 220 220 189 119 126 126 126 126 211 211 211 212 212 212 212 212 212 212 212 212 212 212 212 193 168 135 120 113 102 102 143 143 143 143 143 143 143 122 122 122 122
134 99 105 80 91 90 70 94 101 104 106 112 119 111 101 99 106 105 107 106 106 122 109 102 106 112 114 143 136 127 123 119 133 145 140 136 137 137 157 161 161 164 159 171 158 153 169 160 168 167 167 215 220 220 220 220 220 220 220 220 126 126 126 211 211 211 212 212 212 212 212 212 212 212 212 212 212 212 212 212 212 212 208 208 -999 -999 -999 -999 -999 -999 -999 -999 -999 -999 -999 147
119 109 100 95 95 82 70 81 99 98 102 114 129 118 103 97 99 103 111 108 112 114 113 101 108 106 113 137 116 108 112 122 126 118 126 129 128 128 130 157 169 164 159 171 129 146 149 137 148 167 147 147 220 220 220 220 220 220 220 220 220 126 126 126 211 211 212 212 212 212 212 212 212 212 212 212 212 212 212 212 212 212 212 -999 -999 -999 -999 -999 -999 -999 -999 -999 -999 -999 -999 -999
124 104 100 105 102 89 70 70 72 69 91 104 116 118 110 97 99 106 114 111 108 121 121 105 103 99 110 116 116 108 117 127 118 100 105 115 117 125 143 149 169 169 159 129 129 146 149 137 148 148 147 147 147 220 220 220 220 220 220 220 220 220 126 126 126 126 126 139 139 -999 -999 -999 -999 -999 -999 -999 -999 -999 -999 -999 -999 -999 -999 -999 -999 -999 -999 -999 -999 -999 -999 -999 -999 -999 -999 -999
129 139 107 100 98 98 100 107 94 76 83 85 89 100 115 110 102 106 106 103 108 130 122 109 101 99 102 118 126 123 112 119 108 102 103 105 100 108 143 149 149 169 169 129 129 146 149 137 148 148 147 147 147 147 220 220 220 220 220 220 220 220 220 126 126 126 126 126 -999 -999 -999 -999 -999 -999 -999 -999 -999 -999 -999 -999 -999 -999 -999 -999 -999 -999 -999 -999 -999 -999 -999 -999 -999 -999 -999 -999
155 164 114 120 115 102 96 116 117 103 88 69 79 69 81 89 85 100 102 101 103 110 122 124 110 101 102 129 140 122 104 102 107 104 105 107 104 102 102 149 149 149 169 129 129 146 149 137 148 148 147 147 147 147 147 220 220 220 220 220 220 220 220 119 119 119 -999 -999 -999 -999 -999 -999 -999 -999 -999 -999 -999 -999 -999 -999 -999 -999 -999 -999 -999 -999 -999 -999 -999 -999 -999 -999 -999 -999 -999 -999
144 154 161 171 135 96 98 123 161 105 104 97 79 86 90 69 69 90 102 101 104 110 119 128 111 107 108 117 145 115 95 92 101 106 114 114 109 102 102 102 149 149 149 129 129 146 149 137 148 148 147 147 147 147 147 147 220 220 220 220 220 220 220 189 -999 -999 -999 -999 -999 -999 -999 -999 -999 -999 -999 -999 -999 -999 -999 -999 -999 -999 -999 -999 -999 -999 -999 -999 -999 -999 -999 -999 -999 -999 -999 -999
130 114 123 142 157 150 117 134 139 103 154 102 99 103 88 69 69 76 85 99 106 113 115 114 107 102 108 116 127 139 107 92 101 130 114 114 109 109 102 102 102 149 149 129 129 146 149 137 148 148 147 147 147 147 147 147 147 220 220 220 220 220 220 189 -999 -999 -999 -999 -999 -999 -999 -999 -999 -999 -999 -999 -999 -999 -999 -999 -999 -999 -999 -999 -999 -999 -999 -999 -999 -999 -999 -999 -999 -999 -999 -999
117 115 104 116 128 135 144 196 149 105 92 110 110 99 81 69 72 69 70 95 106 111 104 103 103 97 105 123 134 133 114 74 101 130 130 114 109 109 109 102 102 102 149 129 129 146 149 137 148 148 147 147 147 147 147 147 147 147 220 220 220 220 220 -999 -999 -999 -999 -999 -999 -999 -999 -999 -999 -999 -999 -999 -999 -999 -999 -999 -999 -999 -999 -999 -999 -999 -999 -999 -999 -999 -999 -999 -999 -999 -999 -999
