prediction/untitled folder/solar_ghi_19900101_20UT.txt
NCOLS 839
NROWS 679
XLLCORNER 112.025005
YLLCORNER -43.9750009
CELLSIZE 0.0499954
NODATA_VALUE -999
[rows 477 to 529 of 679, columns 576 to 671 of 839]
152 168 182 188 190 197 199 198 201 200 202 203 203 204 204 203 207 206 208 204 210 211 210 211 207 209 210 208 213 213 216 218 218 219 219 221 214 221 224 225 225 226 227 227 228 222 226 230 227 228 235 235 230 235 238 239 235 234 234 232 235 235 240 240 241 247 248 244 242 243 246 250 254 250 248 254 246 242 249 252 252 248 260 260 259 261 257 259 266 268 270 267 270 266 266 266
164 178 181 183 183 191 195 200 201 200 203 203 204 203 206 206 207 208 209 208 210 209 212 211 208 212 213 209 216 213 215 218 219 219 219 221 222 221 222 222 223 223 223 228 229 230 227 227 225 226 232 234 230 235 230 231 231 235 236 239 235 231 240 241 239 241 249 250 251 249 248 248 250 245 244 251 248 249 252 261 255 253 259 260 261 258 261 260 261 264 271 268 271 272 272 267
172 169 175 186 187 193 189 200 200 203 203 204 205 205 204 201 201 204 202 204 205 199 203 212 213 207 215 216 216 217 218 219 219 220 220 220 221 220 224 225 223 217 217 226 229 230 224 228 232 232 232 228 234 234 236 238 227 239 242 243 241 241 242 241 240 236 243 246 246 242 245 247 255 248 249 258 256 251 253 254 260 255 254 261 261 259 260 260 261 263 265 267 270 274 275 276
164 185 191 187 192 195 201 190 190 203 203 204 205 194 183 184 183 186 202 203 204 203 205 213 213 207 215 211 214 218 219 217 216 216 221 219 218 220 224 225 226 227 223 214 226 230 231 231 231 230 232 228 234 235 236 239 235 235 239 240 245 245 246 247 235 238 244 249 250 246 245 246 247 244 252 249 250 251 252 254 259 253 255 266 266 260 261 266 265 271 256 269 271 274 273 274
174 190 194 187 181 192 195 184 187 191 197 201 201 199 201 188 191 192 193 194 206 210 211 213 214 213 215 216 216 213 213 219 217 218 220 221 218 221 219 223 227 228 228 214 224 231 232 228 227 229 227 228 231 231 235 232 242 242 241 243 242 245 246 247 240 242 243 244 245 245 246 252 243 250 251 254 255 252 253 254 254 254 264 263 259 261 261 267 269 267 268 271 272 273 273 274
181 191 195 188 191 194 197 188 191 193 194 200 205 207 203 200 194 187 195 203 207 210 207 209 209 209 209 215 212 214 218 220 221 221 222 222 224 225 220 221 226 224 229 230 230 231 232 228 228 231 228 226 226 235 230 226 240 242 243 242 235 240 246 247 241 243 244 244 245 245 246 254 245 252 252 250 251 252 249 261 264 264 255 257 259 261 261 261 258 263 263 271 266 273 274 269
183 192 195 193 200 199 200 197 199 202 204 205 207 208 204 206 202 195 202 202 207 211 214 209 208 208 209 210 214 217 219 220 221 221 222 223 224 225 226 224 223 223 230 230 229 232 233 234 235 234 232 228 239 238 237 227 238 242 243 240 240 236 242 246 244 250 251 250 246 246 248 249 245 253 254 252 247 253 250 263 264 263 249 253 260 256 261 255 259 262 261 270 272 273 275 270
184 179 179 193 200 201 200 197 200 204 205 206 207 208 209 207 206 203 206 202 207 212 215 209 208 208 209 211 218 219 217 220 221 219 223 224 224 224 227 227 222 226 230 229 224 229 233 235 236 237 238 239 239 238 240 238 238 240 237 243 244 236 237 241 245 250 251 247 247 249 245 251 247 248 254 252 256 257 263 263 252 253 257 267 257 251 255 250 265 273 274 275 276 276 275 269
178 148 146 198 200 201 201 198 201 199 205 207 208 208 209 210 209 197 203 206 211 214 210 214 210 215 212 219 219 218 213 218 219 221 223 224 225 225 225 228 223 229 230 227 232 232 234 235 234 232 238 239 240 237 235 240 241 236 239 246 243 236 241 249 250 246 241 237 249 255 253 248 249 250 251 248 249 262 263 264 261 252 254 261 261 253 253 254 267 269 265 270 276 276 274 264
185 175 170 178 200 201 203 204 204 205 206 207 208 208 209 210 209 212 212 213 214 212 212 216 217 216 213 212 213 217 217 219 214 221 221 218 220 226 228 222 224 230 226 219 224 224 231 234 228 230 236 238 239 241 242 242 237 236 245 246 247 234 249 244 245 251 252 246 246 235 246 244 246 251 257 254 259 256 255 261 257 253 255 267 263 264 265 267 261 255 256 263 270 276 278 271
195 188 193 180 201 202 203 203 204 205 206 207 207 208 209 210 211 211 207 210 211 197 208 216 212 209 213 220 220 215 215 221 223 224 222 224 226 227 228 229 230 216 212 221 225 225 226 228 227 230 214 234 226 230 241 241 240 245 242 243 232 227 235 235 228 229 233 247 246 247 247 245 247 253 258 258 254 259 255 257 258 260 260 262 264 251 257 257 263 269 268 267 267 265 271 275
194 194 197 195 201 201 203 202 203 205 206 207 207 208 209 210 210 211 207 204 205 204 212 216 210 195 212 219 220 221 214 223 223 224 216 223 221 222 223 229 230 231 231 229 227 230 235 236 233 227 230 239 224 230 236 242 244 242 238 238 242 240 235 242 231 217 234 248 249 251 249 250 247 252 258 257 255 254 256 255 254 255 262 265 266 261 269 263 264 271 272 268 263 262 273 262
195 194 199 199 200 201 201 202 203 205 206 207 205 208 209 210 211 212 210 207 208 213 217 218 206 206 213 217 220 221 220 223 224 220 219 224 223 221 222 226 229 230 232 231 222 227 236 237 232 223 230 237 226 235 241 244 245 245 240 242 243 245 246 246 237 231 242 249 249 243 246 253 252 246 252 250 248 255 256 253 249 256 262 258 259 267 273 270 266 266 266 268 263 258 274 243
194 197 193 199 200 195 198 204 201 206 207 202 206 208 209 210 211 212 209 210 214 215 217 218 216 218 217 220 219 219 221 220 216 220 226 227 227 225 225 228 220 231 226 223 214 216 229 232 234 224 223 232 236 238 240 244 237 233 246 244 244 240 240 241 242 243 246 248 255 246 242 253 258 258 253 242 249 256 257 258 255 258 264 259 261 262 273 263 265 267 267 276 264 262 262 250
198 193 186 197 198 180 185 198 202 206 207 204 206 207 208 210 211 212 213 214 212 215 217 218 219 219 220 220 219 216 218 216 223 226 224 225 228 230 231 231 232 233 233 225 218 219 220 231 239 234 228 236 237 234 230 235 237 218 242 249 249 245 240 242 253 248 252 247 250 247 248 253 259 261 261 250 257 257 258 260 256 257 263 264 267 261 267 262 257 266 274 275 278 271 235 259
200 193 201 201 202 195 195 198 202 203 204 208 208 209 210 210 212 212 213 214 213 214 217 218 217 219 220 221 217 212 217 224 225 226 227 228 229 230 230 232 233 233 234 229 228 232 228 216 218 240 241 239 238 234 242 243 243 238 241 249 244 244 245 249 249 246 240 239 244 252 252 252 258 258 256 263 257 252 257 261 258 269 264 265 255 267 273 268 258 261 263 276 266 277 273 265
193 193 197 198 203 201 195 198 202 204 202 206 209 210 207 208 211 211 212 214 214 213 212 207 208 210 215 221 217 220 224 225 225 226 227 228 224 213 222 228 233 234 235 236 233 212 238 223 228 215 219 224 228 230 237 235 240 239 242 243 239 242 243 239 240 249 251 241 246 250 251 251 252 253 255 256 257 256 259 263 269 270 264 271 267 262 262 270 266 262 264 275 276 277 260 259
201 197 199 195 202 197 180 171 193 204 206 207 210 206 205 205 212 212 213 215 211 197 208 209 210 214 219 214 216 213 217 223 225 226 227 224 222 213 216 204 226 234 236 236 237 214 216 229 230 209 206 218 228 242 236 229 235 241 243 244 245 247 249 254 243 246 247 243 242 246 251 256 262 254 256 256 257 258 260 261 268 270 265 272 267 269 265 267 267 262 269 279 274 271 252 252
201 202 202 201 203 197 173 165 188 204 208 205 204 209 208 210 213 213 213 210 212 202 210 213 215 220 220 216 212 213 216 220 213 215 220 225 226 218 225 198 214 232 236 237 238 234 182 160 151 153 168 193 220 240 242 237 233 238 238 244 246 252 254 254 244 246 246 248 248 251 258 257 262 255 254 250 256 257 259 254 260 267 266 273 269 269 271 262 257 256 257 280 271 258 246 244
195 201 203 201 189 186 150 157 179 187 195 206 196 211 212 211 209 206 210 207 210 212 213 215 217 218 220 221 216 217 223 223 216 212 220 225 228 221 227 207 214 228 234 237 238 239 207 139 111 112 126 142 169 220 235 243 235 233 233 240 246 246 252 251 247 252 252 253 253 257 261 258 262 259 254 250 257 263 259 255 261 262 269 267 270 271 273 261 255 247 231 264 271 243 236 244
194 198 186 199 156 141 113 130 160 146 162 202 197 204 204 208 205 200 199 203 209 212 210 216 219 215 216 221 222 223 224 224 225 223 219 225 229 221 223 224 224 224 230 232 231 239 240 236 168 126 109 102 118 195 221 238 240 246 241 234 240 245 253 255 252 252 252 254 253 252 251 259 254 256 257 258 257 257 265 262 262 268 265 267 271 271 272 273 277 259 242 265 266 244 244 245
177 191 199 203 205 131 93 97 126 176 203 191 202 209 206 207 206 195 197 214 206 217 220 221 219 223 224 219 220 221 214 215 221 229 230 231 221 232 234 229 225 225 231 237 227 236 227 241 242 161 117 119 124 159 197 219 242 250 248 236 241 250 248 256 256 257 258 254 248 253 252 259 261 228 221 247 257 253 263 263 267 263 266 268 270 276 277 278 276 259 259 266 262 236 223 208
123 98 83 195 203 158 89 87 122 142 160 179 191 195 202 208 206 194 202 216 216 213 218 218 219 219 224 221 226 227 227 227 229 230 225 224 205 223 223 224 226 232 238 233 237 236 239 242 243 232 220 197 153 154 185 201 211 240 247 237 238 242 253 238 245 253 255 253 248 247 253 255 256 253 253 254 252 261 262 264 263 270 268 267 269 277 278 278 279 277 279 273 244 238 243 221
101 107 103 167 207 191 97 83 106 121 112 195 196 189 198 206 193 196 205 211 206 220 221 222 223 223 224 225 226 227 222 219 225 230 229 230 207 217 184 204 219 232 238 232 234 240 240 243 243 240 244 245 224 233 231 194 148 159 206 233 235 228 236 243 251 252 254 254 252 253 262 263 263 261 262 260 257 264 265 263 264 267 266 267 273 277 278 279 280 280 281 282 259 227 230 221
129 155 190 183 206 206 135 98 107 107 108 171 190 206 213 210 201 209 212 218 194 220 221 222 223 224 222 220 225 224 217 213 220 228 229 233 224 226 179 190 215 229 233 239 235 241 234 236 241 244 245 246 247 248 249 205 143 137 175 225 210 200 211 229 240 252 259 256 246 248 263 264 265 266 263 267 258 261 263 265 267 268 270 269 276 277 278 279 280 281 282 282 272 195 227 224
204 203 204 206 207 208 203 165 129 90 129 144 167 205 208 205 198 210 212 218 205 215 221 218 216 215 220 216 215 217 221 222 225 226 221 228 234 236 191 173 207 230 225 240 241 231 230 223 237 245 246 240 247 248 249 238 180 151 168 198 179 172 197 204 207 231 253 255 234 234 247 252 264 266 267 268 259 259 263 264 267 263 263 273 277 278 278 279 280 281 282 282 272 166 230 214
203 205 206 207 207 208 204 202 157 82 124 164 172 150 150 173 204 201 197 208 210 215 219 223 223 215 220 223 221 223 226 221 227 232 222 223 234 236 176 153 198 239 235 237 230 208 226 237 243 245 246 247 247 248 250 251 223 181 178 185 165 141 183 200 192 208 235 250 228 243 242 249 252 253 256 261 269 253 265 270 267 268 270 276 277 278 279 280 280 281 282 283 276 198 214 213
205 205 206 207 200 194 199 207 201 146 153 123 176 204 198 199 209 214 214 206 206 216 222 223 224 225 226 226 228 225 220 226 232 232 222 222 224 236 239 239 230 238 240 240 241 242 243 239 240 246 246 248 248 249 250 251 250 223 197 181 113 100 138 177 202 212 230 222 230 230 237 245 236 224 250 260 252 262 264 265 267 269 270 271 277 278 279 280 281 281 282 266 261 213 206 214
204 205 204 204 204 184 171 179 187 180 173 153 183 197 197 208 213 211 213 210 215 222 222 223 224 225 226 227 228 229 230 231 232 223 224 225 231 236 238 238 239 238 238 239 235 243 244 244 241 236 247 248 249 250 250 251 248 246 217 207 161 143 142 148 170 212 222 188 197 215 229 239 216 197 240 261 262 263 264 258 262 269 269 269 277 278 279 280 281 282 263 261 237 221 214 207
201 204 205 206 207 201 184 179 180 173 173 160 182 189 205 213 216 213 211 218 221 221 222 223 224 225 226 227 228 226 224 231 232 225 224 225 231 236 237 238 239 238 233 240 235 243 244 243 246 240 247 248 249 250 250 246 246 248 225 205 180 165 142 142 167 199 221 181 174 188 204 215 205 190 231 256 257 258 264 260 256 262 272 271 278 278 279 280 281 282 239 246 229 214 215 218
197 204 205 206 207 207 205 199 194 145 152 160 176 185 201 215 217 219 215 220 221 221 221 218 218 218 226 227 222 221 217 225 232 229 229 225 231 237 232 233 239 239 228 236 240 241 232 233 239 245 248 247 249 250 250 245 244 250 225 224 188 171 151 147 147 168 191 151 123 153 181 183 183 185 210 243 246 254 262 256 251 267 273 270 276 279 280 280 281 282 242 229 221 207 208 230
201 201 206 206 207 207 205 203 201 128 123 147 170 182 189 217 218 219 220 220 221 222 217 201 206 208 224 220 219 217 219 226 233 234 235 231 236 230 226 232 239 240 235 231 237 236 232 227 238 243 248 247 250 251 252 247 244 253 233 234 208 183 180 165 133 133 148 121 79 116 162 151 163 177 172 228 238 248 258 258 265 275 256 265 277 279 280 281 282 282 245 229 221 206 200 208
199 198 202 206 204 205 192 151 188 128 114 135 179 197 198 213 218 219 220 217 217 215 203 179 180 165 204 217 221 219 221 224 224 224 235 236 237 230 232 238 240 241 241 242 237 239 244 243 244 243 246 241 250 251 252 252 236 249 245 238 220 193 185 179 159 159 124 125 94 99 130 131 137 152 154 187 215 234 249 259 267 276 262 251 259 278 280 281 282 283 262 229 206 192 193 193
189 199 199 204 207 208 206 200 196 196 162 149 175 183 170 206 207 189 198 210 196 188 198 192 176 200 223 229 230 226 228 233 234 234 235 236 231 226 226 232 240 241 239 240 240 243 245 244 224 242 248 249 250 251 252 253 248 244 244 244 237 220 203 191 180 171 141 120 114 115 125 152 165 152 153 161 191 226 244 251 262 276 277 277 265 265 277 281 282 283 266 262 214 179 180 169
199 203 196 197 201 205 206 195 168 197 185 137 145 169 155 177 171 167 167 159 154 154 153 170 172 182 184 202 219 220 226 233 234 235 230 229 231 232 227 228 223 236 236 242 240 244 239 239 216 225 244 250 251 252 252 253 250 236 248 246 241 236 211 193 191 172 158 158 153 126 105 110 123 138 143 145 157 193 225 232 231 266 278 278 279 277 281 282 283 283 283 279 239 193 180 153
203 204 198 179 186 200 201 196 168 183 185 144 146 176 162 156 148 157 155 144 140 137 140 156 164 149 158 167 184 203 204 209 221 227 227 221 220 226 221 228 224 236 231 237 243 239 235 234 229 229 234 242 247 252 253 254 251 229 250 254 249 238 220 202 192 176 166 185 184 144 105 103 115 133 129 135 146 170 217 214 223 258 265 273 279 280 281 282 283 284 283 272 248 197 185 164
204 203 198 163 161 185 186 203 198 178 188 168 169 192 170 129 125 159 154 160 145 133 134 149 165 150 159 168 185 194 187 181 211 221 229 221 221 219 221 229 231 241 236 237 238 239 235 235 229 237 240 241 243 252 253 254 255 227 243 250 245 238 222 219 201 185 177 196 203 154 115 125 123 129 125 130 146 164 227 205 221 250 258 254 262 269 265 267 271 266 282 284 264 219 207 188
207 200 183 158 151 160 160 192 205 190 200 183 177 185 162 111 97 171 182 186 179 147 141 157 174 185 195 193 202 203 204 188 224 226 228 229 227 232 240 236 238 241 243 243 232 233 235 236 230 241 246 247 248 248 250 251 255 247 232 227 230 240 222 246 229 194 186 201 207 168 124 160 127 116 130 141 142 152 244 202 222 241 242 230 232 251 256 259 264 254 267 278 285 276 232 203
208 205 184 155 141 148 170 184 176 205 209 190 192 199 190 161 148 164 163 169 194 188 164 202 222 227 229 218 211 217 224 207 225 227 220 228 239 228 240 241 242 243 244 245 245 239 235 237 242 248 247 247 242 238 249 215 232 231 221 210 204 226 233 247 230 232 205 186 201 191 124 144 142 139 145 141 132 185 208 180 212 210 204 216 230 240 259 262 264 247 262 273 279 277 251 217
209 209 209 181 149 143 144 160 181 193 198 206 210 211 212 188 161 190 186 195 207 189 183 184 223 230 231 230 226 221 220 223 232 228 234 233 232 237 241 242 243 244 244 245 246 229 237 239 249 249 244 237 239 239 254 223 215 232 239 228 215 233 240 253 260 250 235 214 197 196 135 145 146 138 130 127 123 164 183 155 190 223 211 206 223 244 254 257 258 232 254 274 275 277 262 225
209 210 211 198 166 152 139 160 193 202 209 216 219 220 215 197 173 159 153 189 216 208 190 204 229 230 231 232 231 226 222 223 220 227 228 233 234 240 241 242 243 244 245 246 246 231 222 238 243 237 229 231 232 242 240 224 217 233 248 245 243 249 256 257 261 261 264 259 235 193 142 142 143 138 139 145 157 163 188 178 193 218 217 193 216 236 245 238 216 237 246 251 270 274 267 251
210 211 211 205 185 162 156 172 205 214 217 219 220 214 209 187 177 120 103 114 161 215 190 218 230 231 231 232 233 231 230 217 159 184 222 220 228 241 242 242 244 244 245 246 247 242 215 216 224 212 216 215 226 234 226 227 217 236 251 251 252 259 262 261 264 265 266 266 267 212 153 139 139 139 154 173 205 196 210 216 219 222 215 193 202 218 237 232 222 221 222 249 265 273 279 266
205 211 212 213 193 179 164 174 211 217 215 207 207 200 210 167 159 120 91 81 161 215 175 219 224 229 232 233 233 232 235 211 122 153 213 212 221 240 242 243 244 244 245 246 247 248 232 205 206 198 199 207 209 225 225 227 227 238 248 252 259 260 260 263 264 265 265 267 268 249 181 149 135 145 166 162 197 229 227 228 246 248 214 192 194 219 228 221 206 207 208 215 233 266 269 267
194 202 211 213 214 205 182 200 212 218 219 212 207 205 217 185 168 170 162 103 77 77 175 230 219 194 219 233 234 235 235 192 153 176 213 221 229 242 243 244 244 243 246 245 247 248 238 232 215 197 198 209 209 210 229 227 238 245 254 260 260 248 249 254 260 265 266 267 268 269 232 166 139 144 155 174 188 221 238 240 238 233 207 193 202 212 213 205 185 191 207 200 219 243 262 255
206 203 203 204 209 209 206 176 217 218 219 217 216 216 209 169 177 184 138 112 118 118 223 223 231 232 232 233 223 235 227 150 132 145 185 221 238 242 243 244 244 245 246 245 241 245 222 222 214 206 197 202 211 243 249 249 250 252 252 250 262 260 260 260 265 266 267 267 268 269 249 187 153 139 145 146 169 223 249 231 224 225 209 215 211 219 211 192 179 177 194 187 199 225 237 239
207 197 190 205 215 215 212 202 218 219 220 221 211 217 209 185 193 194 169 148 159 120 120 194 222 232 233 230 163 180 221 183 113 109 153 186 229 242 243 242 234 241 246 246 242 233 208 217 234 233 219 203 210 234 239 248 249 251 257 255 262 263 261 262 265 266 267 268 269 270 270 220 173 144 135 127 162 213 240 241 232 242 208 217 202 203 206 185 171 165 174 168 182 196 210 217
196 197 190 199 211 216 213 218 219 219 219 221 205 217 207 191 194 204 196 181 167 131 160 178 210 224 233 234 198 163 223 200 113 94 115 155 229 242 244 243 232 233 237 240 242 180 190 227 246 247 229 212 210 203 209 232 244 247 258 261 262 263 263 264 263 266 267 268 269 270 270 256 197 162 127 123 152 198 242 251 243 260 217 218 203 197 205 185 185 157 164 164 165 172 179 194
179 204 204 198 200 211 217 218 219 220 220 220 215 222 207 192 186 202 201 187 157 159 176 169 177 203 226 235 235 213 229 201 133 96 90 130 233 243 241 238 240 234 234 229 212 150 189 239 252 253 244 221 217 194 192 203 227 252 259 261 262 262 264 260 259 267 267 268 269 270 271 272 216 177 132 128 143 178 244 267 242 252 227 226 220 197 197 192 186 156 158 164 160 151 152 181
194 202 206 209 211 200 218 218 219 220 221 221 222 223 198 182 191 213 217 214 195 199 173 139 133 154 198 235 232 237 237 231 202 114 67 100 230 242 207 201 228 243 234 221 136 171 216 240 242 243 254 236 242 206 180 189 220 259 260 262 263 264 264 260 259 267 268 269 270 270 271 272 224 192 152 138 134 159 236 261 243 243 235 220 204 182 154 179 163 163 154 155 166 163 144 155
158 165 184 205 213 208 213 218 217 214 212 213 210 207 212 204 192 176 192 206 193 176 164 147 132 147 213 235 236 237 238 233 213 147 95 68 181 198 109 114 198 243 233 191 82 123 197 241 247 242 254 252 234 233 216 208 226 245 261 262 263 263 264 266 264 265 268 269 270 270 271 272 239 224 184 171 155 156 221 244 243 253 221 213 221 205 183 148 158 188 175 165 161 157 154 155
155 153 162 178 195 209 199 215 218 212 212 212 213 209 203 189 180 173 174 182 161 158 156 163 159 179 204 228 232 237 238 237 228 177 125 68 172 215 128 97 134 242 238 141 69 103 207 253 253 251 255 252 247 247 251 244 212 251 258 261 263 263 262 258 264 265 269 269 269 270 267 263 224 233 200 172 173 189 236 236 237 263 239 220 237 241 197 167 152 174 196 177 177 169 144 150
156 146 142 149 171 194 198 216 211 208 194 200 208 178 171 174 175 175 177 165 155 158 160 166 166 177 204 229 224 233 235 238 228 204 163 108 181 217 175 129 134 237 239 161 87 110 204 245 247 254 255 252 252 256 257 254 222 239 247 262 264 261 263 252 266 266 269 269 269 271 272 273 241 243 217 187 189 205 219 240 231 262 242 216 245 257 203 194 158 163 180 175 199 182 136 151
146 138 130 131 167 178 207 213 206 192 176 167 170 142 143 166 182 183 170 162 164 166 165 159 152 153 193 229 225 230 232 228 212 196 205 180 182 208 221 211 182 234 240 228 133 144 212 245 250 254 255 257 257 257 258 258 252 227 245 258 264 262 264 253 260 264 269 269 270 271 272 273 268 252 236 229 209 190 181 256 234 253 245 211 225 246 203 202 158 154 174 161 203 177 141 151
