prediction/untitled folder/solar_ghi_19900101_23UT.txt
NCOLS 839
NROWS 679
XLLCORNER 112.025005
YLLCORNER -43.9750009
CELLSIZE 0.0499954
NODATA_VALUE -999
[rows 420 to 461 of 679, columns 188 to 281 of 839]
129 282 99 99 99 100 100 112 99 99 99 100 100 100 144 100 183 158 209 216 200 196 232 336 297 316 376 436 470 507 550 521 568 568 561 573 570 570 552 574 537 572 542 552 554 513 463 461 440 308 396 528 567 544 457 453 579 504 537 415 432 560 602 588 595 604 605 572 525 534 562 560 579 580 612 613 615 575 466 369 341 306 297 446 545 568 578 603 615 604 615 608 616 616
181 178 99 131 100 99 99 99 99 99 99 100 100 100 100 100 138 202 292 283 230 186 237 331 310 372 397 484 532 558 565 571 558 558 557 570 569 556 560 580 574 567 562 563 553 549 532 468 429 337 306 370 511 457 398 508 564 597 444 535 476 517 582 550 536 591 605 560 518 499 530 581 591 555 592 613 607 595 553 504 412 301 210 215 416 519 574 583 584 593 609 617 625 627
236 177 99 281 100 99 99 99 124 109 99 99 100 100 100 100 106 184 317 322 246 183 294 412 414 390 424 505 546 548 556 559 561 573 567 573 576 570 565 572 580 566 555 564 567 535 487 451 429 396 426 367 358 463 437 416 579 539 338 506 570 554 555 495 450 545 605 569 510 481 563 591 542 484 545 600 591 615 617 590 538 445 336 268 205 444 554 593 602 612 621 609 625 627
169 112 159 206 99 99 99 105 99 99 99 101 100 100 100 100 100 154 272 305 201 151 330 453 442 397 393 393 539 496 542 566 558 559 568 579 574 578 572 565 575 584 558 555 579 517 451 435 415 398 458 315 394 541 430 433 479 475 505 568 549 572 585 505 444 472 544 527 439 577 600 585 464 408 459 561 569 615 617 599 565 533 493 419 336 359 531 543 567 590 607 599 603 627
145 99 157 158 99 99 99 99 99 99 99 100 100 101 100 100 135 165 192 218 144 120 325 404 404 380 364 369 539 534 556 567 576 574 574 576 580 575 564 563 581 584 574 551 569 587 458 482 424 375 352 344 354 480 486 407 434 513 559 598 599 593 600 602 519 432 468 557 529 600 608 585 433 379 384 442 539 572 616 563 590 587 580 529 479 480 538 483 503 581 609 617 619 606
177 134 176 221 197 170 162 99 99 99 99 100 101 100 100 100 141 191 164 140 134 153 311 368 371 362 344 382 532 575 557 561 564 573 566 570 574 571 577 564 556 581 566 535 545 562 539 550 444 355 366 371 359 447 545 452 471 503 583 598 582 556 589 602 565 496 453 499 569 540 574 504 526 412 329 352 462 555 574 541 542 600 579 560 560 555 550 542 585 619 618 622 627 625
204 210 255 286 268 278 236 143 102 150 100 107 116 100 100 100 165 167 115 100 131 195 284 321 387 347 340 410 540 572 532 524 555 572 573 570 560 571 577 578 569 572 477 432 475 553 587 588 308 421 444 423 420 455 511 549 486 491 569 577 492 435 569 568 579 501 560 534 550 588 479 536 359 491 380 326 370 486 538 542 474 595 580 497 520 571 563 594 621 623 607 611 613 613
177 201 307 261 251 289 281 211 147 106 100 100 144 135 100 100 169 100 100 115 134 166 212 283 387 366 366 446 543 542 496 471 563 564 565 559 567 577 579 571 571 581 573 463 465 562 587 507 336 283 481 360 356 444 474 467 501 500 552 512 425 390 426 574 587 538 567 521 419 404 463 460 521 468 469 411 345 370 451 532 565 592 601 468 469 448 502 597 619 606 604 597 603 610
248 227 244 271 234 297 290 220 141 100 108 100 206 202 106 100 100 100 100 100 127 169 243 329 381 392 414 459 481 508 444 426 524 565 565 579 576 570 569 577 571 583 582 468 424 496 555 466 371 456 406 477 437 472 462 430 499 530 572 464 458 387 426 595 583 582 567 586 410 348 374 465 521 535 368 523 421 325 343 430 539 617 618 603 390 330 420 574 592 597 600 606 600 609
288 318 330 283 254 311 269 267 191 156 134 135 222 247 100 100 100 100 100 100 166 169 227 292 326 352 387 407 445 455 431 404 457 568 568 574 570 568 575 581 580 583 571 535 522 462 482 483 428 391 489 570 536 415 430 467 445 438 509 510 490 450 530 589 582 590 585 605 539 362 338 401 521 537 507 534 458 370 360 417 559 617 618 534 532 308 420 542 577 605 623 596 600 589
340 386 356 370 426 411 314 309 266 115 112 150 155 173 100 100 100 100 100 100 130 163 208 174 204 275 311 336 429 471 481 485 526 535 525 535 574 575 569 571 580 583 584 585 586 368 407 473 497 425 360 498 574 409 300 373 380 307 346 481 473 458 535 586 582 573 566 580 606 440 356 395 479 487 478 548 513 501 429 355 364 438 455 398 510 383 362 449 547 622 622 536 575 603
364 345 351 374 359 304 276 363 271 157 167 100 100 146 143 100 100 100 100 100 112 128 128 110 170 183 206 272 349 515 531 458 411 402 420 482 562 569 562 571 582 584 582 563 517 354 368 433 451 371 368 453 416 424 271 252 342 346 326 370 362 423 475 581 562 525 555 558 556 558 447 433 459 421 447 545 509 443 418 425 425 425 348 326 376 324 189 263 439 568 509 480 551 604
364 324 351 428 393 308 314 342 229 160 191 100 133 162 120 100 110 100 115 140 112 100 100 117 145 136 172 231 329 431 404 337 304 294 348 460 552 580 581 582 583 584 489 416 391 388 391 376 360 362 394 412 431 470 363 257 304 273 288 316 296 268 368 524 488 495 534 555 542 526 546 555 485 402 412 436 406 364 334 415 490 430 347 328 326 304 277 191 306 548 476 393 452 564
347 320 351 423 341 316 402 362 224 163 231 100 198 198 127 100 135 215 152 153 106 100 101 110 142 136 143 202 300 323 284 230 201 226 324 416 529 569 572 564 548 476 394 330 305 362 450 326 352 337 383 445 493 540 470 310 263 249 255 251 260 320 413 439 488 504 470 527 565 538 568 587 514 409 344 334 336 308 265 297 343 397 381 359 322 299 291 240 215 393 328 358 350 415
314 307 313 290 248 274 434 440 335 258 189 161 285 225 128 135 195 226 196 223 100 124 100 121 183 108 127 203 204 190 179 168 180 242 325 387 508 547 547 549 533 399 445 296 301 331 330 335 319 249 398 410 464 536 507 382 306 280 259 199 200 279 354 388 403 501 467 459 445 474 562 606 607 606 340 301 293 273 237 207 218 342 398 347 290 259 259 233 199 274 316 274 247 329
314 311 243 184 177 215 410 564 427 283 217 239 261 222 113 154 275 295 217 203 113 100 135 164 100 101 222 163 101 135 152 149 169 252 326 362 377 443 488 498 447 380 373 282 231 179 266 364 337 255 274 312 362 469 555 518 389 317 265 174 195 225 293 381 423 354 498 463 441 425 459 559 606 498 570 302 282 262 270 260 223 251 351 298 241 226 215 211 227 244 262 216 194 261
330 331 294 193 173 266 398 527 397 315 277 263 246 201 124 235 280 246 237 182 100 100 107 118 104 101 101 101 101 128 132 119 163 258 319 312 296 328 407 444 397 366 357 305 167 142 220 362 408 324 247 211 304 450 558 574 473 351 268 194 261 205 293 380 377 366 443 384 457 456 448 501 536 479 436 525 342 268 207 177 185 213 244 287 214 214 180 210 264 259 228 205 160 182
276 375 387 309 201 235 317 352 475 349 267 263 271 247 224 250 210 236 299 264 147 100 101 118 101 101 101 101 101 101 101 137 222 275 271 267 267 211 337 357 348 348 345 309 193 190 188 198 349 430 308 206 207 359 539 482 443 456 393 279 271 245 333 333 370 420 393 396 440 531 432 457 503 486 416 379 397 315 193 181 185 194 190 165 191 112 148 192 245 262 245 221 208 173
319 381 473 482 467 364 294 330 423 296 192 289 335 355 318 245 230 280 340 312 203 128 100 129 119 108 102 101 101 101 101 153 170 157 205 241 210 188 241 277 301 341 359 326 278 250 180 103 288 394 335 218 224 374 575 509 539 578 484 336 261 332 328 316 381 386 405 439 390 506 448 412 460 525 455 368 365 366 279 177 177 181 171 154 111 105 137 137 163 216 247 282 311 209
311 359 464 541 561 381 298 363 497 537 525 548 425 461 440 356 315 335 346 312 301 210 165 172 146 119 101 101 101 101 101 101 131 128 164 175 149 159 225 222 253 391 368 334 314 276 184 102 221 329 270 223 246 289 409 485 555 573 522 400 323 311 391 273 284 330 378 372 346 384 493 397 418 532 508 442 405 381 371 169 173 177 160 157 171 168 151 137 168 198 203 189 189 198
374 432 511 549 534 384 370 396 391 375 386 432 515 563 438 416 440 428 386 341 380 320 281 225 155 109 101 101 101 101 101 101 116 101 103 139 149 167 154 141 253 360 333 338 332 297 193 102 151 225 180 218 245 269 312 394 487 530 576 504 358 297 320 338 284 330 325 310 277 307 429 448 411 473 533 569 475 385 341 191 169 149 145 156 163 153 147 158 125 130 126 178 188 168
511 520 531 547 530 492 526 472 458 360 354 401 400 500 345 475 550 457 348 345 405 323 330 261 159 101 101 101 101 101 101 101 120 101 101 172 133 123 138 195 327 524 456 556 338 335 182 102 102 172 152 193 287 272 292 376 404 458 558 446 318 286 329 350 289 326 295 299 265 277 355 481 472 500 574 570 449 351 294 231 165 104 152 162 156 142 147 147 117 133 189 111 111 148
425 450 482 525 550 563 558 461 534 434 407 394 407 446 487 446 415 485 440 345 310 334 430 344 165 101 101 101 101 101 101 101 101 101 121 125 101 123 145 213 314 345 347 551 305 227 157 102 102 142 163 224 286 271 324 374 390 391 441 465 313 335 363 382 383 280 268 274 233 255 361 491 522 560 580 431 384 325 303 264 168 106 158 162 149 138 139 128 116 162 199 105 133 189
383 388 360 458 487 529 493 443 510 553 471 437 400 429 516 452 367 423 359 359 357 344 476 448 262 170 101 101 101 101 101 101 101 101 101 101 101 115 112 167 223 246 279 324 283 244 213 151 102 102 213 276 174 317 309 369 384 351 393 537 368 443 407 464 428 321 288 248 232 244 362 507 582 555 436 425 387 261 287 263 170 117 129 138 146 142 138 115 123 155 143 110 172 216
323 332 325 338 432 519 559 558 528 540 514 470 398 454 491 427 367 362 317 338 346 362 403 432 277 163 124 211 169 101 101 154 182 101 101 101 104 102 102 132 142 173 194 175 142 132 102 102 102 102 156 213 269 274 308 316 338 358 398 461 528 538 503 497 416 354 316 279 264 289 333 456 527 451 369 365 395 198 203 180 150 121 107 107 159 157 141 130 131 116 105 114 185 196
295 276 313 350 407 483 488 542 544 526 530 529 458 493 464 416 374 328 290 304 300 314 347 353 300 268 291 261 226 204 209 253 177 212 101 101 101 102 102 117 102 140 141 102 102 102 102 102 102 102 146 167 160 223 351 333 341 347 348 388 509 551 597 470 426 372 340 327 315 300 300 366 387 374 374 399 392 324 221 153 120 121 122 107 114 185 137 164 145 116 105 114 185 196
366 341 332 359 417 433 550 448 472 530 565 565 514 464 472 465 382 327 304 273 274 278 289 281 291 349 416 402 368 323 315 330 324 287 117 101 101 102 102 102 102 122 104 102 102 102 102 102 102 102 146 120 117 167 217 324 437 343 348 370 416 540 582 493 597 396 365 384 350 279 304 304 304 295 339 392 407 350 198 146 139 104 117 128 104 104 137 164 145 145 105 114 185 196
494 410 403 376 370 414 495 428 491 543 565 517 436 498 412 508 410 368 329 278 298 250 255 257 278 321 382 439 370 279 268 317 332 257 114 101 101 102 102 102 118 102 102 102 102 102 102 102 102 134 152 102 132 180 242 356 475 333 248 263 339 400 422 478 533 498 398 489 369 275 289 275 236 195 291 363 407 344 192 155 148 135 152 132 104 104 137 137 145 145 145 114 185 196
480 486 529 382 327 363 425 415 472 545 556 531 538 489 379 495 500 433 344 290 261 241 276 257 237 264 319 361 319 252 272 319 299 212 129 101 101 102 102 102 102 102 123 102 124 143 153 102 102 138 138 103 172 265 322 356 382 314 191 228 365 446 506 568 573 555 433 513 344 235 225 260 231 176 251 326 404 332 203 154 151 170 177 146 104 104 104 137 137 145 145 114 185 196
453 495 526 409 318 372 415 426 469 565 557 567 562 523 472 473 525 475 333 303 251 205 241 176 282 285 328 350 337 337 276 340 300 214 129 101 102 102 102 102 103 111 102 102 131 117 125 102 102 102 115 120 146 341 353 342 346 306 191 204 348 433 521 569 561 531 496 450 427 306 224 220 224 167 187 305 381 324 204 150 160 173 184 146 146 104 104 104 137 145 145 114 185 196
407 445 493 464 397 430 462 480 521 556 565 567 555 455 460 537 542 449 400 332 299 308 313 282 278 454 430 435 493 428 319 366 325 178 125 118 102 102 102 102 102 102 102 102 102 120 102 102 102 102 102 102 103 374 357 329 340 313 232 218 351 462 506 555 561 523 505 449 409 297 212 215 218 179 157 308 343 280 185 169 180 173 184 184 146 146 104 104 104 137 145 145 185 196
453 526 566 551 475 554 568 566 542 536 555 510 542 452 526 565 556 477 382 406 356 310 283 295 343 557 577 575 578 561 472 376 329 128 143 150 115 102 102 102 102 150 115 102 102 102 102 102 102 102 102 102 162 274 336 271 320 354 305 262 350 423 458 528 468 452 471 445 387 212 156 181 221 236 259 313 346 280 185 169 180 180 184 184 184 146 104 104 104 104 145 145 185 196
553 566 567 511 505 524 569 570 531 506 459 449 550 555 556 563 570 526 467 512 469 428 422 435 499 555 540 489 452 523 568 522 380 205 165 126 108 102 102 102 172 192 102 102 102 102 102 102 102 119 102 103 162 201 325 332 349 353 297 227 241 337 460 459 365 361 380 393 337 177 114 192 181 201 260 313 346 346 185 169 180 180 180 184 184 184 146 104 104 104 104 145 185 196
566 557 451 369 392 495 563 501 464 390 414 478 535 544 524 548 545 528 528 543 548 524 469 506 549 566 560 546 484 457 536 550 450 354 317 264 175 102 102 128 255 118 102 102 102 102 102 102 102 102 105 128 113 173 312 355 385 356 246 194 262 369 429 383 348 259 287 324 283 173 146 200 150 201 260 260 346 346 346 169 180 180 180 184 184 184 184 104 104 104 104 104 145 196
446 481 488 471 481 538 561 548 499 442 398 446 489 500 482 500 475 455 496 538 533 462 370 473 491 514 519 505 519 503 572 575 501 333 236 361 372 217 182 171 136 102 102 185 102 102 102 102 107 102 116 146 174 174 230 332 317 158 185 210 259 252 237 260 270 160 254 308 227 176 191 200 150 150 260 260 260 346 346 169 180 180 180 180 184 184 184 184 104 104 104 104 145 196
397 450 498 523 477 534 567 559 540 550 456 519 474 458 449 418 430 464 539 545 513 424 363 404 364 410 424 427 426 442 565 573 542 394 344 358 358 278 294 338 264 192 181 138 102 102 106 143 102 102 102 230 238 157 189 249 207 122 168 153 190 169 128 121 159 175 246 279 209 176 191 191 150 150 150 260 260 346 346 169 180 180 180 180 184 184 184 184 184 104 104 104 104 145
374 377 403 415 398 493 571 557 548 533 454 521 494 525 496 449 434 426 516 486 481 464 397 331 336 349 379 349 340 377 443 486 517 510 439 404 418 407 300 335 234 260 193 102 102 102 102 102 102 102 112 268 186 189 154 197 184 146 140 103 186 142 103 103 129 178 223 297 209 209 191 191 191 150 150 260 260 260 346 346 180 180 180 180 180 184 184 184 184 104 104 104 104 104
290 349 356 356 392 452 571 489 489 508 498 503 548 568 554 534 511 513 524 530 394 444 470 390 327 346 333 326 336 335 340 372 414 486 484 470 505 453 342 314 244 235 220 154 102 102 102 118 102 102 112 206 238 207 125 244 184 118 103 103 173 113 103 103 156 209 223 297 297 209 209 191 191 150 150 150 260 260 346 346 180 180 180 180 180 184 184 184 184 184 104 104 104 104
255 279 200 363 483 459 529 395 426 514 492 465 516 559 571 572 572 556 562 570 504 488 505 493 417 383 439 341 339 353 340 328 333 354 427 420 466 416 334 274 289 265 216 226 182 103 102 102 102 102 103 121 216 218 138 306 118 103 103 103 173 113 103 103 156 209 209 297 297 297 209 191 191 191 150 150 260 260 260 346 180 180 180 180 180 180 184 184 184 184 184 184 146 146
146 235 347 310 357 384 365 349 334 397 358 369 434 532 565 572 572 564 573 571 538 499 376 397 480 559 557 510 457 441 384 327 275 265 323 300 359 336 249 228 293 280 169 279 247 182 143 114 102 102 103 103 110 141 219 249 118 103 103 103 173 113 103 103 156 209 209 209 297 297 297 209 191 191 150 150 150 260 260 346 346 180 180 180 180 180 184 184 184 184 184 184 184 -999
260 320 378 207 310 405 428 426 505 511 338 318 401 496 533 563 551 564 536 534 541 511 407 457 384 369 392 399 366 339 284 355 321 260 210 163 213 253 187 196 234 239 193 245 292 254 224 193 161 138 103 103 103 128 151 249 249 103 103 103 173 113 103 103 156 209 209 209 297 297 297 297 191 191 191 150 150 260 260 260 346 180 180 180 180 180 180 180 180 180 180 -999 -999 -999
358 401 328 207 374 296 373 436 427 406 375 357 355 365 409 474 525 552 488 526 550 556 551 551 353 302 308 308 308 325 274 301 301 275 234 220 243 386 331 200 213 244 235 252 306 233 240 256 227 160 103 118 103 103 151 151 249 249 103 103 173 113 103 103 156 209 209 209 209 297 297 297 297 191 191 150 150 150 260 260 346 346 346 346 346 346 346 -999 -999 -999 -999 -999 -999 -999
