prediction/untitled folder/solar_ghi_19900101_00UT.txt
NCOLS 839
NROWS 679
XLLCORNER 112.025005
YLLCORNER -43.9750009
CELLSIZE 0.0499954
NODATA_VALUE -999
[rows 328 to 368 of 679, columns 552 to 643 of 839]
948 937 941 961 937 946 953 939 954 963 952 946 964 964 948 957 961 965 965 956 962 958 957 962 968 951 967 961 960 962 958 959 963 966 961 963 972 972 972 964 943 900 962 973 968 959 909 942 939 971 977 974 972 974 970 979 976 978 972 979 978 977 973 979 982 974 976 983 979 985 971 976 982 975 961 975 987 980 975 982 975 980 988 972 977 985 970 955 989 984 972 993
957 938 945 954 927 949 928 910 951 953 964 923 965 960 959 963 965 965 965 952 961 958 958 959 963 948 963 965 960 958 963 959 963 960 958 958 964 966 971 972 953 940 959 962 932 919 862 967 975 964 977 978 977 968 979 978 968 974 964 972 971 975 971 974 977 978 977 982 972 963 964 977 986 980 977 977 979 983 980 976 977 980 976 974 975 970 956 967 986 980 957 992
949 943 949 935 884 932 951 931 949 955 955 937 960 960 956 961 955 964 964 960 961 954 961 966 956 961 968 968 959 957 957 958 962 965 962 963 960 959 965 961 961 948 941 962 965 927 958 976 961 955 978 966 975 978 978 979 949 976 964 980 975 973 972 970 972 980 978 981 978 961 971 985 985 984 974 971 974 977 973 977 977 976 965 964 980 987 981 973 984 976 969 989
950 928 961 961 943 858 939 941 950 962 918 949 965 957 963 953 959 964 957 963 966 949 958 963 952 966 968 960 953 956 960 965 965 961 963 965 966 967 973 969 965 958 958 973 958 877 947 976 872 952 949 921 956 965 959 979 973 980 976 980 977 980 977 969 977 977 977 979 974 975 973 977 978 984 980 966 969 975 972 976 976 972 964 971 977 989 966 972 979 970 971 980
950 935 944 942 938 874 916 891 959 934 951 946 964 958 951 949 959 957 958 965 958 952 961 962 963 967 965 959 959 963 961 960 962 962 959 962 971 970 973 968 973 961 972 968 944 916 971 977 971 976 976 969 978 978 979 969 962 980 980 980 978 976 973 968 977 978 982 979 968 975 962 972 984 984 978 964 971 978 984 978 970 977 972 975 974 977 954 976 984 974 971 970
959 945 949 932 961 921 944 879 965 948 966 942 962 950 965 964 941 966 965 955 953 965 958 968 968 967 967 967 960 960 964 956 960 963 960 963 966 969 969 955 973 973 971 971 953 852 970 978 977 969 970 972 972 978 979 979 980 974 976 975 975 968 970 976 980 982 982 982 976 975 975 980 985 985 973 974 983 977 987 986 963 985 971 976 974 978 974 984 982 973 960 991
945 935 945 937 962 935 909 943 934 941 966 947 928 952 956 958 960 966 966 953 948 954 959 967 968 967 966 964 967 964 962 961 960 964 958 963 959 964 960 947 953 972 967 967 925 838 976 977 976 976 977 978 977 977 979 979 979 974 979 972 970 977 978 972 972 967 964 964 980 972 979 984 985 977 976 982 983 983 986 987 976 978 965 981 964 985 978 977 979 976 968 989
905 928 947 949 961 942 934 945 926 915 962 955 959 965 946 960 965 964 966 949 950 957 961 967 966 958 960 964 968 968 965 958 965 964 954 957 968 972 959 942 966 973 964 964 895 892 978 977 975 977 971 973 979 979 978 979 979 978 976 976 973 973 973 973 981 978 982 973 971 973 980 985 981 982 978 970 986 986 988 987 968 963 975 983 984 983 973 977 982 986 979 990
892 934 951 937 951 937 885 964 934 962 839 898 937 949 957 964 945 958 958 947 958 963 966 967 967 963 962 960 960 960 958 957 967 961 948 960 971 973 968 943 970 964 968 961 911 947 977 977 971 973 976 973 977 975 970 979 973 970 979 980 976 980 981 982 981 978 974 973 976 975 978 981 975 981 980 982 986 987 987 987 957 966 977 978 977 986 982 977 981 987 987 993
911 922 939 939 962 838 930 957 839 945 943 946 946 905 959 964 962 965 957 967 966 967 961 957 959 962 963 956 934 929 944 937 964 959 969 963 957 973 973 962 966 970 973 958 926 926 971 976 976 975 977 973 965 979 973 974 975 978 974 968 974 981 977 973 972 981 981 983 983 983 984 981 985 973 967 964 982 974 986 987 962 969 978 979 981 977 979 983 981 978 982 992
922 932 952 945 953 911 964 928 924 924 942 928 907 920 931 956 955 959 957 962 953 958 962 962 962 941 952 956 961 968 956 962 963 958 970 970 939 971 972 956 973 974 974 962 939 928 971 971 974 977 972 965 965 973 973 969 970 978 971 968 969 971 977 979 978 983 978 966 971 980 981 971 984 985 981 980 974 974 967 964 967 972 976 988 984 975 990 990 979 972 983 983
923 935 962 945 914 931 963 963 935 930 951 953 925 924 956 960 965 961 963 967 958 957 957 959 953 952 950 959 964 969 969 970 970 970 965 956 959 965 972 973 973 970 973 965 937 955 967 974 974 977 967 965 973 977 976 978 974 975 979 971 971 976 975 981 976 966 964 970 974 976 984 969 963 985 977 964 980 972 967 974 985 986 975 979 984 981 984 989 974 960 975 987
919 933 944 946 927 933 943 963 958 949 951 948 921 932 966 950 941 951 959 966 954 950 958 958 950 954 959 960 967 965 969 970 970 958 960 950 960 971 972 972 958 950 974 961 953 966 947 972 973 976 976 976 977 977 973 974 971 977 979 974 973 976 976 975 973 967 975 966 975 977 984 977 978 984 981 970 977 985 980 982 985 983 983 985 988 978 977 988 978 968 979 987
953 945 914 935 928 944 917 949 945 961 928 921 939 946 942 931 944 962 966 966 954 960 961 951 959 956 948 942 953 960 946 948 953 961 957 963 955 972 973 973 973 973 974 968 969 965 925 967 972 976 973 976 977 972 970 970 970 976 979 971 972 979 969 973 966 973 975 967 984 984 980 974 980 984 982 974 974 974 975 987 979 979 973 976 980 968 973 986 946 961 992 990
962 941 952 909 933 957 939 939 956 965 929 925 938 947 947 933 951 954 964 957 944 961 961 950 955 952 960 951 956 960 961 962 948 961 965 971 943 964 973 973 974 966 974 974 966 969 952 959 969 972 972 975 975 977 974 969 972 979 979 971 973 975 972 969 974 973 973 979 984 975 983 972 971 976 972 973 971 968 980 982 978 972 961 976 988 971 965 981 955 960 983 986
921 945 961 941 950 950 963 949 956 960 948 949 954 953 948 943 947 951 949 957 965 957 963 955 949 953 956 957 953 960 961 969 966 943 971 963 955 949 972 960 967 962 963 969 973 961 934 946 977 976 973 973 970 970 975 962 957 976 976 975 967 981 980 959 974 973 971 984 984 984 983 974 974 981 974 963 974 973 978 979 981 987 981 975 974 968 959 982 979 983 982 992
920 948 960 941 946 930 948 954 917 925 949 949 958 952 949 949 958 953 945 952 960 953 957 962 946 954 957 964 958 961 964 965 957 949 971 965 954 952 972 960 968 956 950 970 946 897 913 962 971 963 965 969 977 978 977 962 976 980 973 975 980 980 969 966 968 978 974 983 984 979 980 973 978 977 968 977 978 976 973 974 986 983 980 979 977 978 980 967 975 991 990 970
909 915 930 956 946 946 940 929 910 928 936 948 945 943 947 955 966 966 965 954 949 955 956 962 955 967 967 963 951 969 953 969 922 947 967 959 958 959 971 959 963 967 963 970 966 928 910 961 959 974 973 972 978 977 979 965 979 975 979 981 981 981 949 941 982 983 977 983 983 971 973 979 980 968 964 981 981 973 963 969 983 982 982 976 979 989 973 981 970 987 983 977
961 961 900 960 920 903 937 959 921 922 937 951 938 925 922 935 956 965 965 960 956 954 962 953 958 959 964 963 946 960 939 954 936 971 963 954 961 972 963 946 958 973 960 969 966 926 939 975 976 972 976 977 969 974 978 979 979 979 975 981 981 954 979 950 983 983 975 983 982 971 979 976 977 971 973 983 976 970 973 978 983 986 985 984 984 989 976 989 986 982 981 989
944 931 905 940 942 933 964 964 962 941 953 964 945 934 940 940 966 966 964 964 965 960 954 954 962 958 963 962 945 956 911 934 935 973 968 968 970 959 957 948 963 966 974 973 965 937 927 966 973 977 972 976 973 978 971 915 948 969 970 981 971 971 983 978 983 982 975 982 983 979 980 979 978 975 985 985 976 972 978 987 983 982 987 982 977 982 978 990 991 987 977 985
942 949 962 962 957 936 941 928 963 953 944 941 931 928 948 956 967 965 956 950 958 966 966 957 958 968 959 958 946 962 925 950 956 965 949 955 955 957 948 949 967 960 951 958 964 937 932 954 977 967 977 977 977 977 968 967 970 967 972 971 944 954 906 972 976 968 983 983 983 982 976 980 971 973 985 979 980 984 974 987 978 971 984 976 979 965 986 990 990 986 981 990
920 956 963 963 951 902 944 949 956 956 945 935 935 939 945 957 951 938 949 961 958 966 955 953 958 968 939 969 969 968 961 958 971 971 970 957 950 958 955 952 956 957 964 948 953 958 948 934 964 967 973 971 976 970 978 961 970 970 971 967 975 978 973 973 975 979 973 983 983 983 952 970 972 977 985 981 981 986 979 985 973 946 982 984 980 961 990 990 990 985 978 982
931 954 955 943 933 908 960 961 945 930 900 923 936 917 922 955 941 945 937 958 949 952 957 944 940 968 957 968 961 961 952 956 948 959 955 955 962 961 962 959 959 958 958 955 956 964 954 947 962 973 963 959 953 977 978 962 979 979 970 949 969 977 981 968 980 982 982 983 983 963 953 979 971 969 980 986 980 980 981 986 981 951 987 980 980 981 989 990 986 986 980 981
923 938 923 947 940 925 927 925 882 949 957 927 940 956 941 946 942 940 953 925 925 916 963 915 935 958 965 930 941 960 964 965 957 953 950 960 951 956 955 956 957 956 961 951 972 965 955 954 940 978 977 943 960 978 974 961 969 965 972 964 971 975 974 976 981 982 982 978 971 971 973 983 976 978 968 986 982 982 984 974 968 958 986 988 980 989 985 990 986 986 990 982
907 927 938 953 961 950 942 954 962 948 949 936 917 952 950 930 932 954 968 968 967 958 939 957 968 944 968 945 968 964 961 956 952 962 948 965 946 940 942 948 962 958 963 960 972 961 954 934 948 978 977 964 979 974 965 968 960 966 978 963 966 969 969 974 975 981 981 976 970 965 972 980 972 968 963 958 978 974 974 987 987 986 987 979 980 981 977 990 981 981 983 978
930 929 943 938 944 964 948 951 950 916 910 950 947 930 930 917 944 962 962 959 959 953 948 966 958 964 968 964 947 958 964 955 961 965 962 962 955 945 963 972 956 954 958 964 973 958 954 929 976 968 976 964 979 975 979 969 972 978 971 974 980 981 972 960 964 970 981 977 978 979 979 984 972 970 968 983 969 964 986 981 971 959 969 974 989 983 979 984 990 990 982 978
939 954 946 925 921 961 946 955 945 933 952 959 949 929 939 907 952 946 961 964 957 959 958 964 954 953 960 960 954 951 960 961 968 970 970 962 959 966 967 971 953 962 965 960 958 939 933 961 978 963 968 967 977 960 980 978 973 971 972 974 977 981 981 972 972 972 974 973 977 983 983 979 968 965 986 985 945 985 982 970 957 980 984 980 988 981 981 985 981 981 977 974
863 940 917 929 953 964 951 957 947 925 959 954 934 897 932 939 967 945 953 947 943 966 962 943 963 954 968 968 956 961 970 970 965 962 965 967 972 967 972 960 942 966 972 968 973 932 948 975 977 977 971 977 977 963 979 979 969 964 970 967 972 981 977 974 981 977 982 970 974 983 982 981 971 977 982 950 950 957 957 970 971 987 987 983 988 988 988 976 975 971 981 979
645 808 844 914 962 945 924 945 947 935 938 928 881 869 921 938 959 961 953 950 951 958 955 937 955 958 959 963 960 961 962 969 964 955 966 971 972 956 955 971 952 943 950 962 950 940 976 973 939 977 977 965 973 967 978 979 969 970 979 968 978 981 977 969 980 976 976 968 973 980 977 983 975 976 981 983 982 981 965 951 980 988 988 986 983 982 976 976 962 977 982 983
640 495 549 776 903 887 877 933 949 934 942 889 895 901 930 943 949 961 957 958 960 951 954 962 954 960 963 964 960 964 964 961 954 961 965 966 970 956 940 934 923 909 926 963 957 975 962 970 959 974 967 970 968 968 977 978 971 980 980 979 975 981 980 981 980 982 970 970 974 974 975 974 980 980 985 982 978 977 973 954 985 988 987 986 984 985 983 987 988 953 989 989
753 652 615 524 506 617 770 903 962 899 910 920 904 918 906 963 938 960 961 956 951 957 961 967 964 965 963 968 968 947 946 964 967 968 957 961 970 962 944 952 967 946 926 955 967 972 963 971 968 963 968 959 969 977 977 978 970 966 969 979 979 978 981 981 981 982 968 977 983 978 984 960 985 976 986 981 983 981 979 973 986 988 986 984 982 981 975 977 962 982 981 964
894 932 906 759 696 693 587 668 910 795 873 922 892 956 936 959 934 946 957 956 949 966 962 967 962 958 958 963 963 946 953 969 970 969 958 964 965 958 959 954 965 952 942 960 973 962 958 966 967 966 971 976 976 976 965 964 974 979 973 980 980 972 972 973 981 973 961 973 979 971 984 961 981 966 980 982 987 987 981 985 986 987 978 982 988 977 973 977 971 982 990 967
949 962 962 866 772 747 671 553 508 586 774 876 966 964 951 958 915 936 960 956 961 966 962 962 958 958 951 960 959 960 969 967 964 965 965 962 960 955 966 943 956 961 961 956 945 971 969 971 967 975 968 967 963 960 949 961 970 970 978 971 975 972 976 980 981 981 966 966 971 965 975 967 973 980 985 985 986 982 978 981 986 978 979 977 988 976 973 976 979 985 990 974
903 905 838 746 807 865 777 680 607 483 521 761 966 856 964 947 887 922 959 956 952 957 952 957 962 962 954 957 963 963 965 961 960 969 965 965 954 962 958 941 951 949 974 970 940 967 974 959 966 975 975 971 969 966 965 969 974 965 973 963 979 972 964 972 982 969 905 982 972 984 975 968 985 980 971 980 980 979 983 982 985 971 971 978 988 980 975 977 977 988 986 976
863 924 914 893 923 909 833 774 580 512 490 635 942 803 942 903 890 966 966 941 931 952 962 958 958 956 955 955 957 957 965 966 969 965 965 962 958 964 950 954 956 955 958 966 961 971 966 962 963 975 976 971 969 966 964 964 966 973 970 970 970 965 946 976 969 961 912 960 970 971 976 981 984 981 980 984 986 982 977 986 982 975 973 977 987 957 975 979 989 975 984 978
924 962 963 951 924 881 871 873 719 599 619 759 839 768 677 962 835 880 878 900 927 953 950 943 943 957 962 961 963 961 966 969 969 966 961 961 971 958 959 965 960 964 929 960 972 967 961 969 970 967 971 972 971 972 967 961 970 978 969 964 971 963 980 979 981 948 964 942 985 983 978 984 985 976 973 978 973 980 977 985 977 977 977 981 981 951 983 988 989 974 990 979
943 934 899 901 893 918 876 879 903 838 766 854 871 918 875 655 640 847 903 946 954 953 963 945 928 952 964 960 959 961 960 969 957 953 957 961 971 923 972 970 956 959 947 959 969 964 965 970 970 966 967 971 972 971 964 961 978 979 965 963 940 944 981 961 981 966 974 952 969 969 978 983 984 972 970 977 974 977 986 985 973 978 979 975 975 952 977 976 988 978 982 977
961 962 939 947 947 919 899 921 936 934 872 794 874 950 902 794 540 699 834 921 967 967 967 944 943 954 955 965 962 957 961 969 962 965 961 970 971 928 972 973 960 974 929 941 965 962 963 966 968 964 967 971 973 968 953 954 980 976 947 952 951 962 982 974 973 977 982 965 983 984 979 983 980 977 981 975 969 980 981 978 985 987 978 974 980 976 977 974 978 976 963 966
961 961 956 963 964 885 929 897 896 926 927 817 847 941 916 909 641 590 628 854 934 954 922 893 934 949 958 969 968 964 959 964 961 951 962 970 971 936 950 972 960 969 880 881 950 966 959 959 966 962 968 975 968 960 954 969 975 962 946 961 955 967 964 960 948 974 983 973 984 979 965 972 979 979 977 977 985 981 986 978 980 987 983 983 980 983 989 989 981 965 966 978
915 872 846 927 915 843 898 847 915 916 945 857 865 933 931 912 845 548 586 855 946 957 913 880 932 954 950 958 957 953 965 961 965 927 953 971 970 949 968 972 878 828 697 820 957 957 957 970 975 970 969 972 963 960 964 967 966 955 940 964 954 965 964 962 964 974 974 979 983 969 965 970 974 974 976 973 973 981 986 970 970 986 978 982 979 984 983 984 981 981 983 989
934 927 920 920 906 844 834 876 960 932 933 851 900 938 965 923 920 648 705 918 957 957 909 866 942 960 947 953 959 945 957 961 960 961 961 962 958 958 958 959 951 899 839 828 919 957 953 951 954 959 966 963 971 965 960 953 973 965 945 963 966 977 981 967 967 963 968 984 979 962 966 972 974 978 972 985 973 986 983 972 970 977 979 981 982 983 988 984 978 976 977 984
