prediction/untitled folder/solar_ghi_19900101_03UT.txt
NCOLS 839
NROWS 679
XLLCORNER 112.025005
YLLCORNER -43.9750009
CELLSIZE 0.0499954
NODATA_VALUE -999
[rows 234 to 272 of 679, columns 261 to 347 of 839]
1093 1091 1081 1070 1081 1086 1083 1080 1090 1088 1069 1083 1094 1086 1095 1095 1092 1077 1083 1064 1084 1074 1076 1080 1095 1078 1084 1081 1093 1088 1094 1095 1085 1084 1097 1096 1096 1097 1092 1093 1096 1096 1090 1090 1087 1088 1096 1095 1095 1095 1095 1095 1095 1095 1096 1093 1096 1096 1096 1096 1096 1096 1095 1095 1094 1095 1095 1081 1094 1094 1094 1093 1093 1093 1093 1093 1094 1064 1093 1092 1093 1093 1093 1093 1093 1093 1092
1081 1075 1074 1067 1081 1088 1083 1072 1087 1077 1082 1083 1095 1081 1095 1076 1096 1095 1087 1081 1076 1079 1076 1069 1087 1074 1075 1076 1092 1097 1097 1097 1088 1097 1098 1097 1097 1097 1097 1097 1098 1097 1097 1097 1097 1097 1096 1096 1096 1096 1096 1096 1096 1095 1096 1097 1096 1097 1097 1096 1096 1096 1096 1096 1096 1095 1095 1095 1095 1087 1095 1095 1094 1094 1094 1094 1095 1069 1072 1094 1093 1093 1093 1093 1093 1092 1092
1079 1070 1056 1062 1074 1085 1082 1076 1080 1077 1083 1079 1085 1074 1095 1096 1096 1096 1096 1088 1082 1082 1095 1096 1084 1069 1088 1082 1079 1097 1098 1098 1086 1084 1098 1098 1098 1098 1098 1098 1093 1098 1098 1097 1097 1097 1097 1097 1097 1097 1097 1096 1096 1096 1097 1098 1097 1097 1098 1098 1098 1097 1097 1097 1096 1096 1096 1096 1096 1096 1096 1096 1096 1095 1095 1095 1097 1037 1016 1041 1036 1094 1094 1094 1093 1093 1093
1074 1080 1080 1085 1092 1085 1078 1086 1086 1083 1083 1085 1074 1077 1077 1083 1086 1078 1097 1078 1083 1095 1080 1088 1084 1073 1098 1098 1093 1099 1099 1092 1088 1088 1099 1099 1090 1086 1091 1099 1100 1100 1098 1098 1098 1098 1086 1095 1098 1098 1097 1097 1097 1097 1098 1098 1097 1097 1097 1097 1097 1097 1097 1097 1097 1097 1097 1097 1096 1096 1097 1096 1096 1096 1096 1097 1075 1096 1062 1059 1049 1078 1092 1094 1094 1078 1094
1091 1090 1080 1097 1098 1098 1098 1094 1091 1089 1094 1097 1084 1090 1079 1071 1077 1083 1076 1074 1088 1093 1094 1085 1083 1098 1098 1098 1093 1081 1100 1100 1088 1100 1100 1101 1087 1094 1101 1101 1101 1100 1084 1089 1099 1099 1099 1098 1099 1098 1098 1098 1098 1098 1099 1100 1099 1098 1098 1098 1098 1097 1097 1097 1098 1097 1097 1096 1096 1096 1096 1096 1096 1097 1077 1079 1044 1048 1020 1073 1096 1095 1095 1095 1095 1083 1094
1098 1084 1087 1078 1083 1093 1098 1090 1096 1091 1089 1084 1084 1083 1100 1100 1100 1093 1092 1100 1100 1087 1074 1071 1085 1076 1094 1094 1083 1085 1100 1081 1098 1099 1099 1101 1100 1098 1102 1101 1101 1102 1090 1085 1093 1096 1088 1098 1100 1099 1099 1099 1099 1100 1100 1100 1099 1099 1099 1099 1099 1098 1098 1097 1098 1097 1097 1097 1097 1097 1097 1097 1097 1079 1072 1080 1061 1062 1077 1078 1095 1096 1096 1095 1095 1095 1095
1079 1083 1086 1085 1083 1076 1085 1084 1086 1085 1088 1084 1077 1080 1082 1082 1084 1095 1100 1094 1093 1100 1099 1098 1100 1099 1099 1089 1094 1095 1100 1091 1100 1084 1088 1101 1098 1102 1102 1102 1102 1102 1099 1102 1102 1085 1101 1101 1096 1100 1100 1100 1100 1101 1101 1100 1100 1100 1100 1099 1099 1099 1098 1098 1098 1098 1098 1098 1098 1098 1098 1098 1078 1069 1077 1100 1101 1101 1092 1097 1096 1095 1096 1095 1095 1096 1095
1067 1090 1098 1090 1086 1074 1083 1086 1084 1095 1099 1094 1083 1084 1079 1082 1075 1081 1089 1087 1098 1088 1094 1100 1086 1087 1080 1079 1096 1081 1096 1091 1101 1083 1102 1102 1100 1097 1102 1103 1103 1087 1103 1103 1096 1084 1102 1102 1094 1102 1102 1101 1102 1102 1102 1102 1102 1100 1100 1101 1100 1100 1100 1099 1099 1099 1099 1099 1099 1099 1078 1052 1056 1062 1004 983 1023 1011 1042 1097 1097 1097 1097 1096 1096 1096 1096
1087 1096 1071 1091 1095 1083 1083 1098 1085 1092 1100 1100 1080 1093 1093 1098 1093 1101 1098 1087 1090 1092 1090 1094 1086 1089 1087 1086 1093 1085 1083 1094 1083 1079 1098 1093 1103 1102 1103 1094 1104 1089 1102 1100 1104 1104 1103 1101 1104 1104 1080 1079 1102 1102 1103 1103 1102 1101 1101 1101 1101 1101 1101 1101 1098 1099 1068 1051 1058 1055 1030 1050 1060 1076 1028 1034 1045 1010 1035 1059 1098 1097 1097 1097 1097 1097 1096
1086 1082 1075 1080 1079 1082 1082 1074 1081 1082 1087 1101 1083 1102 1101 1093 1089 1089 1102 1097 1089 1089 1102 1103 1087 1076 1081 1095 1097 1095 1104 1104 1090 1090 1097 1105 1104 1103 1095 1092 1104 1105 1105 1105 1093 1096 1105 1096 1091 1105 1097 1105 1104 1104 1098 1104 1100 1102 1102 1103 1102 1102 1102 1102 1101 1100 1052 1035 1009 1010 998 1053 1016 1022 1042 1050 1049 1047 1046 1052 1038 1054 1098 1097 1097 1097 1097
1081 1079 1077 1075 1094 1091 1086 1086 1083 1089 1090 1090 1096 1087 1081 1076 1095 1104 1103 1096 1103 1103 1103 1103 1098 1103 1085 1088 1092 1096 1104 1095 1094 1093 1098 1105 1102 1099 1104 1104 1100 1105 1106 1103 1106 1091 1107 1086 1105 1098 1106 1105 1105 1105 1104 1104 1104 1104 1103 1103 1103 1103 1103 1104 1099 1104 1069 1058 1042 1034 1035 1072 1045 1060 1042 1008 974 1008 1046 1101 1090 1099 1099 1097 1097 1097 1097
1101 1094 1084 1080 1095 1086 1091 1085 1101 1104 1091 1089 1090 1078 1096 1092 1102 1105 1104 1091 1098 1098 1097 1089 1101 1097 1094 1093 1092 1093 1105 1102 1089 1091 1098 1105 1097 1100 1095 1096 1096 1106 1106 1107 1107 1103 1106 1105 1096 1107 1106 1096 1106 1106 1105 1104 1105 1103 1104 1105 1099 1104 1105 1075 1081 1094 1102 1063 1081 1081 1083 1065 1069 1068 1062 1056 1011 1012 1054 1077 1100 1099 1098 1097 1097 1097 1097
1092 1080 1094 1103 1086 1087 1104 1102 1100 1104 1093 1104 1084 1085 1097 1104 1105 1096 1102 1093 1079 1085 1088 1092 1093 1103 1099 1089 1098 1085 1106 1105 1098 1094 1105 1106 1095 1096 1097 1107 1107 1107 1108 1108 1105 1103 1099 1101 1099 1107 1106 1104 1102 1107 1106 1105 1105 1105 1105 1106 1106 1105 1106 1105 1077 1082 1104 1089 1075 1083 1102 1036 1104 1057 1044 1030 1042 1008 1054 1080 1100 1099 1098 1098 1093 1096 1097
1104 1100 1091 1086 1096 1097 1096 1097 1101 1102 1092 1086 1077 1078 1089 1085 1100 1099 1083 1099 1083 1093 1103 1090 1106 1099 1092 1107 1104 1099 1107 1105 1093 1087 1095 1093 1094 1098 1097 1106 1109 1109 1109 1104 1088 1103 1108 1098 1109 1109 1107 1107 1097 1107 1107 1106 1106 1106 1105 1105 1105 1105 1105 1106 1105 1105 1105 1102 1094 1101 1101 1035 1050 1048 1030 1064 1052 1104 1095 1099 1100 1100 1099 1099 1098 1098 1098
1097 1092 1097 1099 1094 1098 1098 1097 1102 1102 1104 1099 1087 1092 1084 1086 1099 1099 1090 1098 1097 1095 1104 1092 1101 1108 1107 1099 1100 1107 1092 1108 1107 1101 1101 1090 1091 1108 1093 1106 1108 1100 1101 1107 1108 1108 1105 1098 1104 1107 1106 1107 1108 1108 1108 1107 1107 1107 1106 1106 1106 1105 1106 1106 1106 1096 1107 1096 1087 1105 1105 1064 1067 1052 1006 1097 1101 1102 1102 1089 1083 1100 1100 1099 1099 1099 1099
1106 1106 1100 1107 1104 1101 1084 1079 1105 1100 1095 1095 1096 1096 1085 1085 1086 1098 1104 1108 1095 1107 1108 1088 1100 1106 1087 1106 1094 1106 1089 1100 1101 1079 1105 1103 1098 1092 1105 1108 1103 1090 1090 1096 1095 1103 1108 1108 1108 1108 1108 1107 1107 1107 1107 1106 1108 1107 1108 1108 1107 1107 1107 1107 1107 1106 1106 1106 1106 1091 1101 1087 1102 1070 1062 1104 1100 1089 1071 1102 1101 1101 1100 1100 1100 1099 1089
1100 1100 1101 1091 1107 1101 1101 1087 1106 1099 1091 1101 1105 1090 1100 1092 1086 1095 1095 1103 1100 1107 1094 1105 1103 1106 1077 1106 1091 1086 1094 1094 1099 1081 1107 1103 1104 1108 1108 1107 1094 1084 1101 1092 1096 1108 1104 1106 1090 1097 1108 1107 1108 1107 1107 1106 1108 1108 1108 1108 1108 1107 1107 1107 1107 1106 1105 1105 1105 1104 1105 1105 1105 1105 1084 1104 1103 1099 1102 1090 1061 1101 1100 1100 1100 1099 1100
1102 1106 1084 1107 1084 1085 1088 1107 1098 1101 1107 1108 1108 1092 1101 1104 1104 1104 1100 1107 1107 1107 1100 1099 1089 1098 1080 1088 1091 1107 1100 1078 1102 1079 1106 1102 1097 1105 1108 1108 1091 1100 1108 1090 1099 1108 1108 1108 1108 1103 1108 1107 1107 1107 1107 1106 1108 1108 1108 1108 1107 1108 1107 1106 1107 1106 1105 1105 1105 1104 1104 1104 1104 1104 1103 1104 1103 1100 1102 1102 1101 1100 1100 1100 1100 1099 1100
1098 1093 1097 1097 1088 1091 1092 1083 1108 1108 1107 1104 1095 1096 1100 1104 1096 1100 1103 1107 1107 1100 1085 1094 1090 1091 1083 1099 1098 1106 1107 1104 1087 1107 1108 1106 1102 1107 1101 1078 1095 1108 1108 1103 1108 1108 1107 1108 1107 1101 1107 1106 1107 1107 1107 1106 1106 1108 1108 1108 1107 1107 1107 1107 1106 1106 1106 1105 1105 1105 1105 1105 1100 1104 1104 1104 1103 1103 1101 1101 1101 1086 1100 1100 1100 1099 1099
1107 1108 1101 1097 1084 1106 1108 1105 1083 1085 1080 1098 1096 1090 1104 1087 1096 1095 1095 1093 1085 1078 1077 1086 1095 1099 1100 1099 1102 1099 1107 1106 1099 1108 1106 1100 1100 1100 1103 1079 1097 1108 1108 1107 1102 1103 1096 1108 1108 1108 1107 1107 1107 1107 1107 1106 1106 1108 1108 1108 1106 1108 1107 1106 1106 1106 1106 1106 1105 1105 1105 1105 1100 1089 1104 1104 1103 1103 1102 1101 1101 1101 1086 1088 1100 1100 1086
1108 1108 1108 1108 1107 1108 1104 1102 1096 1088 1090 1107 1107 1099 1100 1099 1105 1105 1096 1099 1094 1083 1092 1093 1091 1105 1107 1096 1091 1108 1108 1108 1108 1103 1092 1078 1084 1102 1102 1101 1105 1084 1108 1108 1103 1094 1086 1108 1108 1106 1108 1107 1107 1104 1103 1106 1106 1108 1108 1108 1108 1108 1107 1071 1064 1088 1106 1105 1105 1104 1105 1105 1104 1104 1104 1103 1103 1103 1099 1101 1101 1101 1101 1092 1083 1100 1099
1107 1107 1107 1092 1086 1108 1102 1096 1105 1107 1107 1107 1107 1101 1095 1105 1101 1102 1094 1095 1105 1093 1099 1093 1104 1105 1091 1079 1096 1107 1108 1093 1084 1108 1108 1108 1108 1108 1108 1108 1105 1095 1106 1100 1109 1084 1103 1108 1093 1108 1108 1107 1107 1107 1107 1106 1106 1107 1107 1108 1107 1108 1107 1107 1086 1073 1058 1077 1081 1100 1105 1105 1104 1104 1103 1103 1103 1102 1100 1101 1094 1089 1093 1088 1088 1086 1099
1106 1108 1097 1097 1096 1107 1107 1107 1100 1087 1095 1100 1101 1101 1107 1098 1094 1097 1102 1075 1094 1095 1086 1106 1106 1104 1092 1093 1083 1107 1108 1092 1096 1097 1100 1108 1095 1106 1109 1104 1098 1090 1100 1096 1109 1102 1108 1108 1079 1108 1108 1108 1108 1107 1107 1106 1106 1108 1108 1108 1107 1102 1095 1107 1106 1076 1045 1073 1105 1104 1104 1101 1103 1103 1103 1103 1103 1102 1102 1101 1101 1101 1097 1101 1101 1100 1096
1107 1098 1106 1089 1089 1107 1108 1105 1091 1094 1100 1102 1101 1105 1105 1091 1094 1099 1104 1076 1082 1105 1093 1101 1100 1092 1088 1106 1108 1109 1103 1098 1101 1102 1096 1096 1106 1109 1103 1106 1103 1107 1107 1095 1092 1109 1108 1108 1101 1108 1108 1108 1108 1107 1107 1107 1107 1109 1108 1108 1108 1105 1107 1107 1101 1076 1027 1050 1077 1095 1086 1093 1097 1102 1104 1103 1102 1102 1102 1102 1101 1101 1101 1101 1101 1092 1080
1107 1097 1103 1097 1098 1104 1107 1097 1100 1107 1094 1090 1089 1100 1094 1093 1102 1103 1094 1081 1090 1106 1106 1105 1098 1093 1084 1098 1104 1103 1108 1107 1103 1109 1105 1094 1109 1103 1100 1108 1105 1100 1102 1105 1107 1102 1101 1098 1109 1108 1108 1108 1108 1107 1107 1107 1107 1110 1094 1109 1108 1106 1105 1107 1107 1106 1036 1013 1050 1104 1104 1083 1089 1096 1102 1102 1103 1098 1102 1101 1101 1101 1100 1096 1097 1087 1087
1104 1098 1107 1097 1097 1106 1107 1107 1090 1095 1095 1097 1086 1083 1093 1099 1102 1102 1105 1083 1106 1091 1106 1105 1100 1108 1108 1100 1099 1095 1108 1093 1089 1084 1109 1109 1102 1109 1097 1088 1107 1109 1099 1100 1109 1096 1083 1094 1101 1108 1108 1108 1105 1107 1108 1107 1108 1110 1100 1109 1102 1108 1108 1107 1091 1106 1105 1065 1058 1062 1104 1104 1101 1103 1103 1102 1102 1095 1102 1102 1101 1096 1090 1094 1099 1095 1093
1098 1098 1107 1107 1104 1101 1105 1096 1104 1105 1095 1104 1104 1097 1100 1101 1098 1105 1105 1099 1106 1086 1106 1099 1104 1099 1100 1108 1108 1100 1079 1099 1091 1092 1109 1109 1089 1082 1100 1109 1089 1093 1108 1108 1103 1105 1096 1106 1104 1108 1106 1108 1108 1107 1107 1107 1108 1108 1109 1106 1097 1108 1095 1107 1107 1104 1093 1104 1091 1104 1103 1103 1089 1103 1102 1102 1102 1102 1102 1102 1102 1093 1101 1101 1101 1100 1100
1105 1097 1101 1096 1098 1097 1097 1102 1101 1098 1100 1097 1105 1102 1096 1098 1101 1103 1105 1097 1090 1088 1102 1097 1105 1095 1090 1094 1093 1095 1110 1089 1109 1100 1099 1104 1102 1109 1090 1095 1103 1097 1094 1098 1108 1109 1109 1108 1108 1108 1108 1108 1107 1107 1107 1107 1108 1105 1109 1108 1108 1108 1088 1107 1106 1106 1105 1104 1104 1103 1103 1098 1103 1103 1094 1091 1102 1101 1095 1101 1101 1101 1100 1100 1099 1099 1099
1105 1105 1100 1104 1106 1089 1105 1096 1087 1089 1105 1099 1093 1105 1105 1105 1095 1088 1098 1106 1105 1092 1098 1108 1109 1097 1105 1094 1089 1092 1108 1082 1109 1102 1104 1104 1101 1089 1100 1109 1109 1100 1095 1104 1100 1108 1106 1108 1097 1108 1105 1108 1108 1103 1100 1107 1107 1109 1109 1108 1108 1108 1107 1107 1106 1081 1089 1091 1104 1104 1104 1088 1103 1103 1085 1078 1097 1101 1101 1101 1101 1086 1092 1100 1081 1095 1099
1105 1105 1105 1098 1106 1099 1105 1098 1093 1093 1089 1102 1094 1098 1102 1094 1105 1099 1092 1103 1106 1107 1099 1098 1106 1109 1108 1102 1109 1098 1088 1103 1094 1087 1109 1106 1105 1102 1105 1101 1098 1108 1108 1107 1107 1104 1109 1108 1092 1103 1097 1103 1105 1108 1107 1106 1102 1108 1109 1107 1105 1108 1107 1107 1106 1098 1099 1104 1104 1097 1102 1092 1101 1092 1084 1051 1057 984 1083 1097 1091 1095 1091 1085 1078 1081 1090
1105 1105 1105 1106 1105 1098 1099 1105 1091 1095 1094 1089 1106 1090 1105 1105 1105 1096 1105 1106 1106 1106 1105 1097 1102 1107 1103 1109 1109 1108 1103 1107 1086 1097 1107 1106 1106 1104 1101 1095 1098 1076 1108 1107 1089 1109 1109 1109 1108 1108 1108 1092 1108 1108 1107 1106 1106 1108 1108 1108 1108 1108 1102 1089 1100 1100 1105 1104 1099 1093 1098 1064 1063 1068 1048 986 1004 734 1076 1100 1090 1096 1092 1096 1100 1088 1098
1106 1105 1105 1106 1106 1099 1106 1105 1105 1099 1094 1106 1106 1106 1106 1094 1105 1105 1105 1093 1095 1107 1106 1102 1109 1110 1104 1099 1101 1108 1108 1109 1109 1109 1109 1109 1108 1085 1104 1103 1078 1108 1102 1109 1107 1103 1103 1108 1109 1102 1088 1091 1101 1107 1107 1106 1106 1108 1108 1108 1104 1107 1107 1107 1106 1105 1105 1100 1104 1099 1084 1103 1104 1068 1072 1029 995 892 1080 1101 1101 1076 1099 1099 1088 1094 1082
1106 1106 1106 1106 1106 1104 1106 1106 1106 1104 1106 1106 1106 1099 1105 1099 1105 1106 1106 1099 1104 1107 1108 1109 1106 1106 1109 1109 1109 1109 1109 1108 1109 1109 1109 1109 1090 1109 1109 1109 1109 1109 1109 1109 1109 1109 1101 1102 1096 1102 1108 1108 1107 1107 1107 1106 1106 1108 1096 1095 1102 1101 1106 1107 1106 1105 1101 1100 1104 1104 1103 1102 1102 1100 1072 953 774 1003 1091 1099 1092 1082 1086 1089 1097 1085 1100
1105 1095 1103 1103 1106 1106 1106 1106 1106 1106 1106 1106 1105 1106 1106 1106 1106 1100 1106 1106 1106 1103 1108 1109 1102 1100 1108 1108 1109 1109 1106 1106 1109 1109 1108 1102 1102 1109 1096 1097 1086 1090 1108 1108 1108 1105 1084 1108 1089 1108 1108 1108 1107 1107 1090 1099 1105 1099 1090 1103 1092 1092 1107 1107 1106 1105 1105 1094 1098 1099 1103 1102 1102 1090 1102 1102 1098 1080 1064 1102 1088 1076 1087 1084 1100 1093 1099
1097 1106 1106 1106 1106 1106 1106 1099 1100 1106 1106 1106 1106 1106 1106 1106 1083 1101 1106 1103 1104 1107 1108 1108 1108 1108 1108 1108 1109 1109 1099 1106 1108 1106 1108 1109 1110 1109 1105 1100 1106 1095 1108 1108 1108 1108 1109 1109 1109 1109 1093 1107 1106 1086 1088 1093 1096 1099 1108 1097 1087 1103 1102 1101 1105 1102 1093 1098 1097 1097 1090 1093 1097 1102 1102 1102 1098 1090 1084 1102 1092 1093 1092 1092 1096 1094 1099
1106 1106 1106 1106 1107 1107 1107 1107 1107 1102 1107 1105 1106 1106 1106 1106 1106 1098 1093 1107 1106 1100 1108 1108 1108 1109 1108 1108 1109 1108 1106 1108 1109 1108 1108 1109 1109 1109 1109 1109 1109 1109 1105 1108 1108 1108 1108 1109 1109 1108 1108 1107 1106 1091 1107 1088 1102 1108 1108 1108 1085 1096 1103 1104 1103 1087 1104 1104 1104 1094 1091 1093 1081 1075 1079 1084 1088 1082 1093 1092 1102 1096 1079 1080 1093 1094 1097
1106 1103 1107 1099 1105 1105 1107 1106 1107 1100 1103 1099 1106 1106 1106 1106 1106 1104 1090 1104 1108 1108 1108 1108 1108 1108 1108 1109 1108 1108 1109 1109 1109 1108 1109 1109 1109 1109 1109 1109 1109 1109 1109 1108 1108 1108 1108 1109 1109 1108 1108 1108 1107 1107 1107 1107 1100 1108 1108 1106 1089 1101 1091 1100 1097 1097 1101 1097 1103 1100 1079 1078 1074 1081 1096 1087 1093 1101 1101 1097 1101 1101 1093 1083 1091 1092 1084
1107 1107 1107 1107 1107 1107 1107 1107 1107 1106 1108 1097 1107 1107 1107 1106 1106 1107 1107 1102 1108 1108 1108 1108 1108 1108 1108 1100 1108 1108 1109 1109 1109 1109 1109 1109 1108 1109 1109 1109 1109 1109 1108 1108 1108 1107 1108 1108 1108 1108 1108 1108 1107 1107 1107 1107 1106 1094 1098 1093 1107 1106 1098 1100 1099 1105 1091 1097 1104 1098 1088 1104 1104 1103 1101 1090 1094 1095 1094 1079 1083 1101 1101 1101 1091 1082 1078
1106 1107 1107 1103 1105 1107 1107 1107 1106 1106 1108 1102 1106 1107 1106 1106 1106 1107 1101 1098 1107 1107 1108 1104 1105 1108 1108 1109 1109 1108 1109 1109 1101 1109 1109 1110 1109 1109 1109 1109 1109 1109 1109 1108 1107 1107 1107 1108 1108 1107 1108 1108 1107 1107 1107 1106 1106 1108 1103 1107 1106 1101 1100 1099 1081 1098 1101 1097 1085 1096 1096 1094 1095 1094 1092 1092 1094 1089 1094 1079 1097 1101 1097 1095 1098 1086 1090
