prediction/untitled folder/solar_ghi_19900101_05UT.txt
NCOLS 839
NROWS 679
XLLCORNER 112.025005
YLLCORNER -43.9750009
CELLSIZE 0.0499954
NODATA_VALUE -999
[rows 336 to 377 of 679, columns 186 to 278 of 839]
963 965 973 972 966 972 972 964 970 971 971 971 971 971 971 971 968 969 968 969 967 970 970 971 967 954 954 960 957 968 967 966 967 951 949 957 966 960 960 949 941 940 938 946 962 961 955 950 958 958 951 953 956 956 951 954 953 950 956 956 953 944 948 939 953 953 953 950 943 944 947 950 950 950 950 948 947 947 946 946 943 934 945 946 933 940 940 941 940 940 930 939 937
969 972 970 968 964 972 971 968 970 965 971 970 968 969 967 970 970 969 968 967 960 970 970 971 970 970 956 952 960 968 964 967 949 948 949 966 966 965 960 938 934 921 929 943 962 961 949 950 957 953 954 956 958 958 958 945 939 941 950 953 953 945 947 951 953 952 952 952 951 939 942 950 949 949 950 949 947 929 932 939 940 938 936 945 944 935 931 941 940 940 937 931 938
971 972 972 972 972 972 968 964 971 969 971 970 970 970 970 970 970 964 959 969 964 962 969 969 969 969 969 963 959 964 960 952 939 916 934 951 963 959 953 959 929 902 945 957 961 952 940 949 947 953 947 948 958 958 958 955 936 937 951 956 949 950 944 937 935 952 946 952 940 934 936 949 947 949 949 949 949 929 920 931 934 944 929 944 943 924 928 936 939 939 937 939 937
972 971 972 972 972 971 971 961 970 971 970 970 970 970 969 963 960 968 966 959 966 966 967 969 959 969 969 961 954 961 961 968 965 942 927 958 962 953 937 941 920 897 945 962 962 922 938 940 953 944 934 947 958 954 943 956 944 930 955 950 948 955 948 946 952 952 941 950 951 934 950 950 950 945 942 949 948 941 923 920 927 944 930 934 933 917 926 935 926 932 936 931 932
971 971 967 962 972 972 971 971 969 968 969 967 970 963 963 970 970 970 964 962 969 969 969 967 965 966 969 960 964 969 968 967 958 950 936 954 965 964 957 930 890 892 936 961 959 923 938 934 953 932 940 951 950 941 940 949 938 930 956 944 933 950 943 945 942 948 951 951 940 936 947 950 950 942 949 947 948 939 930 920 927 934 926 937 941 931 935 941 920 925 937 938 938
971 971 971 966 972 971 970 971 971 956 965 970 970 970 970 970 969 961 965 968 968 968 969 965 968 965 969 969 968 968 967 967 959 933 896 939 962 964 955 938 875 856 921 957 942 917 940 939 932 928 948 957 942 941 946 941 933 940 956 922 935 943 951 938 946 945 949 945 948 948 949 938 943 949 948 942 933 943 942 927 926 928 926 941 936 942 941 930 910 934 938 938 927
971 971 971 971 971 970 966 971 964 950 964 970 970 970 969 969 962 959 968 956 968 968 963 968 969 964 969 969 959 966 951 967 960 922 917 948 956 957 953 944 895 880 848 912 918 908 927 937 919 934 956 958 951 942 949 938 934 950 956 927 939 952 945 929 950 933 949 948 940 935 939 946 945 947 942 943 940 941 939 938 925 927 931 925 928 937 939 922 915 933 938 938 931
958 970 971 968 965 971 971 962 963 963 965 962 967 970 969 969 969 968 951 968 968 958 955 964 969 961 952 956 965 965 952 966 962 957 955 963 961 964 964 956 914 900 854 882 871 860 866 886 910 942 959 952 939 934 942 925 933 955 956 932 939 952 938 928 941 936 951 948 928 928 934 941 949 949 940 927 939 944 942 932 911 910 918 919 920 935 930 921 923 921 938 932 935
933 970 970 970 970 970 965 970 971 971 970 961 958 969 969 969 968 968 947 946 968 754 946 969 969 969 969 960 968 967 966 966 943 963 958 962 964 964 963 951 930 918 910 910 876 790 799 824 869 933 948 942 946 956 937 887 934 958 936 925 942 942 938 930 944 939 951 936 931 920 919 949 949 949 935 932 931 936 935 945 929 909 914 905 917 927 923 917 929 932 936 936 937
922 970 970 970 970 932 970 970 971 970 970 964 969 969 967 969 969 969 957 958 958 928 968 969 969 969 968 968 967 967 966 964 964 965 954 964 963 957 957 956 951 938 933 920 865 789 787 874 943 958 953 938 942 956 918 861 946 945 902 925 946 940 936 933 944 943 951 932 943 895 893 949 949 949 940 940 934 928 927 924 938 905 914 909 909 916 915 922 937 936 932 933 937
943 968 937 965 970 966 970 970 970 970 970 959 969 955 956 968 969 969 944 941 962 967 967 966 969 969 968 968 967 967 966 963 958 965 965 965 959 955 957 963 963 948 934 925 904 888 772 880 952 950 941 950 956 942 927 918 929 929 900 925 938 938 937 933 936 947 951 943 939 902 886 948 948 946 946 945 940 936 922 925 920 878 903 920 920 903 906 930 939 928 924 935 937
970 970 954 953 970 958 969 969 931 970 970 966 961 946 941 968 968 968 930 941 957 962 967 968 969 961 968 962 959 967 962 965 965 965 964 965 964 948 954 962 959 947 942 924 910 930 800 853 941 933 942 955 957 938 920 924 920 911 894 928 931 937 945 936 935 950 950 945 935 920 913 948 944 941 947 940 938 925 919 921 920 883 920 917 920 899 906 929 939 924 926 938 937
969 955 959 960 955 966 962 946 947 892 949 970 968 960 968 966 958 967 967 962 954 957 961 966 967 964 965 967 967 963 965 964 963 963 965 964 963 957 946 960 961 955 931 865 877 921 835 825 914 915 954 957 956 921 887 849 826 879 900 906 900 931 951 939 936 950 946 938 926 920 931 948 942 939 943 943 930 914 909 912 902 870 911 928 921 902 885 918 918 911 925 937 937
939 959 967 966 961 959 960 970 956 969 970 966 953 963 958 951 963 967 962 961 965 953 955 960 961 968 967 967 966 967 960 965 960 961 954 956 959 962 947 960 942 942 915 833 880 887 829 831 881 919 950 956 955 923 886 738 769 893 883 834 868 911 946 936 936 950 947 935 922 915 930 948 947 943 940 942 920 906 887 892 870 848 885 916 923 902 897 939 924 915 931 937 937
769 971 970 967 924 940 964 969 969 969 960 969 969 954 958 962 966 967 967 957 965 966 966 966 966 967 964 963 967 966 965 964 964 964 964 963 957 956 940 956 960 961 945 922 959 921 879 888 914 935 950 955 955 941 874 676 792 909 895 861 872 903 945 927 950 950 947 931 901 899 930 947 947 944 946 930 920 873 835 850 815 805 863 916 920 879 896 938 924 908 937 937 930
639 968 970 969 932 953 855 887 969 969 965 969 956 961 960 968 958 961 961 950 965 961 966 966 966 964 959 958 966 959 964 963 963 964 963 956 960 962 959 954 951 948 953 951 952 958 948 957 957 950 953 949 940 943 881 816 897 935 891 823 854 926 949 937 950 950 947 946 930 917 918 929 931 945 946 924 915 850 775 802 720 764 837 910 899 852 896 932 913 908 931 937 925
967 955 959 970 959 960 778 890 963 866 761 968 962 678 966 967 955 958 967 961 961 964 956 966 966 966 963 959 959 962 962 962 963 962 962 959 958 961 958 954 960 959 945 952 944 952 941 957 950 949 953 949 933 921 925 945 953 952 849 802 861 921 940 950 950 949 946 937 923 880 909 922 926 931 939 924 918 880 774 734 590 704 808 881 850 823 895 933 926 931 937 932 927
970 966 966 970 970 970 958 939 953 802 760 878 936 864 950 762 946 961 967 967 960 962 957 965 965 962 965 964 963 956 961 962 962 961 962 962 959 961 961 920 921 955 951 958 958 957 951 953 956 955 949 948 930 894 899 943 953 933 722 728 865 912 944 950 949 938 931 933 922 909 928 926 907 911 927 940 937 905 799 650 510 548 715 821 776 801 899 929 930 938 937 926 925
969 960 959 966 969 969 969 958 939 962 852 913 968 965 942 877 967 949 960 967 965 965 965 965 965 959 964 961 964 957 961 962 961 962 962 962 961 959 961 931 949 958 957 957 957 957 946 956 956 954 950 952 911 800 788 914 929 849 588 608 837 920 951 949 931 934 934 930 920 918 925 928 876 896 911 920 926 931 887 685 500 458 505 711 737 827 902 905 919 937 937 932 936
907 963 969 959 958 962 969 958 950 934 967 967 967 962 967 951 950 767 953 966 961 965 965 965 965 964 964 964 964 949 951 962 961 962 960 961 958 960 954 960 958 958 956 957 957 956 953 953 950 949 951 950 947 795 809 903 914 837 606 577 784 925 950 942 925 929 931 923 909 899 895 889 868 869 894 922 943 937 894 666 497 478 456 620 729 839 904 881 907 934 934 929 929
935 726 940 962 928 931 963 969 954 938 943 967 967 961 952 950 926 865 966 965 945 964 964 962 964 964 964 964 959 963 963 962 962 960 953 951 957 960 960 959 958 958 958 957 956 953 948 945 955 951 952 947 943 902 749 795 903 859 666 654 793 949 949 947 938 938 945 926 901 855 816 821 871 808 854 910 943 943 924 874 818 654 509 506 680 835 919 903 918 919 920 925 928
947 910 968 965 958 940 951 962 962 961 964 931 964 942 949 956 948 946 965 965 948 958 954 964 962 964 963 963 957 952 962 950 957 961 961 959 960 960 956 948 944 956 957 956 952 947 952 942 948 954 954 949 953 950 919 932 951 945 780 656 902 947 932 948 946 947 945 926 898 836 766 777 823 722 777 881 933 939 936 924 913 895 860 796 810 881 912 905 908 919 915 914 921
961 962 968 968 969 954 965 968 967 967 968 965 946 839 937 965 917 933 957 956 958 954 954 954 956 963 963 962 962 962 962 955 960 960 961 960 958 956 955 952 958 948 943 956 946 954 953 948 941 954 954 953 952 952 938 951 951 944 929 929 943 947 948 948 941 945 935 944 921 864 831 841 818 691 682 813 909 924 920 915 906 926 922 908 909 893 907 897 906 926 908 869 889
944 951 950 908 961 968 924 962 967 967 967 966 964 966 964 965 955 963 954 954 960 954 961 942 950 948 963 962 962 961 961 961 946 961 947 943 937 959 959 958 958 954 950 956 950 956 955 954 953 953 953 947 950 950 941 951 940 940 936 929 932 942 948 948 942 929 938 944 945 921 924 927 885 797 759 822 868 921 898 834 852 918 937 937 912 904 920 921 926 923 882 826 837
937 955 937 923 957 966 948 967 966 965 945 937 958 948 931 950 964 960 964 964 954 953 959 943 951 963 963 962 961 961 959 949 953 961 958 956 956 958 958 958 958 957 956 947 955 955 953 954 954 953 953 946 946 951 951 949 945 942 936 925 923 934 948 948 948 923 946 928 945 935 939 942 933 914 913 893 880 908 879 782 745 807 913 938 910 899 907 914 929 929 857 663 728
953 959 958 968 959 967 964 966 961 965 962 960 965 952 941 943 950 964 964 964 963 963 961 952 956 963 958 948 946 955 948 954 961 960 960 951 948 957 957 957 957 949 950 955 955 955 953 954 953 953 709 855 941 945 948 950 948 948 928 911 879 899 948 948 948 926 929 943 934 933 944 944 937 931 938 925 916 902 872 834 746 641 755 904 893 858 860 911 936 935 850 629 555
917 951 960 967 966 964 959 966 961 966 962 965 964 961 949 961 964 958 964 962 963 961 963 960 952 962 962 956 936 955 953 960 960 959 959 960 956 952 940 951 957 956 955 952 947 946 955 954 951 944 377 828 938 940 942 949 944 938 912 866 804 773 948 948 947 946 946 943 933 945 944 943 933 936 942 941 939 914 899 894 820 669 622 680 800 733 785 890 933 935 906 749 595
907 966 967 966 966 966 966 964 956 965 959 964 964 960 962 964 964 950 964 946 882 961 962 956 949 960 961 961 961 960 949 960 959 957 957 959 959 958 942 955 956 955 955 955 953 955 955 954 947 953 952 950 951 951 948 948 948 937 926 858 722 794 945 945 947 944 939 941 943 938 935 944 943 930 935 941 940 934 920 894 853 820 656 508 610 624 681 777 900 921 888 825 785
967 967 967 966 954 966 966 952 962 964 958 964 964 964 963 964 954 957 963 953 955 962 962 772 942 961 961 961 961 958 937 952 959 957 957 958 958 957 957 956 949 955 946 955 955 954 955 954 954 953 943 945 951 948 950 947 949 949 942 891 827 908 911 940 946 937 938 942 938 926 921 933 929 925 939 934 937 937 927 911 905 899 799 576 514 555 555 570 821 868 845 858 899
967 967 957 957 960 950 965 949 965 965 962 964 964 962 963 963 964 961 961 960 962 962 959 944 960 960 960 960 960 959 949 951 952 958 958 958 957 957 957 946 940 938 955 955 955 955 953 951 953 945 944 951 944 950 939 938 927 942 948 945 933 926 917 935 936 943 940 945 934 928 932 929 921 924 941 941 940 933 913 910 900 913 903 780 555 489 471 489 741 804 804 874 923
967 967 961 960 964 956 880 946 965 944 959 964 964 963 963 963 962 962 962 962 962 961 961 961 960 960 959 959 959 959 958 958 958 958 955 956 957 956 956 950 943 949 955 955 955 955 950 954 953 952 951 951 939 950 950 939 942 949 939 938 944 943 934 939 939 940 943 945 926 932 939 929 905 890 919 940 940 933 909 939 927 921 908 850 698 505 448 522 737 801 837 907 922
954 924 910 950 965 952 925 916 886 636 887 953 963 963 963 961 962 959 962 961 961 955 959 960 960 959 959 959 959 958 958 958 946 954 957 938 945 956 956 953 956 956 955 954 949 947 944 953 944 945 942 938 936 936 935 929 928 920 948 923 945 946 939 939 943 938 944 941 937 928 936 928 891 845 867 927 940 893 882 913 911 899 828 610 514 513 583 714 826 920 916 923 921
946 910 919 908 927 926 925 949 958 958 963 963 963 963 962 961 960 962 962 961 960 958 957 954 960 959 957 958 951 958 958 955 949 948 954 957 935 956 955 955 955 955 953 943 945 940 942 952 946 949 937 936 944 939 924 916 925 945 944 947 929 929 936 940 942 944 944 943 943 936 936 932 916 862 784 865 940 925 920 913 903 898 841 724 520 560 691 849 934 934 922 919 914
950 947 852 919 837 901 963 964 958 961 963 961 963 963 963 962 962 963 961 961 960 961 951 960 958 958 958 952 956 957 957 957 957 957 957 943 941 955 955 955 952 954 954 954 946 937 937 951 951 951 940 939 939 935 934 934 939 943 946 946 946 947 928 943 945 944 943 943 940 943 942 940 937 900 776 872 936 929 919 913 907 908 885 802 600 623 691 868 928 923 919 916 897
880 952 907 931 882 882 964 964 954 954 962 961 962 949 962 962 962 963 962 955 955 955 960 960 958 959 959 955 957 957 955 955 956 956 956 956 955 954 954 954 948 950 953 953 941 927 931 951 950 950 949 943 943 938 941 945 943 944 944 945 945 946 946 933 930 933 937 936 940 942 942 939 941 929 901 919 928 920 912 916 910 904 870 787 715 804 882 914 920 922 925 922 910
763 965 948 882 955 869 954 962 936 953 956 943 962 958 877 963 940 927 931 931 947 957 960 959 959 954 958 958 955 954 956 954 954 946 956 955 945 953 954 947 947 953 953 938 952 945 949 946 946 948 938 949 948 941 938 937 941 946 944 943 943 937 935 938 941 941 943 940 931 928 931 941 941 940 931 929 939 932 924 931 923 906 876 843 846 895 928 917 919 929 918 913 908
843 933 865 809 893 944 947 963 944 962 956 949 959 960 951 962 963 962 938 940 941 952 959 959 959 956 958 955 944 949 956 950 943 948 955 942 948 954 953 953 953 946 939 951 952 951 951 950 950 942 943 946 939 932 934 936 940 944 943 945 936 931 922 899 943 943 936 930 933 938 935 939 937 930 929 929 938 931 932 936 929 915 905 903 898 911 923 908 919 916 902 871 852
965 965 934 742 849 959 935 934 962 962 956 953 953 945 946 962 962 962 936 941 956 961 957 958 958 958 957 954 938 951 956 946 944 953 955 938 954 953 953 953 953 952 952 951 951 951 950 948 944 947 949 948 946 943 944 937 941 932 943 942 942 938 924 920 940 943 943 942 938 941 940 940 933 934 939 939 927 938 937 937 923 922 918 909 907 908 908 903 929 907 901 882 878
907 946 952 947 933 879 790 874 962 962 921 960 953 946 948 953 958 962 948 924 940 960 959 958 958 958 955 949 944 950 956 956 946 949 954 952 954 952 953 953 952 952 952 950 944 944 950 940 938 947 948 948 948 948 947 945 940 933 939 943 938 933 935 943 942 942 942 941 941 940 938 930 934 937 929 928 930 935 927 930 929 925 918 913 902 889 875 903 922 907 908 913 923
757 872 951 926 910 644 874 933 920 956 915 957 962 940 945 959 960 960 961 936 867 932 959 952 958 957 948 953 944 956 955 955 955 954 954 954 954 951 949 953 944 944 951 949 944 944 944 937 940 949 939 938 940 947 947 935 936 943 944 945 925 928 943 943 942 941 941 940 940 940 931 940 940 933 928 927 931 927 923 933 935 923 918 904 884 835 806 868 918 906 910 930 932
728 936 921 904 907 963 963 775 837 927 914 945 962 881 958 947 935 959 960 961 933 943 952 942 951 957 957 957 956 956 946 953 946 952 953 953 947 953 951 952 939 938 951 951 949 943 940 940 949 948 948 940 948 947 945 938 939 932 936 945 944 944 943 933 939 939 941 938 938 940 939 940 937 937 938 937 937 937 937 924 933 934 928 904 856 678 639 753 838 877 920 932 931
911 958 939 762 516 895 932 906 884 912 941 956 948 961 960 841 900 959 959 956 960 951 947 945 951 957 956 955 956 955 953 953 951 942 947 946 945 952 947 942 942 933 950 950 944 944 943 947 948 948 948 944 947 945 944 944 945 945 945 944 941 943 942 942 932 939 938 938 936 934 938 933 931 938 938 937 937 936 933 930 935 928 918 900 872 538 559 561 617 795 917 931 930
