prediction/untitled folder/solar_ghi_19900101_04UT.txt
NCOLS 839
NROWS 679
XLLCORNER 112.025005
YLLCORNER -43.9750009
CELLSIZE 0.0499954
NODATA_VALUE -999
[rows 40 to 79 of 679, columns 364 to 454 of 839]
950 950 855 855 855 819 848 881 881 157 157 331 331 331 331 331 905 964 977 976 976 976 976 976 976 976 976 736 736 736 736 547 843 685 829 829 879 879 879 879 949 849 934 934 934 934 261 261 261 212 228 251 342 484 623 754 890 898 736 719 704 526 410 251 273 458 587 369 240 591 478 661 910 633 425 361 396 196 275 275 365 324 324 339 591 538 566 451 451 581 637
950 950 855 855 855 819 848 881 881 157 331 331 331 905 905 905 905 964 977 976 976 976 976 976 976 976 891 736 736 736 736 547 843 685 829 829 836 879 879 879 949 849 461 934 934 934 879 849 261 339 319 364 436 489 777 872 917 892 907 863 834 668 455 364 271 387 544 419 324 380 343 529 956 833 535 492 450 456 240 293 275 395 281 339 591 538 566 447 440 552 653
950 950 855 855 855 982 982 982 982 982 931 905 905 905 905 905 905 964 977 977 976 976 976 976 976 891 896 682 736 736 736 547 843 685 829 829 836 879 879 879 949 849 834 461 934 934 879 849 769 339 493 473 604 732 881 835 900 854 893 833 883 833 636 528 564 588 479 390 381 335 344 323 429 533 694 589 354 310 234 156 144 292 392 424 283 412 741 741 510 520 731
950 950 982 982 982 982 982 982 982 982 931 931 905 905 905 905 905 964 977 977 976 976 976 976 891 891 896 682 736 736 736 547 843 685 829 829 836 836 879 879 949 849 834 461 461 913 905 767 804 866 691 694 803 866 942 886 848 899 854 751 853 898 777 691 820 829 677 618 477 378 328 240 272 340 431 629 491 435 364 256 272 184 195 292 374 280 616 947 889 736 779
982 982 982 982 982 982 982 982 982 982 949 931 931 906 906 906 906 964 977 977 977 976 976 891 891 548 896 682 581 736 736 547 843 685 829 829 836 836 879 879 949 849 834 834 434 762 878 641 638 885 866 859 846 812 910 802 874 900 798 778 727 634 745 763 852 843 807 878 673 565 425 234 237 250 283 468 713 946 457 290 379 279 161 296 406 433 741 884 925 906 863
982 982 982 982 982 982 982 982 982 982 949 931 931 931 923 923 923 890 967 908 779 682 707 891 891 548 896 682 581 736 736 547 843 685 829 829 836 836 944 726 682 923 915 915 434 595 940 963 965 961 944 939 824 804 766 843 899 758 612 800 544 578 630 631 780 871 825 607 567 512 491 117 227 211 240 256 512 955 923 485 298 653 496 427 323 529 658 835 873 920 897
683 852 982 982 982 982 982 982 982 982 949 931 931 931 778 692 923 698 680 594 658 707 647 603 505 548 896 682 581 517 799 674 973 941 894 619 794 940 900 669 626 931 737 737 484 469 487 528 742 927 937 896 591 579 682 945 916 507 571 756 619 535 840 823 922 898 903 736 735 841 877 603 160 117 222 164 426 810 924 724 416 658 866 628 462 577 837 864 883 920 937
683 683 852 852 982 982 982 982 982 982 949 949 931 931 778 692 779 762 680 627 859 885 902 715 459 933 487 830 745 719 970 959 768 774 954 972 912 866 919 956 931 706 591 666 424 416 384 277 432 717 966 565 462 476 885 945 810 837 793 606 507 534 532 645 686 908 921 915 840 699 674 702 386 320 233 289 416 490 647 715 802 575 526 474 740 643 726 629 593 664 925
683 683 928 852 852 852 982 982 982 982 949 949 872 872 836 694 614 728 756 802 892 842 629 744 795 954 953 950 876 883 936 960 964 946 962 934 951 961 886 963 901 830 834 673 480 545 665 511 459 473 649 663 364 638 939 491 654 399 955 769 564 481 535 898 842 899 891 732 766 756 807 511 633 509 272 411 749 539 538 653 726 473 319 282 432 493 386 462 497 425 499
683 683 683 928 852 852 852 983 983 982 946 946 872 872 836 723 707 802 859 862 872 753 812 777 860 682 501 795 785 755 923 974 960 934 963 863 920 968 933 958 866 961 901 733 661 888 895 881 755 599 514 617 622 499 906 772 893 605 454 697 883 719 811 636 770 935 852 822 716 619 694 479 505 506 465 533 820 723 784 757 676 588 260 395 503 368 222 387 509 338 429
683 683 683 928 928 852 852 852 983 982 979 979 813 813 808 805 736 689 698 724 716 701 702 714 648 685 841 701 837 653 794 964 936 872 932 972 959 958 910 956 956 881 549 950 780 525 570 556 672 763 682 889 940 843 778 624 930 864 665 598 917 960 964 781 796 771 906 742 663 681 603 497 689 692 936 915 877 898 924 901 776 727 505 483 589 190 178 307 390 221 317
683 683 683 683 928 928 852 852 983 983 983 914 914 813 808 853 743 646 653 620 630 659 666 724 798 900 883 891 933 927 901 914 961 960 959 969 963 963 971 967 970 808 569 539 482 511 588 823 756 485 454 764 482 534 952 965 934 834 541 695 430 543 924 922 882 757 726 936 745 897 540 449 471 724 945 920 869 877 917 917 792 748 565 522 329 117 117 161 189 117 187
683 683 683 683 928 928 928 984 983 983 982 969 967 954 907 912 819 723 553 661 784 679 707 697 647 708 892 864 884 882 908 938 830 766 920 845 914 948 946 886 856 792 860 717 584 485 537 930 512 275 599 954 852 632 946 439 910 920 911 902 944 965 817 848 891 916 536 701 942 830 921 606 496 534 945 912 837 731 893 939 849 859 759 783 314 168 117 117 117 117 117
683 683 683 683 895 924 924 984 983 981 982 982 974 929 864 831 830 753 574 700 855 726 699 625 578 594 718 763 841 812 863 844 684 723 905 799 921 955 896 934 919 810 663 524 916 763 487 506 845 802 550 744 333 527 593 529 459 828 951 944 922 907 923 949 925 943 841 567 922 948 643 952 815 634 720 805 896 839 893 941 948 946 870 836 581 264 133 216 117 117 117
845 845 845 845 573 949 935 967 970 983 983 982 982 982 902 702 600 662 566 658 890 841 694 717 610 609 671 683 715 733 820 832 825 924 946 872 930 914 920 953 947 713 574 856 933 865 574 334 297 712 943 940 773 357 947 911 827 505 880 923 789 774 835 900 879 948 838 786 788 935 631 904 808 700 595 805 950 949 925 887 868 953 793 814 739 475 117 173 202 155 117
986 950 950 950 916 936 950 940 953 975 983 982 982 981 963 875 689 641 693 603 696 640 694 825 801 788 844 735 635 683 678 838 900 892 935 921 959 936 743 914 960 881 838 896 956 944 935 916 490 499 808 556 518 752 815 807 643 619 753 860 737 825 751 778 831 889 905 835 756 928 912 905 829 859 840 933 955 944 924 812 725 930 931 878 704 260 117 117 217 301 221
986 986 778 778 752 502 789 718 596 831 877 982 982 982 982 906 724 559 607 684 641 522 495 594 665 736 758 652 768 775 637 762 926 944 861 820 905 928 905 771 959 956 946 957 904 864 858 635 453 397 634 386 296 501 622 914 672 773 854 752 729 779 912 827 878 892 944 922 922 837 783 941 913 921 946 940 933 939 914 833 831 859 935 812 274 162 117 144 250 308 256
986 986 986 925 978 954 970 876 687 686 852 966 983 982 982 956 804 591 663 776 653 551 410 476 552 518 527 615 829 757 566 559 666 846 686 771 944 846 515 962 938 861 831 957 934 803 767 547 328 450 495 340 466 879 556 624 612 604 642 543 599 587 780 688 876 887 878 930 930 639 859 915 936 929 941 913 897 822 862 898 926 907 919 561 520 134 117 117 117 117 189
986 986 973 986 975 985 919 963 984 959 925 869 906 982 982 981 925 721 701 815 561 516 422 526 668 604 592 668 804 836 818 719 702 870 917 919 927 862 605 972 761 640 492 512 680 895 874 662 480 526 488 518 368 499 774 538 521 784 717 624 537 553 748 667 847 691 744 774 562 814 929 898 922 784 694 719 939 906 921 699 793 897 789 511 459 315 269 150 150 150 121
929 945 986 821 528 953 650 850 925 833 817 819 932 983 982 981 978 938 840 817 514 463 503 623 659 699 737 779 878 884 924 884 856 889 927 915 965 950 733 625 801 941 769 649 928 741 710 917 938 926 758 474 637 496 658 701 501 591 787 840 641 637 721 825 822 668 803 746 792 880 936 905 872 916 907 922 946 944 824 890 940 826 824 617 555 287 486 413 294 273 144
861 956 968 939 774 937 857 940 965 967 966 975 918 946 913 908 970 965 932 855 478 455 515 561 615 604 727 802 857 901 965 962 869 893 917 947 974 931 929 921 949 911 941 956 933 857 643 738 900 773 792 600 527 633 743 593 564 576 468 563 677 702 864 672 633 520 427 375 944 949 954 940 936 856 906 922 863 833 927 906 899 834 883 807 702 328 494 451 260 304 259
959 913 846 629 869 855 609 732 879 922 933 924 828 890 782 858 916 945 948 903 583 474 551 550 709 633 767 650 701 928 977 976 955 902 890 931 913 970 965 956 957 964 963 971 943 785 564 550 631 585 662 852 546 515 851 560 521 791 626 703 851 900 872 668 793 422 609 815 964 964 962 962 922 847 528 567 789 826 869 810 881 825 863 833 580 361 421 388 328 413 411
740 469 608 845 778 810 608 736 842 853 867 854 944 963 904 940 950 949 951 964 768 470 537 680 718 653 855 867 793 848 878 959 954 912 767 975 956 931 954 894 871 912 949 953 895 656 632 597 535 638 594 814 718 483 618 560 610 807 917 912 650 729 940 735 811 854 669 532 729 954 937 848 762 865 931 817 773 817 768 910 940 833 868 589 377 332 482 499 430 456 588
713 908 941 906 949 914 968 983 978 961 843 816 776 846 892 915 980 968 966 951 818 465 521 669 792 760 884 955 889 921 949 954 957 916 563 940 962 903 872 914 797 761 816 835 903 896 853 811 836 878 917 915 806 342 717 630 819 674 942 825 479 633 570 798 961 939 588 961 963 836 802 727 606 698 936 921 844 915 862 882 834 955 676 446 192 333 422 556 494 512 848
782 833 987 886 914 962 965 960 921 920 779 824 798 924 964 945 922 964 975 949 815 486 528 619 848 813 820 952 926 939 959 970 965 925 652 747 907 929 945 836 815 780 645 779 788 797 809 828 843 928 815 849 476 656 752 860 818 604 894 843 891 946 939 924 791 796 948 951 859 963 926 636 363 397 711 936 914 926 945 915 792 907 648 463 284 295 394 552 523 470 656
782 833 945 724 876 960 946 942 921 928 853 945 966 983 984 907 815 744 953 951 811 631 572 566 846 910 941 940 952 947 827 730 806 851 930 774 932 661 869 574 669 816 766 846 656 740 752 842 870 917 759 683 740 965 854 513 558 777 822 558 626 952 922 946 963 904 937 893 964 955 959 813 476 274 447 853 948 935 935 922 840 808 853 533 467 232 249 366 494 597 590
806 952 952 905 887 967 962 944 958 889 910 982 984 984 983 959 916 661 860 531 763 723 636 572 731 905 963 947 941 937 945 947 918 764 812 842 828 523 746 542 614 849 727 706 755 775 780 835 923 916 939 913 754 841 913 766 944 919 861 904 814 878 807 945 900 952 867 954 964 925 950 931 813 483 476 809 961 961 957 942 854 824 670 540 397 288 315 268 295 537 776
806 575 732 849 964 939 982 973 956 879 913 972 959 588 927 690 518 573 665 751 979 952 780 647 723 906 944 962 973 954 942 937 953 905 743 825 742 525 706 670 580 548 788 735 828 757 810 866 893 873 810 679 840 888 805 582 964 933 953 917 934 954 967 903 837 966 965 875 965 855 925 926 949 769 731 902 953 961 961 946 899 922 624 398 136 259 417 286 273 484 777
652 544 583 765 847 800 785 702 960 906 875 914 929 847 963 833 742 912 896 784 733 963 869 789 693 829 927 962 972 955 948 948 959 949 970 956 869 530 535 511 500 484 539 602 706 751 785 748 509 837 779 931 925 912 956 928 950 714 615 820 773 882 887 459 328 900 951 965 932 829 868 876 900 637 644 821 909 946 942 930 900 889 512 193 117 193 380 439 368 239 344
674 890 731 673 579 721 544 623 976 961 968 972 967 824 976 956 981 916 889 896 691 732 779 767 786 811 938 946 963 956 948 948 947 959 976 962 957 880 662 579 511 466 555 715 508 594 770 626 677 918 789 880 603 683 891 950 970 933 912 936 756 706 593 376 601 814 937 799 861 943 874 633 765 710 706 812 662 772 931 833 915 751 445 165 119 193 334 443 209 152 245
750 904 687 507 494 627 658 633 903 986 986 985 949 796 964 973 913 512 436 761 497 659 599 706 839 818 932 929 966 967 948 951 940 931 968 940 951 976 938 784 679 568 704 941 818 908 859 634 641 718 771 945 840 512 677 877 769 666 697 522 529 495 745 406 781 966 887 590 931 930 910 733 810 900 718 751 699 643 537 718 608 609 294 257 118 130 187 372 249 146 381
947 970 854 696 508 405 358 309 465 869 748 506 603 945 850 863 905 859 798 815 576 697 559 660 870 897 900 949 977 961 937 954 938 917 966 938 873 916 922 943 939 869 723 903 897 731 875 675 636 509 614 594 598 532 458 431 547 626 555 576 738 469 729 520 910 966 928 830 940 913 961 955 911 868 689 742 822 528 636 576 541 525 234 194 217 205 205 287 243 117 134
990 990 950 913 796 474 236 151 335 454 386 798 511 941 982 931 492 966 938 594 376 558 560 530 872 778 743 866 971 966 952 927 894 960 972 903 856 879 884 894 837 856 824 660 816 945 761 934 904 765 759 851 577 868 846 891 771 604 464 649 917 625 773 511 568 846 809 913 898 905 797 936 909 919 828 845 895 464 819 845 314 450 138 117 137 154 165 141 304 265 117
988 989 980 958 957 554 302 281 394 338 555 504 697 926 934 884 967 906 847 718 535 532 684 712 861 643 769 894 948 961 949 908 909 923 977 952 866 879 966 908 818 876 971 946 974 974 913 641 686 793 799 890 892 768 499 760 750 908 944 965 955 748 632 760 411 785 840 784 904 896 779 879 943 719 711 886 925 766 756 427 258 405 207 371 131 231 221 187 230 285 242
973 983 989 989 988 951 762 797 906 559 354 568 981 977 804 946 980 964 980 961 924 826 590 644 790 803 962 975 956 950 918 848 855 818 925 974 898 854 889 921 959 959 975 974 973 938 973 932 477 854 752 612 814 882 727 814 787 816 859 931 937 784 789 845 574 897 953 741 645 910 887 806 909 855 886 796 640 885 836 853 668 360 218 405 241 118 118 170 135 129 198
990 983 980 989 984 975 974 954 854 790 460 374 589 978 639 909 983 948 971 982 918 691 547 643 538 486 655 906 898 915 697 734 678 827 725 892 731 791 682 689 747 801 957 974 974 936 853 702 689 740 530 468 841 787 916 900 825 727 643 775 652 891 913 924 544 540 967 825 768 852 952 844 698 779 927 680 612 640 844 778 859 617 281 345 330 256 118 117 117 118 146
990 986 961 985 989 977 967 959 981 933 825 444 257 642 423 771 885 946 952 966 967 813 591 700 501 515 766 914 702 877 510 712 606 735 687 788 577 760 654 560 587 517 662 923 949 871 914 877 957 834 884 824 795 702 911 908 907 792 735 669 530 783 818 950 563 410 850 889 956 912 878 669 569 820 847 873 734 827 634 839 851 795 249 394 278 223 117 117 117 117 117
851 990 973 976 982 953 857 920 988 871 587 739 342 464 739 562 759 915 954 952 966 934 936 953 801 733 816 921 832 916 492 521 508 743 798 826 681 913 934 748 493 461 513 742 924 795 880 887 912 808 942 945 969 939 861 955 879 892 945 812 803 861 828 961 893 565 796 726 493 793 536 733 940 931 940 955 910 526 371 955 938 707 892 589 255 305 237 119 117 130 141
890 907 990 976 909 582 610 667 856 958 869 699 559 623 896 875 922 951 918 826 795 872 920 927 937 904 915 941 968 928 855 600 463 587 853 880 749 787 898 696 512 501 591 679 693 963 973 929 900 868 928 943 951 937 926 947 952 953 957 954 952 969 961 967 966 862 526 890 815 891 676 633 840 896 928 934 633 793 876 434 931 831 810 871 575 439 375 296 226 147 129
963 932 962 968 553 745 850 472 508 886 975 855 643 955 931 868 901 904 893 794 704 726 628 650 523 484 858 933 903 804 747 750 592 499 780 861 642 717 734 651 531 496 602 529 543 826 974 974 720 763 973 957 939 934 959 963 957 957 965 970 970 969 944 728 968 930 776 689 646 852 905 504 479 771 698 722 903 767 912 671 567 954 925 794 569 602 485 496 371 249 175
