prediction/untitled folder/solar_ghi_19900101_04UT.txt
NCOLS 839
NROWS 679
XLLCORNER 112.025005
YLLCORNER -43.9750009
CELLSIZE 0.0499954
NODATA_VALUE -999
[rows 280 to 319 of 679, columns 273 to 363 of 839]
1069 1061 1064 1067 1069 1069 1060 1062 1068 1068 1066 1065 1066 1066 1065 1064 1064 1063 1064 1065 1064 1064 1064 1065 1064 1064 1063 1062 1053 1061 1052 1051 1061 1045 1051 1050 1058 1059 1051 1058 1050 1059 1048 1057 1057 1056 1055 1055 1054 1054 1051 1053 1053 1043 1037 1042 1049 1038 1042 1052 1052 1052 1045 1050 1049 1049 1048 1048 1046 1046 1046 1045 1045 1045 1036 1033 1043 1043 1032 1041 1041 1025 1031 1038 1022 1037 1029 1029 1039 1035 1031
1069 1060 1068 1067 1063 1069 1068 1067 1063 1068 1067 1067 1066 1066 1065 1063 1064 1062 1062 1064 1064 1058 1064 1064 1064 1058 1049 1062 1061 1052 1056 1061 1059 1059 1055 1058 1060 1044 1051 1050 1057 1059 1058 1056 1054 1056 1055 1055 1054 1054 1054 1054 1050 1052 1044 1050 1052 1052 1052 1051 1051 1050 1050 1049 1048 1048 1047 1046 1046 1046 1045 1045 1045 1045 1040 1040 1042 1040 1039 1035 1041 1034 1031 1016 1025 1033 1039 1039 1034 1034 1034
1069 1069 1069 1068 1069 1070 1069 1068 1065 1067 1051 1066 1067 1066 1066 1065 1060 1062 1064 1062 1064 1062 1054 1063 1064 1063 1063 1062 1062 1062 1053 1062 1059 1061 1061 1060 1054 1062 1059 1058 1060 1057 1058 1041 1054 1055 1053 1053 1039 1046 1053 1043 1053 1053 1050 1053 1051 1052 1049 1050 1050 1049 1049 1048 1048 1047 1047 1043 1043 1031 1036 1044 1041 1043 1042 1042 1041 1032 1041 1028 1037 1036 1036 1036 1040 1032 1029 1038 1038 1029 1029
1068 1069 1069 1065 1059 1068 1069 1068 1059 1067 1067 1067 1065 1066 1066 1065 1065 1065 1064 1055 1063 1062 1064 1063 1062 1047 1044 1043 1050 1061 1061 1061 1061 1059 1061 1061 1059 1062 1062 1061 1060 1059 1058 1055 1058 1057 1056 1040 1053 1055 1051 1052 1052 1052 1053 1052 1051 1051 1051 1050 1046 1048 1049 1049 1045 1048 1047 1037 1044 1036 1035 1044 1035 1039 1039 1042 1029 1032 1040 1028 1027 1030 1030 1038 1039 1039 1015 1019 1016 1034 1033
1070 1069 1051 1061 1068 1057 1065 1061 1067 1068 1068 1067 1067 1066 1066 1065 1065 1064 1064 1063 1064 1063 1063 1058 1064 1061 1061 1046 1046 1062 1055 1060 1060 1061 1061 1061 1060 1062 1062 1061 1060 1059 1059 1058 1058 1057 1047 1040 1056 1055 1041 1043 1050 1052 1053 1052 1051 1051 1051 1035 1048 1050 1050 1049 1048 1048 1048 1047 1047 1046 1040 1045 1041 1034 1033 1039 1033 1041 1039 1033 1037 1031 1030 1038 1038 1038 1038 1038 1026 1006 1016
1069 1054 1069 1069 1069 1059 1053 1068 1062 1058 1068 1067 1066 1066 1066 1055 1054 1055 1064 1064 1058 1061 1063 1063 1063 1054 1050 1063 1061 1062 1062 1061 1051 1058 1050 1059 1059 1061 1061 1060 1059 1059 1056 1058 1058 1057 1054 1055 1056 1056 1055 1054 1049 1051 1052 1048 1051 1051 1051 1051 1050 1050 1050 1049 1034 1045 1048 1047 1047 1043 1043 1046 1042 1040 1043 1041 1042 1042 1041 1039 1040 1040 1030 1039 1036 1033 1028 1021 1037 1037 1033
1070 1069 1069 1067 1069 1069 1060 1054 1060 1058 1067 1066 1066 1065 1063 1057 1059 1064 1064 1064 1061 1058 1063 1064 1064 1062 1057 1058 1049 1062 1059 1043 1044 1058 1060 1051 1049 1059 1060 1055 1059 1056 1045 1058 1058 1057 1056 1056 1056 1056 1055 1054 1054 1053 1049 1049 1052 1050 1049 1047 1049 1039 1050 1049 1048 1047 1048 1047 1043 1046 1046 1046 1045 1045 1044 1039 1032 1042 1041 1041 1037 1041 1026 1039 1039 1033 1029 1037 1032 1036 1035
1070 1067 1068 1068 1064 1069 1069 1068 1060 1068 1058 1065 1065 1066 1065 1065 1065 1064 1063 1063 1063 1063 1063 1064 1064 1064 1064 1063 1049 1062 1045 1052 1058 1052 1052 1039 1039 1051 1059 1060 1060 1053 1048 1058 1058 1056 1056 1056 1050 1045 1051 1055 1054 1043 1051 1042 1052 1036 1047 1050 1050 1049 1046 1049 1048 1047 1047 1047 1047 1046 1046 1045 1045 1044 1043 1039 1033 1042 1041 1041 1037 1041 1040 1036 1035 1034 1038 1034 1031 1023 1036
1070 1068 1067 1063 1066 1067 1052 1059 1045 1059 1067 1067 1065 1066 1065 1065 1065 1059 1054 1063 1063 1063 1063 1061 1053 1063 1064 1063 1062 1062 1052 1056 1061 1060 1061 1061 1060 1058 1060 1056 1046 1058 1057 1049 1055 1056 1056 1053 1052 1053 1054 1054 1053 1053 1053 1050 1041 1051 1051 1051 1050 1047 1049 1045 1048 1047 1047 1046 1046 1045 1045 1041 1032 1043 1042 1042 1039 1038 1032 1038 1039 1040 1040 1034 1029 1029 1038 1037 1033 1037 1036
1070 1070 1070 1069 1066 1069 1053 1069 1068 1048 1049 1064 1065 1065 1065 1065 1064 1064 1063 1059 1062 1061 1063 1060 1047 1061 1064 1063 1062 1059 1059 1062 1055 1051 1061 1060 1060 1051 1061 1041 1034 1042 1057 1047 1046 1056 1056 1046 1055 1055 1054 1050 1053 1052 1053 1041 1048 1038 1040 1050 1044 1049 1049 1048 1048 1047 1046 1046 1045 1034 1045 1045 1042 1043 1042 1041 1041 1032 1032 1040 1037 1037 1040 1039 1039 1029 1034 1037 1037 1037 1037
1070 1070 1071 1069 1059 1059 1069 1064 1067 1067 1068 1049 1066 1065 1065 1064 1054 1061 1064 1053 1054 1054 1054 1062 1061 1062 1064 1061 1056 1053 1057 1062 1062 1044 1060 1052 1060 1061 1059 1058 1057 1042 1048 1033 1040 1056 1056 1056 1049 1055 1054 1048 1048 1040 1053 1052 1052 1042 1051 1050 1046 1038 1038 1048 1048 1047 1046 1045 1046 1045 1045 1044 1034 1042 1042 1038 1033 1032 1042 1042 1037 1039 1039 1036 1038 1038 1038 1037 1037 1037 1037
1070 1070 1070 1070 1069 1068 1069 1069 1069 1059 1069 1049 1044 1049 1065 1054 1064 1064 1064 1064 1063 1058 1051 1055 1062 1061 1064 1057 1050 1056 1060 1062 1059 1045 1061 1060 1060 1060 1060 1058 1034 1046 1058 1059 1057 1056 1056 1055 1054 1055 1051 1054 1051 1042 1052 1048 1041 1041 1048 1050 1044 1034 1046 1046 1042 1044 1043 1045 1043 1036 1045 1041 1033 1039 1042 1041 1042 1041 1036 1037 1041 1041 1035 1034 1028 1037 1037 1037 1033 1037 1037
1061 1069 1070 1070 1059 1069 1069 1068 1063 1051 1059 1051 1050 1063 1045 1065 1064 1064 1064 1063 1056 1063 1061 1047 1061 1064 1063 1062 1063 1052 1062 1062 1058 1047 1061 1055 1045 1059 1061 1039 1060 1059 1058 1048 1040 1055 1056 1055 1050 1044 1054 1054 1043 1042 1052 1041 1036 1052 1051 1037 1039 1039 1049 1047 1048 1037 1047 1047 1047 1046 1040 1044 1040 1039 1041 1041 1036 1037 1032 1041 1038 1031 1030 1036 1033 1037 1037 1037 1037 1037 1036
1062 1067 1067 1069 1068 1068 1060 1056 1052 1043 1066 1068 1067 1066 1066 1065 1064 1056 1055 1063 1053 1063 1061 1058 1064 1061 1062 1062 1060 1052 1059 1060 1061 1058 1061 1050 1043 1046 1060 1060 1057 1040 1048 1033 1057 1057 1046 1039 1044 1051 1051 1051 1039 1049 1052 1048 1051 1051 1051 1044 1041 1042 1049 1038 1049 1033 1037 1047 1047 1035 1040 1044 1043 1032 1024 1029 1038 1041 1041 1041 1040 1030 1029 1035 1035 1037 1037 1037 1037 1033 1027
1069 1070 1061 1070 1069 1066 1060 1056 1058 1069 1067 1067 1064 1066 1066 1065 1062 1044 1064 1063 1060 1064 1060 1064 1063 1061 1052 1059 1052 1051 1045 1058 1061 1060 1061 1055 1043 1041 1049 1057 1058 1053 1056 1055 1057 1053 1056 1053 1053 1054 1054 1054 1054 1052 1052 1052 1048 1048 1050 1047 1046 1049 1044 1050 1032 1035 1044 1046 1046 1045 1032 1034 1043 1039 1042 1025 1027 1029 1041 1036 1040 1037 1035 1034 1028 1032 1037 1033 1028 1028 1027
1071 1070 1061 1069 1069 1069 1069 1069 1069 1065 1057 1059 1066 1066 1066 1066 1055 1039 1053 1063 1063 1061 1064 1064 1038 1053 1049 1037 1059 1061 1052 1057 1061 1057 1058 1057 1060 1060 1051 1049 1042 1045 1055 1040 1053 1053 1056 1053 1050 1049 1054 1034 1043 1052 1052 1047 1050 1047 1050 1050 1047 1046 1039 1033 1038 1047 1046 1045 1045 1045 1044 1032 1030 1033 1033 1041 1032 1028 1038 1040 1039 1039 1034 1038 1034 1037 1033 1024 1027 1030 1028
1070 1067 1070 1069 1069 1067 1069 1069 1069 1051 1068 1066 1058 1063 1064 1066 1054 1060 1059 1060 1043 1061 1063 1047 1053 1061 1056 1038 1062 1062 1051 1062 1061 1053 1061 1060 1049 1057 1061 1058 1057 1059 1055 1055 1053 1055 1056 1045 1055 1043 1054 1043 1012 1052 1052 1051 1051 1039 1050 1050 1049 1049 1046 1038 1036 1044 1046 1041 1035 1035 1041 1043 1027 1032 1042 1042 1038 1038 1037 1036 1039 1030 1039 1034 1029 1033 1024 1027 1037 1028 1022
1070 1070 1070 1069 1069 1062 1070 1069 1068 1051 1067 1067 1054 1063 1065 1060 1054 1063 1064 1059 1053 1062 1064 1064 1050 1063 1063 1045 1041 1039 1058 1061 1056 1050 1060 1057 1052 1056 1060 1057 1060 1059 1059 1058 1053 1053 1053 1044 1055 1043 1054 1041 993 1052 1051 1051 1048 1039 1047 1050 1050 1049 1049 1049 1035 1035 1037 1035 1032 1040 1041 1041 1033 1029 1042 1028 1036 1041 1041 1027 1036 1039 1030 1034 1038 1032 1032 1028 1033 1033 1032
1071 1070 1070 1069 1069 1066 1069 1068 1069 1059 1067 1063 1064 1064 1066 1062 1056 1054 1061 1064 1064 1061 1047 1064 1061 1053 1046 1045 1045 1041 1049 1061 1053 1060 1055 1043 1043 1056 1058 1049 1059 1059 1058 1058 1054 1053 1045 1045 1039 1034 1039 1034 998 1051 1051 1051 1047 1040 1039 1039 1038 1034 1038 1048 1037 1036 1032 1031 1036 1041 1043 1043 1033 1025 1029 1027 1041 1042 1041 1040 1011 1029 1035 1036 1032 1033 1025 1033 1032 1037 1037
1063 1071 1069 1066 1070 1070 1066 1067 1068 1067 1065 1067 1067 1063 1057 1053 1065 1053 1062 1062 1064 1064 1063 1059 1058 1064 1063 1051 1046 1062 1059 1059 1061 1058 1043 1056 1049 1043 1043 1049 1059 1055 1056 1046 1044 1056 1052 1044 1044 1038 1029 1020 947 1032 1040 1037 1048 1040 1040 1040 1039 1034 1036 1044 1042 1047 1035 1031 1035 1039 1030 1042 1033 1033 1036 1036 1041 1041 1041 1030 1031 1033 1029 1026 1037 1028 1024 1032 1033 1027 1027
1061 1068 1060 1068 1069 1067 1068 1068 1067 1066 1066 1066 1066 1066 1066 1054 1060 1060 1064 1064 1058 1060 1057 1059 1059 1061 1059 1062 1051 1045 1050 1060 1061 1058 1059 1062 1058 1047 1054 1059 1058 1053 1053 1057 1056 1045 1055 1051 1051 1050 1038 1033 1024 1040 1028 1046 1028 1039 1050 1039 1049 1048 1037 1034 1043 1047 1041 1034 1035 1030 1033 1038 1033 1029 1036 1036 1031 1040 1037 1040 1040 1026 1025 1037 1037 1036 1036 1027 1032 1023 1019
1069 1070 1069 1067 1063 1061 1065 1068 1067 1066 1065 1066 1065 1063 1064 1043 1052 1063 1062 1051 1061 1060 1051 1042 1048 1061 1062 1062 1062 1058 1041 1062 1061 1061 1049 1061 1060 1049 1059 1054 1041 1053 1056 1053 1055 1050 1050 1038 1046 1048 1040 1037 1051 1041 1039 1045 1050 1046 1049 1039 1048 1037 1044 1034 1042 1038 1046 1040 1040 1033 1038 1032 1032 1027 1032 1031 1032 1036 1035 1040 1040 1040 1034 1037 1036 1024 1035 1035 1036 1036 1020
1066 1052 1058 1052 1056 1054 1067 1067 1067 1064 1065 1056 1065 1065 1055 1052 1063 1063 1062 1051 1058 1059 1064 1055 1060 1055 1062 1062 1050 1051 1056 1044 1039 1039 1060 1060 1057 1055 1048 1044 1041 1053 1053 1052 1045 1038 1038 1042 1041 1042 1040 1040 1049 1039 1050 1047 1050 1049 1037 1048 1048 1043 1036 1046 1035 1035 1045 1044 1040 1038 1032 1033 1037 1028 1024 1028 1035 1039 1034 1035 1039 1030 1025 1028 1028 1020 1023 1022 1022 1035 1035
1070 1069 1058 1069 1064 1067 1066 1066 1066 1064 1064 1057 1065 1064 1064 1063 1065 1064 1064 1064 1064 1064 1064 1060 1053 1053 1046 1050 1058 1061 1058 1058 1042 1035 1055 1059 1058 1045 1040 1040 1056 1042 1051 1051 1054 1049 1053 1048 1041 1040 1032 1037 1041 1035 1039 1039 1044 1049 1038 1037 1047 1035 1036 1042 1035 1035 1041 1045 1044 1030 1032 1038 1037 1028 1031 1027 1031 1039 1038 1029 1024 1029 1034 1028 1024 1020 1023 1023 1022 1021 1034
1029 1069 1068 1068 1067 1066 1065 1048 1065 1064 1061 1061 1066 1066 1065 1062 1065 1065 1063 1063 1063 1059 1053 1063 1063 1063 1052 1049 1057 1060 1054 1056 1050 1038 1058 1058 1057 1042 1032 1051 1051 1051 1050 1039 1053 1050 1052 1052 1041 1036 1046 1048 1040 1038 1049 1049 1049 1048 1048 1047 1043 1028 1032 1045 1040 1045 1045 1045 1044 1040 1029 1030 1042 1041 1037 1031 1030 1030 1038 1030 1024 1029 1036 1032 1033 1027 1027 1023 1035 1022 1029
1036 1068 1067 1066 1065 1065 1061 1062 1061 1055 1062 1066 1066 1062 1065 1063 1064 1064 1063 1062 1062 1051 1057 1061 1062 1058 1062 1057 1050 1055 1047 1055 1054 1031 1034 1057 1052 1028 1028 1050 1043 1050 1045 1049 1043 1047 1048 1052 1041 1033 1040 1039 1037 1033 1045 1048 1043 1045 1047 1036 1029 1027 1015 1019 1023 1015 1014 1040 1043 1043 1038 1037 1041 1040 1030 1031 1031 1035 1033 1037 1030 1024 1028 1036 1032 1027 1027 1030 1035 1025 1028
1029 1069 1068 1067 1067 1066 1058 1063 1066 1066 1060 1065 1063 1061 1065 1064 1064 1063 1062 1062 1059 1062 1058 1057 1058 1056 1048 1043 1060 1050 1043 1054 1058 1017 1002 1028 1037 1028 1035 1054 1038 1044 1051 1050 1047 1049 1040 1040 1050 1035 1032 1046 1043 1043 1038 1042 1037 1032 1047 1043 1042 1036 1028 1023 1022 1009 1010 1026 1043 1032 1037 1031 1040 1039 1027 1034 1033 1038 1028 1029 1029 1024 1028 1028 1026 1027 1027 1026 1027 1029 1024
1043 1064 1064 1062 1067 1066 1066 1066 1065 1053 1059 1065 1062 1054 1064 1064 1061 1063 1062 1061 1061 1056 1061 1049 1061 1061 1056 1060 1060 1053 1038 1040 1041 1020 1012 1028 1016 1005 1039 1053 1053 1053 1043 1041 1037 1036 1051 1045 1038 1038 1039 1047 1044 1047 1037 1047 1037 1037 1043 1046 1040 1035 1040 1034 1022 1015 1018 1029 1021 1033 1032 1027 1040 1039 1038 1038 1038 1038 1032 1031 1029 1028 1028 1023 1027 1035 1034 1034 1029 1026 1033
1064 1063 1051 1063 1055 1066 1065 1065 1044 1063 1047 1064 1063 1059 1064 1057 1053 1062 1061 1061 1061 1061 1061 1055 1056 1059 1060 1054 1059 1056 1054 1048 1057 1040 1024 1020 1019 1024 1049 1048 1048 1043 1048 1039 1036 1040 1050 1035 1032 1030 1042 1034 1047 1047 1041 1041 1036 1040 1045 1038 1040 1030 1035 1035 1026 1017 1025 1025 1020 1037 1031 1023 1039 1039 1038 1038 1037 1029 1037 1036 1032 1035 1035 1026 1027 1029 1033 1028 1029 1033 1033
1069 1068 1065 1068 1044 1064 1065 1064 1066 1061 1052 1063 1063 1053 1063 1053 1063 1061 1056 1058 1059 1061 1061 1061 1055 1054 1054 1047 1058 1054 1058 1057 1057 1056 1041 1035 1015 1022 1026 1026 1027 1048 1053 1037 1029 1025 1040 1040 1038 1027 1034 1038 1038 1046 1046 1040 1045 1040 1045 1041 1044 1044 1034 1028 1029 1029 1028 1029 1028 1041 1040 1027 1039 1038 1038 1037 1035 1037 1032 1028 1035 1035 1030 1027 1026 1029 1029 1025 1028 1028 1021
1068 1067 1067 1067 1066 1060 1064 1064 1064 1057 1054 1051 1058 1061 1051 1062 1061 1061 1060 1056 1060 1060 1060 1060 1059 1058 1046 1053 1053 1053 1052 1056 1056 1056 1043 1039 1027 1032 1023 1034 1042 1051 1041 1036 1029 1028 1035 1049 1049 1038 1034 1043 1037 1046 1046 1045 1045 1039 1036 1040 1043 1043 1034 1033 1033 1028 1029 1025 1029 1031 1030 1033 1034 1025 1025 1025 1028 1036 1036 1031 1035 1034 1024 1031 1025 1029 1025 1024 1028 1029 1028
1067 1066 1066 1062 1066 1059 1054 1064 1064 1063 1058 1046 1062 1062 1049 1052 1061 1058 1060 1060 1059 1060 1059 1058 1058 1058 1052 1047 1057 1057 1057 1056 1055 1051 1045 1054 1042 1034 1029 1009 1030 1033 1026 1040 1036 1036 1046 1045 1038 1049 1043 1047 1041 1046 1045 1045 1045 1044 1041 1044 1043 1043 1034 1033 1033 1036 1036 1036 1031 1027 1027 1030 1030 1038 1032 1028 1032 1035 1035 1035 1030 1034 1034 1034 1029 1026 1020 1024 1024 1031 1032
1066 1066 1066 1061 1061 1054 1054 1061 1063 1063 1058 1051 1049 1062 1062 1061 1060 1059 1043 1059 1059 1046 1058 1058 1058 1057 1057 1056 1057 1056 1056 1055 1055 1054 1049 1048 1048 1046 1026 1008 1048 1032 1008 1002 1019 1038 1048 1045 1033 1044 1042 1046 1046 1046 1045 1045 1044 1044 1044 1043 1033 1042 1037 1036 1037 1037 1032 1035 1034 1039 1039 1031 1026 1030 1037 1036 1035 1035 1030 1031 1030 1034 1034 1033 1033 1025 1013 1024 1028 1028 1031
1065 1046 1065 1065 1062 1062 1064 1063 1063 1061 1063 1058 1057 1062 1061 1056 1048 1031 1047 1060 1059 1058 1053 1052 1057 1057 1056 1056 1055 1056 1055 1045 1049 1048 1048 1048 1042 1041 1023 977 1024 1035 997 959 1006 1039 1050 1049 1048 1047 1047 1033 1036 1046 1045 1044 1044 1044 1043 1043 1027 1042 1038 1035 1036 1036 1030 1035 1031 1034 1034 1030 1026 1033 1033 1036 1035 1035 1031 1030 1033 1033 1029 1029 1025 1032 1021 1030 1030 1027 1030
1065 1064 1065 1064 1061 1048 1064 1063 1055 1063 1062 1062 1060 1056 1061 1060 1060 1048 1049 1044 1054 1058 1058 1058 1057 1046 1056 1056 1056 1055 1055 1049 1049 1048 1047 1047 1047 1053 1029 998 923 985 1008 1011 1023 1035 1045 1048 1044 1047 1046 1030 1037 1045 1039 1040 1037 1043 1043 1043 1039 1036 1041 1036 1040 1039 1034 1039 1035 1034 1037 1033 1026 1029 1032 1031 1028 1028 1034 1027 1022 1025 1033 1020 1028 1021 1027 1031 1030 1027 1030
1064 1064 1064 1063 1063 1063 1060 1064 1058 1062 1062 1061 1061 1061 1061 1059 1059 1060 1060 1044 1038 1058 1057 1056 1056 1056 1056 1056 1055 1055 1054 1051 1050 1053 1047 1041 1046 1051 1036 1028 971 1003 1032 1027 1038 1043 1048 1037 1041 1034 1046 1045 1045 1045 1044 1044 1040 1043 1042 1042 1042 1033 1035 1035 1040 1039 1030 1038 1035 1033 1033 1033 1036 1036 1036 1029 1027 1028 1034 1033 1022 1026 1025 1020 1029 1029 1020 1030 1030 1026 1030
1054 1064 1063 1063 1063 1062 1063 1062 1063 1050 1057 1058 1061 1061 1050 1053 1047 1054 1059 1059 1053 1057 1056 1055 1055 1046 1044 1055 1055 1055 1054 1050 1053 1053 1047 1046 1048 1047 1041 1040 1032 1035 1044 1048 1045 1046 1048 1042 1047 1036 1036 1045 1044 1044 1038 1038 1043 1034 1037 1037 1041 1036 1031 1028 1039 1034 1028 1029 1032 1034 1032 1033 1036 1035 1035 1035 1035 1026 1030 1029 1025 1028 1018 1014 1028 1027 1023 1020 1027 1025 1029
1061 1063 1057 1057 1062 1062 1061 1061 1062 1062 1062 1049 1048 1055 1049 1057 1059 1059 1058 1058 1057 1042 1055 1056 1036 1044 1044 1041 1043 1054 1054 1053 1053 1053 1052 1048 1045 1050 1041 1040 1035 1038 1041 1047 1048 1038 1046 1045 1046 1045 1037 1036 1031 1031 1039 1043 1042 1042 1037 1034 1025 1035 1040 1031 1035 1027 1030 1033 1030 1032 1033 1033 1032 1030 1030 1034 1034 1031 1033 1033 1032 1028 1020 1017 1023 1028 1030 1023 1018 1029 1026
1058 1057 1062 1062 1062 1061 1061 1061 1060 1060 1060 1060 1050 1060 1056 1060 1059 1059 1058 1057 1057 1047 1050 1045 1040 1045 1052 1054 1054 1053 1053 1053 1053 1052 1052 1052 1051 1050 1049 1045 1035 1038 1034 1041 1040 1046 1039 1035 1044 1041 1045 1023 1035 1038 1043 1037 1030 1038 1041 1041 1040 1040 1032 1027 1034 1031 1027 1029 1037 1032 1036 1036 1035 1031 1034 1034 1034 1033 1029 1029 1032 1024 1021 1030 1031 1030 1029 1026 1015 1022 1018
1051 1051 1057 1062 1061 1061 1061 1060 1060 1056 1060 1048 1060 1055 1049 1056 1053 1055 1058 1057 1051 1051 1051 1049 1056 1048 1054 1054 1053 1051 1042 1053 1047 1052 1052 1051 1045 1045 1049 1045 1034 1042 1048 1043 1041 1046 1037 1033 1038 1035 1044 1036 1035 1034 1031 1033 1025 1033 1028 1035 1040 1040 1039 1039 1030 1038 1038 1037 1037 1036 1036 1035 1032 1027 1034 1031 1033 1030 1025 1032 1029 1021 1017 1016 1011 1024 1023 1018 1019 1018 1021
