prediction/untitled folder/solar_ghi_19900101_03UT.txt
NCOLS 839
NROWS 679
XLLCORNER 112.025005
YLLCORNER -43.9750009
CELLSIZE 0.0499954
NODATA_VALUE -999
[rows 195 to 233 of 679, columns 261 to 347 of 839]
1062 1062 1072 1071 1072 1073 1071 1070 1073 1072 1073 1064 1060 1057 1057 1064 1064 1064 1072 1073 1073 1073 1073 1073 1073 1073 1072 1070 1072 1070 1073 1074 1041 1035 1067 1064 1068 1062 1070 841 802 899 804 1044 989 840 782 820 975 971 863 925 948 1023 1025 952 905 996 1035 1042 599 565 1069 796 651 935 634 449 587 678 648 985 550 628 975 940 706 472 502 773 998 977 716 728 969 929 838
1062 1067 1062 1072 1067 1073 1073 1065 1065 1067 1069 1072 1066 1073 1070 1063 1061 1063 1071 1073 1073 1073 1073 1073 1073 1073 1073 1072 1074 1074 1073 1074 1063 1063 1074 1074 1074 1074 1074 1064 1063 1005 1011 976 925 1024 1048 774 753 845 792 860 902 906 956 1016 773 770 989 716 477 587 1025 894 510 437 530 593 622 847 931 605 619 1002 689 775 1017 666 490 637 944 942 762 933 1076 852 936
1067 1073 1066 1061 1071 1069 1067 1072 1060 1061 1073 1068 1067 1062 1073 1072 1067 1073 1071 1073 1071 1071 1072 1073 1074 1074 1074 1074 1074 1074 1074 1074 1074 1074 1064 1068 909 980 1074 1074 1064 1032 1055 1030 1012 1019 996 659 844 1024 934 933 816 809 1054 945 813 1016 1052 965 931 550 619 896 949 844 905 1040 552 423 674 1042 942 1024 875 963 1054 1029 705 565 881 949 867 659 498 464 507
1068 1067 1063 1073 1069 1073 1073 1073 1060 1048 1074 1069 1068 1073 1073 1074 1072 1063 1070 1073 1070 1070 1073 1072 1074 1074 1074 1074 1074 1074 1074 1070 1074 1075 1075 1075 1027 1053 1063 1075 1076 1072 1058 1061 1073 1051 1057 1056 1053 958 938 988 875 647 849 912 1009 1018 1050 1072 1061 866 830 513 668 1061 593 761 849 877 728 825 828 793 642 878 1013 1063 1045 532 859 964 854 774 627 692 773
1063 1063 1063 1073 1069 1071 1060 1072 1074 1059 1057 1068 1054 1062 1073 1057 1066 1074 1073 1074 1073 1073 1073 1071 1071 1074 1074 1075 1075 1075 1075 1072 1068 1070 1073 1075 1071 1075 1075 1065 1074 1076 1074 1077 1054 1059 1064 1043 986 1007 1054 1028 972 726 918 947 945 531 743 889 942 1016 948 904 1017 1061 1076 787 504 900 938 495 686 558 652 733 640 801 929 706 900 1036 627 906 1059 1064 1062
1060 1066 1068 1067 1074 1061 1062 1074 1070 1066 1061 1073 1067 1062 1060 1056 1054 1074 1074 1073 1069 1068 1074 1071 1075 1075 1075 1075 1075 1075 1067 1075 1072 1075 1075 1066 1076 1075 1074 759 1021 1065 1062 1077 1076 1044 1070 1052 1058 1052 1069 1055 914 1037 1076 1038 758 725 999 852 492 860 1077 1075 1076 980 999 1054 1074 826 915 1014 867 903 778 645 465 516 513 942 915 719 537 948 715 1032 719
1059 1061 1065 1065 1070 1060 1067 1075 1056 1069 1070 1064 1062 1066 1059 1073 1075 1063 1060 1066 1072 1054 1075 1067 1075 1066 1075 1076 1076 1068 1075 1076 1076 1076 1075 1076 1068 1070 1066 1071 1058 1059 1076 1077 1031 1073 1050 1065 1076 1076 1076 1076 847 1032 1076 1076 1000 1076 945 922 967 987 601 1010 1070 874 1025 1053 1027 1010 508 965 621 796 1056 1023 597 721 486 821 1027 676 794 1005 841 723 879
1064 1063 1070 1066 1062 1062 1062 1067 1073 1071 1053 1054 1057 1059 1061 1062 1060 1072 1062 1054 1068 1071 1075 1075 1076 1076 1076 1076 1076 1076 1076 1076 1076 1072 1071 1076 1060 1077 1060 1077 1077 1042 1048 1074 1077 1078 1055 1044 1069 1077 1073 916 556 1025 923 1063 1077 1077 1022 1051 1010 1077 991 547 567 1002 904 1020 1078 1011 1032 1077 1077 891 1059 1072 1078 1056 813 711 1067 979 936 1021 993 1007 590
1074 1069 1066 1065 1063 1064 1067 1068 1062 1075 1075 1073 1076 1075 1073 1076 1071 1068 1071 1068 1070 1075 1076 1076 1076 1075 1065 1077 1077 1077 1076 1076 1077 1073 1072 1076 1077 1071 1078 1052 1069 1075 1037 1077 1077 1062 998 1038 1067 1065 1072 829 625 1063 938 1004 644 1077 1058 1078 799 1077 1049 988 1044 1078 1074 1039 1004 1008 799 1048 1026 1078 1074 1054 1078 874 627 875 1041 1047 567 954 575 646 859
1068 1065 1065 1062 1064 1062 1055 1060 1070 1075 1070 1066 1068 1062 1060 1063 1076 1069 1077 1076 1068 1075 1076 1076 1076 1076 1076 1077 1077 1077 1077 1077 1077 1077 1077 1074 1073 1078 1064 1078 1076 1078 1060 1078 1078 1067 1078 1078 1070 1058 1078 1056 1019 1052 1037 586 945 1069 1072 1074 1016 1073 977 1078 1078 1046 1008 1079 1034 1055 1012 968 1040 1034 719 1078 1048 722 820 837 821 1034 704 846 822 861 1052
1073 1069 1068 1066 1069 1063 1064 1067 1070 1067 1067 1064 1065 1066 1072 1077 1072 1069 1067 1066 1075 1074 1077 1077 1076 1076 1077 1077 1069 1075 1075 1078 1077 1075 1054 1068 1078 1078 1078 1073 1061 1072 1078 1078 1078 1078 1078 1068 1078 1078 1061 1052 774 1043 1037 821 1015 1050 1045 611 1047 1032 1024 1031 928 1079 1080 1030 1060 1032 1046 916 1001 572 497 1049 976 981 1040 641 806 1060 1056 950 903 883 994
1076 1076 1072 1076 1066 1059 1060 1066 1073 1076 1075 1062 1065 1064 1057 1064 1077 1070 1074 1076 1071 1074 1077 1077 1072 1073 1063 1060 1070 1073 1078 1079 1069 1066 1078 1078 1078 1079 1079 1078 1078 1073 1041 1059 1060 1060 1058 1006 1079 1060 1051 1048 805 1028 1077 1039 556 949 1014 676 1050 1045 979 1079 1069 1080 1066 1072 1065 1067 1024 917 1001 770 777 1018 853 958 973 860 998 1063 1061 988 896 614 733
1074 1077 1076 1064 1061 1062 1062 1058 1070 1066 1061 1060 1059 1073 1075 1078 1078 1071 1078 1078 1069 1064 1074 1078 1078 1077 1066 1069 1078 1075 1075 1074 1079 1079 1079 1066 1079 1079 1079 1076 1073 1079 1061 1071 1078 1079 1066 1028 1065 1025 934 981 1043 1016 1077 1030 758 885 812 1022 967 1051 1045 1034 1068 1080 1006 1059 1067 1064 1063 1057 1004 1072 1043 1058 1034 1029 1066 1043 1037 1016 1079 1043 1019 897 934
1066 1077 1063 1060 1078 1063 1064 1071 1078 1071 1074 1078 1069 1061 1067 1067 1077 1076 1078 1064 1072 1077 1071 1078 1078 1078 1076 1078 1078 1079 1069 1079 1079 1079 1079 1078 1079 1079 1079 1079 1079 1072 1069 1074 1075 1074 1079 1080 1070 980 771 962 1050 1048 1068 1063 1058 960 952 1079 1060 1080 1000 947 1080 934 600 1058 1066 1072 1080 1042 1038 1079 1058 1053 1073 1048 1045 925 782 1042 1080 1079 1019 694 732
1054 1077 1068 1071 1062 1065 1063 1078 1078 1076 1078 1078 1064 1065 1074 1073 1079 1078 1079 1072 1069 1076 1078 1078 1073 1078 1078 1077 1078 1072 1065 1071 1063 1071 1080 1079 1080 1075 1008 1014 1079 1079 1079 1079 1050 1026 1080 1080 1071 1045 1033 1080 1071 1078 1078 1065 1047 936 882 1052 971 986 1062 1045 1080 1080 1058 1066 1080 1080 1012 1042 1072 1074 1062 1048 1060 1052 1032 876 815 1059 1074 1037 919 930 917
1067 1072 1078 1073 1059 1066 1064 1072 1069 1079 1069 1067 1075 1063 1065 1063 1070 1071 1078 1078 1069 1074 1079 1079 1078 1078 1078 1078 1066 1067 1073 1079 1080 1080 1080 892 969 1071 1072 1065 1071 1077 1080 1080 959 967 1080 1080 1080 1080 1080 1080 1080 1080 1078 1046 1009 1009 1046 995 848 839 857 1018 1076 1037 936 1011 1069 1048 1043 1062 1054 1045 1045 1079 1079 1075 1070 1080 1075 1051 1066 1036 1040 1080 929
1077 1068 1073 1065 1061 1071 1066 1057 1070 1078 1062 1071 1073 1076 1060 1074 1063 1076 1068 1078 1066 1074 1079 1079 1077 1079 1076 1077 1064 1076 1076 1079 1080 1079 1080 1022 1037 1060 1077 1052 1061 1080 1080 1078 1080 1081 1081 1075 1081 1081 1077 1081 1058 1050 1081 1060 1039 1061 1080 1056 1037 1040 1054 1081 1082 1041 993 1042 877 889 1081 1080 1080 1000 997 1059 1056 1056 1051 1011 1022 932 905 1064 1067 1062 1007
1069 1065 1072 1078 1073 1074 1067 1075 1072 1072 1063 1075 1079 1080 1075 1080 1080 1074 1073 1079 1071 1078 1072 1080 1080 1078 1079 1067 1071 1063 1068 1080 1080 1074 1076 1067 1072 1060 1068 1073 1066 1060 1081 1081 1081 1077 1080 1074 1079 1081 1074 1082 1043 1055 1081 1078 1072 1075 1071 1050 1076 1082 825 875 1061 1024 966 1018 1069 1046 1060 1081 1078 1035 1024 1024 1038 1068 1051 971 1016 928 917 1046 1060 1062 1081
1064 1067 1068 1069 1070 1074 1076 1080 1076 1060 1064 1069 1075 1064 1080 1067 1080 1080 1079 1080 1063 1080 1073 1078 1078 1080 1080 1078 1065 1061 1064 1080 1080 1080 1080 1080 1080 989 1052 1080 1079 1081 1082 1082 1082 1080 1069 1078 1081 1071 1080 1078 1082 1082 1078 1082 1082 1082 1081 1064 1072 1080 1028 1058 1052 1033 1057 1045 1057 1024 1046 1081 1081 844 889 1042 1081 1067 1081 1082 1080 1055 1034 1062 1069 1060 1077
1066 1066 1068 1066 1066 1068 1069 1073 1059 1058 1077 1081 1080 1081 1070 1081 1081 1064 1070 1081 1070 1081 1080 1081 1079 1074 1066 1080 1079 1081 1067 1081 1081 1079 1081 1070 1077 972 1058 1081 1081 1082 1082 1082 1082 1069 1046 1079 1079 1076 1082 1082 1082 1082 1082 1082 981 1055 980 1040 1051 653 909 1083 1081 1071 833 1038 1082 1082 1082 1076 1066 1073 1074 1079 1054 1046 1032 1054 1083 1066 1082 1082 1072 1072 1074
1078 1075 1070 1066 1068 1071 1073 1073 1081 1080 1070 1073 1081 1074 1064 1073 1066 1075 1076 1077 1076 1081 1080 1081 1081 1076 1072 1073 1076 1079 1075 1081 1082 1066 1082 1076 1082 1059 1057 1082 1070 1082 1082 1082 1074 1082 1081 1082 1082 1082 1082 1082 1068 1082 1083 1082 988 927 975 1032 907 864 1043 862 746 1036 1083 1083 1083 1082 1082 1082 1083 1083 1083 1061 1039 1037 1004 1049 1083 1083 1083 1083 1076 1072 1030
1069 1070 1068 1072 1070 1071 1066 1062 1060 1061 1063 1072 1082 1082 1082 1068 1079 1070 1067 1075 1073 1074 1082 1076 1077 1075 1072 1075 1080 1082 1076 1082 1082 1075 1083 1083 1082 1082 1073 1082 1082 1082 1076 1082 1080 1082 1082 1082 1082 1082 1080 1081 1063 1082 1083 1083 1083 1003 1066 1022 949 1055 1083 1083 1049 1037 1033 1083 1083 1083 1083 1083 1083 1083 1083 1083 1084 1076 1084 1084 1060 1070 1070 1083 1078 1071 1055
1068 1071 1063 1074 1063 1077 1066 1065 1069 1070 1077 1072 1063 1063 1072 1079 1078 1076 1078 1075 1066 1074 1083 1082 1075 1076 1075 1079 1070 1070 1080 1083 1072 1083 1083 1078 1079 1066 1062 1080 1052 1069 1082 1083 1083 1081 1083 1083 1083 1083 1083 1083 1083 1075 1083 1083 1083 1083 1021 1083 1063 984 930 1060 1076 1032 1074 1080 1083 1078 1077 1084 1084 1083 1084 1075 1077 1084 1083 1084 1050 1084 1083 1081 1084 1084 1084
1063 1065 1064 1071 1073 1078 1060 1064 1069 1080 1079 1077 1083 1080 1074 1075 1077 1083 1077 1065 1064 1070 1083 1083 1083 1083 1083 1071 1076 1083 1081 1077 1083 1076 1080 1084 1084 1083 1081 1075 1083 1083 1083 1084 1084 1084 1084 1083 1083 1083 1083 1055 1083 1070 1055 1083 1081 1084 843 1084 1084 1047 1028 1060 1060 980 1073 1080 1077 1081 1077 1079 1084 1084 1060 1074 1086 1086 1072 1084 1084 1084 1084 1082 1084 1084 1084
1062 1058 1063 1078 1071 1063 1067 1072 1083 1083 1074 1070 1073 1082 1083 1080 1083 1081 1066 1073 1064 1073 1081 1083 1083 1083 1084 1081 1084 1084 1081 1081 1076 1084 1084 1084 1081 1077 1083 1084 1084 1083 1082 1084 1084 1084 1079 1084 1084 1084 1079 1044 1084 1083 1074 1084 1081 1084 1015 1084 1084 1027 1071 1078 1075 1056 1081 1079 1084 1084 1084 1085 1060 1085 1086 1061 1085 1073 1070 1084 1080 1084 1084 1084 1084 1082 1084
1063 1069 1074 1078 1071 1060 1083 1079 1073 1076 1083 1083 1080 1083 1083 1075 1074 1075 1078 1082 1082 1077 1082 1084 1082 1083 1084 1084 1082 1085 1085 1080 1078 1085 1085 1085 1084 1084 1084 1083 1078 1084 1084 1084 1078 1067 1085 1084 1084 1084 1082 1084 1084 1084 1084 1085 1085 1070 1084 1084 1085 1073 1076 1087 1078 1085 1085 1085 1082 1056 1069 1074 1071 1085 1065 1076 1085 1076 1085 1085 1084 1084 1084 1077 1084 1084 1085
1072 1081 1078 1069 1077 1076 1084 1068 1074 1084 1077 1072 1074 1073 1072 1062 1083 1079 1071 1071 1084 1084 1084 1084 1085 1085 1085 1085 1084 1082 1084 1080 1085 1084 1084 1085 1085 1085 1085 1085 1084 1084 1084 1085 1079 1085 1084 1079 1078 1083 1081 1074 1084 1085 1075 1086 1085 1067 1084 1085 1084 1086 1087 1074 1086 1086 1085 1085 1083 1078 1086 1085 1085 1082 1086 1086 1086 1086 1085 1085 1085 1076 1085 1076 1085 1085 1085
1065 1080 1072 1068 1065 1081 1084 1068 1081 1084 1074 1074 1062 1078 1084 1085 1084 1085 1085 1083 1083 1085 1085 1081 1084 1079 1085 1085 1076 1084 1086 1086 1086 1086 1086 1086 1086 1086 1078 1085 1085 1085 1082 1080 1085 1085 1085 1085 1086 1080 1086 1086 1085 1086 1086 1087 1086 1086 1085 1075 1079 1082 1087 1087 1086 1084 1086 1086 1062 1028 1086 1085 1085 1086 1087 1064 1086 1086 1085 1085 1085 1085 1086 1085 1085 1085 1085
1063 1063 1064 1062 1069 1068 1068 1079 1080 1069 1082 1076 1075 1070 1085 1085 1076 1078 1062 1062 1078 1085 1085 1078 1085 1081 1084 1086 1083 1086 1086 1081 1087 1085 1081 1086 1087 1077 1084 1081 1086 1077 1084 1086 1084 1081 1086 1086 1086 1086 1087 1086 1086 1086 1086 1086 1087 1086 1087 1087 1088 1085 1088 1076 1052 1082 1071 1088 1088 1048 1028 1069 1086 1086 1087 1087 1086 1086 1086 1086 1086 1086 1086 1086 1083 1085 1085
1073 1066 1062 1064 1084 1078 1085 1079 1079 1074 1075 1075 1076 1076 1076 1085 1062 1082 1056 1083 1086 1086 1086 1073 1086 1082 1085 1086 1085 1087 1083 1083 1083 1073 1072 1082 1087 1087 1088 1088 1083 1087 1086 1083 1079 1079 1083 1082 1082 1088 1088 1087 1087 1087 1086 1087 1087 1078 1087 1088 1088 1089 1089 1088 1075 1078 1088 1089 1079 1076 1091 1051 1077 1087 1088 1087 1086 1087 1087 1087 1086 1086 1086 1086 1086 1085 1086
1082 1078 1072 1077 1084 1077 1077 1084 1069 1069 1075 1086 1079 1077 1079 1071 1065 1083 1086 1084 1083 1079 1079 1071 1081 1087 1087 1073 1079 1077 1078 1085 1080 1089 1071 1083 1088 1081 1088 1089 1088 1083 1088 1081 1074 1080 1088 1088 1089 1089 1089 1088 1088 1087 1087 1087 1087 1087 1088 1088 1089 1089 1089 1089 1089 1089 1089 1082 1088 1090 1092 1090 1088 1088 1088 1087 1087 1087 1087 1080 1087 1087 1087 1087 1086 1086 1086
1079 1072 1070 1081 1078 1070 1079 1086 1077 1076 1070 1082 1087 1078 1086 1084 1083 1085 1084 1076 1078 1078 1088 1081 1084 1088 1088 1084 1070 1089 1085 1089 1074 1089 1084 1089 1089 1089 1089 1089 1089 1089 1089 1089 1090 1089 1090 1090 1090 1090 1090 1089 1088 1089 1088 1088 1088 1089 1089 1089 1090 1090 1090 1089 1089 1089 1089 1090 1090 1056 1054 1090 1088 1088 1088 1088 1088 1088 1074 1079 1079 1076 1088 1088 1087 1087 1087
1078 1071 1075 1077 1078 1083 1087 1069 1066 1072 1071 1078 1079 1087 1081 1071 1072 1089 1089 1079 1065 1086 1089 1085 1079 1084 1089 1089 1089 1090 1090 1090 1080 1091 1090 1089 1089 1089 1090 1090 1087 1089 1076 1090 1091 1091 1082 1077 1091 1087 1090 1089 1089 1090 1090 1090 1090 1090 1090 1090 1090 1090 1090 1079 1090 1090 1090 1090 1090 1090 1090 1090 1089 1089 1089 1089 1081 1082 1079 1089 1089 1089 1089 1089 1088 1088 1088
1082 1072 1078 1080 1079 1078 1073 1064 1071 1066 1071 1079 1089 1088 1083 1085 1089 1090 1085 1086 1089 1089 1085 1084 1081 1081 1087 1081 1090 1089 1090 1084 1079 1080 1091 1083 1090 1091 1085 1091 1091 1092 1092 1091 1091 1091 1092 1091 1092 1092 1091 1090 1089 1090 1091 1091 1092 1092 1091 1091 1090 1090 1090 1083 1091 1091 1091 1091 1091 1090 1090 1090 1090 1083 1090 1090 1080 1090 1091 1090 1090 1090 1090 1090 1090 1089 1089
1080 1083 1072 1083 1079 1075 1073 1072 1072 1069 1067 1079 1090 1088 1079 1071 1071 1083 1079 1068 1072 1077 1077 1074 1081 1077 1074 1077 1083 1088 1092 1084 1092 1092 1092 1091 1090 1087 1090 1092 1092 1080 1085 1092 1092 1092 1092 1092 1092 1092 1092 1091 1091 1091 1092 1092 1093 1093 1092 1092 1092 1091 1091 1091 1091 1091 1091 1091 1091 1091 1090 1090 1091 1092 1091 1091 1091 1091 1091 1091 1091 1091 1090 1090 1090 1090 1090
1084 1085 1077 1087 1083 1084 1077 1078 1079 1072 1078 1079 1091 1085 1084 1073 1081 1078 1078 1091 1092 1091 1090 1091 1091 1084 1092 1092 1092 1082 1082 1092 1092 1092 1092 1091 1092 1078 1088 1093 1080 1093 1093 1093 1089 1075 1093 1093 1093 1093 1092 1092 1092 1092 1085 1093 1082 1094 1094 1093 1092 1092 1092 1092 1092 1092 1076 1090 1091 1083 1091 1073 1092 1092 1086 1092 1091 1091 1091 1091 1091 1091 1091 1090 1090 1090 1090
1091 1072 1078 1074 1091 1076 1079 1077 1079 1078 1085 1079 1091 1091 1088 1084 1085 1092 1089 1083 1083 1080 1083 1092 1091 1093 1093 1093 1092 1084 1083 1084 1092 1093 1093 1078 1092 1081 1093 1087 1093 1093 1094 1087 1093 1094 1094 1094 1093 1093 1093 1093 1093 1092 1092 1092 1093 1094 1094 1094 1093 1093 1093 1093 1093 1083 1066 1093 1093 1093 1092 1093 1092 1092 1093 1092 1092 1091 1091 1091 1091 1091 1091 1091 1091 1091 1091
1083 1074 1070 1075 1092 1073 1077 1082 1084 1070 1072 1084 1086 1092 1082 1085 1093 1088 1081 1071 1078 1070 1080 1088 1085 1093 1093 1094 1094 1093 1094 1080 1092 1093 1086 1076 1091 1095 1094 1094 1094 1093 1094 1084 1087 1094 1095 1095 1090 1094 1093 1093 1093 1093 1093 1093 1094 1095 1095 1095 1094 1093 1093 1093 1093 1074 1094 1093 1094 1093 1093 1093 1093 1088 1093 1092 1092 1091 1092 1092 1092 1092 1086 1085 1082 1092 1092
1090 1093 1085 1075 1093 1080 1083 1084 1089 1081 1080 1083 1085 1088 1092 1094 1093 1074 1083 1087 1088 1087 1094 1079 1083 1086 1090 1094 1091 1096 1096 1086 1084 1085 1082 1085 1087 1091 1094 1094 1094 1085 1095 1095 1095 1095 1095 1095 1095 1095 1094 1094 1094 1094 1094 1095 1095 1096 1096 1095 1095 1094 1094 1094 1094 1095 1095 1092 1094 1093 1094 1093 1077 1093 1093 1093 1068 1093 1092 1092 1092 1086 1092 1092 1092 1092 1092
