prediction/untitled folder/solar_ghi_19900101_19UT.txt
NCOLS 839
NROWS 679
XLLCORNER 112.025005
YLLCORNER -43.9750009
CELLSIZE 0.0499954
NODATA_VALUE -999
[rows 216 to 287 of 679, columns 672 to 767 of 839]
0 0 0 0 0 0 0 0 0 0 0 0 0 0 0 0 0 0 0 0 0 0 0 0 0 0 0 0 0 0 0 0 0 0 0 0 0 0 0 0 0 0 0 0 0 0 0 0 0 0 0 1 2 3 3 4 4 6 8 9 10 11 12 13 13 15 15 15 15 17 17 20 20 20 20 20 20 20 20 20 20 20 25 -999 -999 -999 -999 -999 -999 -999 -999 -999 -999 -999 -999 -999
0 0 0 0 0 0 0 0 0 0 0 0 0 0 0 0 0 0 0 0 0 0 0 0 0 0 0 0 0 0 0 0 0 0 0 0 0 0 0 0 0 0 0 0 0 0 0 0 0 0 1 2 3 4 4 5 6 6 8 9 10 11 12 13 14 15 15 15 17 17 16 20 20 20 20 20 20 20 20 20 20 20 25 -999 -999 -999 -999 -999 -999 -999 -999 -999 -999 -999 -999 -999
0 0 0 0 0 0 0 0 0 0 0 0 0 0 0 0 0 0 0 0 0 0 0 0 0 0 0 0 0 0 0 0 0 0 0 0 0 0 0 0 0 0 0 0 0 0 0 0 0 0 1 2 3 4 5 5 7 8 9 10 11 12 13 14 15 16 16 17 17 16 20 20 20 20 20 20 20 20 20 20 20 20 25 -999 -999 -999 -999 -999 -999 -999 -999 -999 -999 -999 -999 -999
0 0 0 0 0 0 0 0 0 0 0 0 0 0 0 0 0 0 0 0 0 0 0 0 0 0 0 0 0 0 0 0 0 0 0 0 0 0 0 0 0 0 0 0 0 0 0 0 0 1 2 3 4 4 5 6 7 8 10 10 12 12 13 14 15 16 17 18 16 16 20 20 20 20 20 20 20 20 20 20 20 20 25 -999 -999 -999 -999 -999 -999 -999 -999 -999 -999 -999 -999 -999
0 0 0 0 0 0 0 0 0 0 0 0 0 0 0 0 0 0 0 0 0 0 0 0 0 0 0 0 0 0 0 0 0 0 0 0 0 0 0 0 0 0 0 0 0 0 0 0 0 1 2 3 4 5 5 7 8 9 10 11 12 10 12 15 16 17 17 19 19 17 20 20 20 20 20 20 20 20 20 20 20 20 25 29 29 -999 -999 -999 -999 -999 -999 -999 -999 -999 -999 -999
0 0 0 0 0 0 0 0 0 0 0 0 0 0 0 0 0 0 0 0 0 0 0 0 0 0 0 0 0 0 0 0 0 0 0 0 0 0 0 0 0 0 0 0 0 0 0 0 1 2 3 4 5 6 6 8 8 10 10 11 12 9 12 15 16 17 18 19 20 20 19 20 20 20 20 20 20 20 20 20 25 25 25 29 29 31 -999 -999 -999 -999 -999 -999 -999 -999 -999 -999
0 0 0 0 0 0 0 0 0 0 0 0 0 0 0 0 0 0 0 0 0 0 0 0 0 0 0 0 0 0 0 0 0 0 0 0 0 0 0 0 0 0 0 0 0 0 0 0 1 2 3 4 5 6 7 8 9 10 11 12 13 12 12 15 17 18 19 19 20 21 22 20 20 20 20 20 25 25 25 25 25 25 25 29 31 31 -999 -999 -999 -999 -999 -999 -999 -999 -999 -999
0 0 0 0 0 0 0 0 0 0 0 0 0 0 0 0 0 0 0 0 0 0 0 0 0 0 0 0 0 0 0 0 0 0 0 0 0 0 0 0 0 0 0 0 0 0 0 1 2 3 4 5 6 7 8 9 9 10 11 12 13 14 15 16 15 18 19 19 21 22 23 23 23 25 25 25 25 25 25 25 25 25 25 31 31 31 -999 -999 -999 -999 -999 -999 -999 -999 -999 -999
0 0 0 0 0 0 0 0 0 0 0 0 0 0 0 0 0 0 0 0 0 0 0 0 0 0 0 0 0 0 0 0 0 0 0 0 0 0 0 0 0 0 0 0 0 0 0 1 2 3 4 5 6 7 8 9 10 11 12 13 14 15 16 16 17 18 19 13 20 21 23 23 25 25 25 25 25 25 25 25 25 25 31 31 31 31 -999 -999 -999 -999 -999 -999 -999 -999 -999 -999
0 0 0 0 0 0 0 0 0 0 0 0 0 0 0 0 0 0 0 0 0 0 0 0 0 0 0 0 0 0 0 0 0 0 0 0 0 0 0 0 0 0 0 0 0 0 1 2 3 4 5 6 7 8 9 9 10 11 12 13 14 15 15 17 14 18 20 18 20 20 22 24 25 25 25 25 25 25 25 25 29 31 31 31 31 31 -999 -999 -999 -999 -999 -999 -999 -999 -999 -999
0 0 0 0 0 0 0 0 0 0 0 0 0 0 0 0 0 0 0 0 0 0 0 0 0 0 0 0 0 0 0 0 0 0 0 0 0 0 0 0 0 0 0 0 0 0 1 2 3 4 5 6 7 8 9 10 11 12 13 14 14 16 16 17 19 20 20 21 22 23 24 16 22 22 22 22 22 22 29 29 31 31 31 31 31 31 -999 -999 -999 -999 -999 -999 -999 -999 -999 -999
0 0 0 0 0 0 0 0 0 0 0 0 0 0 0 0 0 0 0 0 0 0 0 0 0 0 0 0 0 0 0 0 0 0 0 0 0 0 0 0 0 0 0 0 0 1 2 3 4 5 6 7 8 9 10 10 11 12 13 14 15 16 17 18 19 20 21 22 23 24 25 24 20 20 20 20 29 29 29 31 31 31 31 31 31 31 22 -999 -999 -999 -999 -999 -999 -999 -999 -999
0 0 0 0 0 0 0 0 0 0 0 0 0 0 0 0 0 0 0 0 0 0 0 0 0 0 0 0 0 0 0 0 0 0 0 0 0 0 0 0 0 0 0 0 0 1 2 3 4 5 6 7 8 9 10 11 12 13 14 15 16 17 18 19 20 20 21 22 23 24 25 26 23 23 23 29 29 29 31 31 31 31 31 31 31 31 22 -999 -999 -999 -999 -999 -999 -999 -999 -999
0 0 0 0 0 0 0 0 0 0 0 0 0 0 0 0 0 0 0 0 0 0 0 0 0 0 0 0 0 0 0 0 0 0 0 0 0 0 0 0 0 0 0 0 1 2 3 4 5 6 7 8 9 10 10 11 13 13 14 15 16 17 18 19 20 21 22 23 24 25 25 25 24 24 29 29 29 31 31 31 31 31 31 31 31 31 22 -999 -999 -999 -999 -999 -999 -999 -999 -999
0 0 0 0 0 0 0 0 0 0 0 0 0 0 0 0 0 0 0 0 0 0 0 0 0 0 0 0 0 0 0 0 0 0 0 0 0 0 0 0 0 0 0 0 1 2 3 4 5 6 7 8 9 10 11 12 13 14 15 16 17 18 19 19 20 21 22 23 24 25 26 26 27 28 29 29 31 31 31 31 31 31 31 31 31 31 22 35 -999 -999 -999 -999 -999 -999 -999 -999
0 0 0 0 0 0 0 0 0 0 0 0 0 0 0 0 0 0 0 0 0 0 0 0 0 0 0 0 0 0 0 0 0 0 0 0 0 0 0 0 0 0 0 1 2 3 4 5 6 7 8 9 10 11 11 12 13 14 15 16 17 18 19 20 21 22 22 23 24 25 26 27 28 29 30 31 31 31 31 31 31 31 31 31 31 31 22 35 -999 -999 -999 -999 -999 -999 -999 -999
0 0 0 0 0 0 0 0 0 0 0 0 0 0 0 0 0 0 0 0 0 0 0 0 0 0 0 0 0 0 0 0 0 0 0 0 0 0 0 0 0 0 0 1 2 3 4 5 6 7 8 9 10 11 12 13 14 15 16 17 17 18 20 20 21 22 23 24 25 26 27 27 27 28 30 31 31 31 31 31 31 31 31 31 31 31 43 43 43 43 43 43 43 43 43 43
0 0 0 0 0 0 0 0 0 0 0 0 0 0 0 0 0 0 0 0 0 0 0 0 0 0 0 0 0 0 0 0 0 0 0 0 0 0 0 0 0 0 1 2 3 4 5 6 7 8 9 10 11 11 12 13 14 15 16 17 18 18 20 21 22 23 24 24 25 26 27 28 29 29 30 31 31 31 31 31 31 31 31 31 22 43 43 43 43 43 46 46 46 46 46 46
0 0 0 0 0 0 0 0 0 0 0 0 0 0 0 0 0 0 0 0 0 0 0 0 0 0 0 0 0 0 0 0 0 0 0 0 0 0 0 0 0 0 1 2 3 4 5 6 7 8 9 10 11 12 13 14 15 16 16 17 19 20 20 21 22 23 24 25 26 27 27 28 29 30 30 32 32 32 32 32 32 22 22 22 43 43 43 43 43 43 46 46 46 46 46 46
0 0 0 0 0 0 0 0 0 0 0 0 0 0 0 0 0 0 0 0 0 0 0 0 0 0 0 0 0 0 0 0 0 0 0 0 0 0 0 0 0 1 2 3 4 5 6 7 8 8 10 11 12 12 13 14 15 16 17 18 19 20 21 22 23 23 24 25 26 27 28 29 30 30 31 32 32 32 22 22 22 22 22 22 43 43 43 43 43 43 46 46 46 46 46 53
0 0 0 0 0 0 0 0 0 0 0 0 0 0 0 0 0 0 0 0 0 0 0 0 0 0 0 0 0 0 0 0 0 0 0 0 0 0 0 0 0 1 2 3 4 5 6 7 8 9 10 11 12 13 14 15 15 16 18 19 20 20 21 22 23 23 25 26 27 27 28 29 30 31 32 32 32 22 22 22 22 22 22 43 43 43 43 43 43 46 46 46 46 46 46 53
0 0 0 0 0 0 0 0 0 0 0 0 0 0 0 0 0 0 0 0 0 0 0 0 0 0 0 0 0 0 0 0 0 0 0 0 0 0 0 0 1 2 3 4 5 6 7 8 9 10 11 12 12 13 14 15 16 17 18 19 20 21 22 23 23 24 25 26 27 28 29 30 30 31 32 24 22 22 22 22 22 22 35 43 43 43 43 43 43 46 46 46 46 46 46 53
0 0 0 0 0 0 0 0 0 0 0 0 0 0 0 0 0 0 0 0 0 0 0 0 0 0 0 0 0 0 0 0 0 0 0 0 0 0 0 0 1 2 3 4 5 6 7 8 9 10 11 12 13 14 14 16 16 18 19 20 20 21 22 23 24 25 26 27 27 28 29 29 30 32 33 29 31 31 31 35 35 35 43 43 43 43 43 43 43 46 46 46 46 46 53 53
0 0 0 0 0 0 0 0 0 0 0 0 0 0 0 0 0 0 0 0 0 0 0 0 0 0 0 0 0 0 0 0 0 0 0 0 0 0 0 1 2 3 4 5 6 7 8 9 10 11 12 13 13 14 15 16 17 18 19 20 21 22 23 24 24 25 26 27 28 29 30 30 31 32 33 34 33 33 35 35 35 35 43 43 43 43 43 43 46 46 46 46 46 46 53 53
0 0 0 0 0 0 0 0 0 0 0 0 0 0 0 0 0 0 0 0 0 0 0 0 0 0 0 0 0 0 0 0 0 0 0 0 0 0 1 1 2 3 4 5 6 7 8 9 10 11 12 13 14 15 16 17 17 18 19 20 21 22 23 24 25 26 26 28 28 29 30 31 32 33 33 34 34 35 35 35 35 35 43 43 43 43 43 43 46 46 46 46 46 46 53 53
0 0 0 0 0 0 0 0 0 0 0 0 0 0 0 0 0 0 0 0 0 0 0 0 0 0 0 0 0 0 0 0 0 0 0 0 0 0 1 2 3 4 5 6 7 8 9 10 11 12 13 14 14 15 16 17 18 19 20 21 21 23 24 25 25 26 27 28 29 30 31 31 32 33 34 35 35 35 35 35 35 35 43 43 43 43 43 45 46 46 46 46 46 46 53 53
0 0 0 0 0 0 0 0 0 0 0 0 0 0 0 0 0 0 0 0 0 0 0 0 0 0 0 0 0 0 0 0 0 0 0 0 0 1 1 3 3 4 5 6 7 8 9 10 11 12 13 14 15 16 16 17 18 20 20 21 22 23 24 25 26 27 28 28 29 30 31 32 33 33 34 35 36 36 36 36 38 38 43 43 43 43 43 45 46 46 46 46 46 47 53 53
0 0 0 0 0 0 0 0 0 0 0 0 0 0 0 0 0 0 0 0 0 0 0 0 0 0 0 0 0 0 0 0 0 0 0 0 0 1 2 3 4 5 6 7 8 9 10 11 12 13 14 14 15 16 17 18 19 20 21 21 22 23 24 25 26 27 28 28 30 30 31 32 33 34 35 35 36 37 37 38 38 38 43 43 43 43 43 45 46 46 46 47 47 48 53 53
0 0 0 0 0 0 0 0 0 0 0 0 0 0 0 0 0 0 0 0 0 0 0 0 0 0 0 0 0 0 0 0 0 0 0 0 1 2 3 3 4 5 6 7 8 9 10 11 12 13 14 15 16 17 18 18 20 21 21 22 23 24 25 26 26 28 28 29 30 31 32 32 33 34 35 36 37 38 38 38 38 40 43 43 43 43 45 45 46 46 47 47 48 48 53 53
0 0 0 0 0 0 0 0 0 0 0 0 0 0 0 0 0 0 0 0 0 0 0 0 0 0 0 0 0 0 0 0 0 0 0 0 1 2 3 4 5 6 7 8 9 10 11 12 13 14 15 15 16 17 18 19 20 21 22 23 24 24 25 26 27 28 28 29 30 31 32 33 34 35 35 36 37 38 39 39 40 42 42 43 45 45 45 46 46 47 47 48 48 51 53 53
0 0 0 0 0 0 0 0 0 0 0 0 0 0 0 0 0 0 0 0 0 0 0 0 0 0 0 0 0 0 0 0 0 0 0 1 2 2 4 4 6 6 7 8 9 10 11 12 13 14 15 16 16 18 18 19 20 21 22 23 24 25 25 26 27 28 29 30 31 31 32 33 34 35 35 37 37 38 39 40 40 42 42 44 45 45 45 46 47 47 48 48 48 51 51 53
0 0 0 0 0 0 0 0 0 0 0 0 0 0 0 0 0 0 0 0 0 0 0 0 0 0 0 0 0 0 0 0 0 0 0 1 2 3 4 5 6 7 8 9 10 11 12 13 13 15 15 16 17 18 19 20 21 21 22 23 24 25 26 27 28 29 30 31 31 32 33 34 35 35 36 37 38 39 39 40 41 42 42 44 44 45 45 46 47 48 49 49 50 51 51 51
0 0 0 0 0 0 0 0 0 0 0 0 0 0 0 0 0 0 0 0 0 0 0 0 0 0 0 0 0 0 0 0 0 0 1 2 3 4 4 6 6 7 8 9 10 11 12 13 14 15 16 16 17 19 20 20 21 22 22 24 25 25 26 27 28 29 30 31 31 33 33 34 35 36 37 37 38 39 39 41 41 42 44 44 44 45 47 47 47 48 49 50 50 51 51 52
0 0 0 0 0 0 0 0 0 0 0 0 0 0 0 0 0 0 0 0 0 0 0 0 0 0 0 0 0 0 0 0 0 0 1 2 3 4 5 6 7 8 9 10 11 12 13 14 15 16 16 17 18 19 20 20 22 22 24 24 25 26 27 28 28 30 30 31 32 33 34 35 35 36 37 38 39 39 40 41 42 42 43 44 45 45 47 47 48 49 49 50 51 52 52 52
0 0 0 0 0 0 0 0 0 0 0 0 0 0 0 0 0 0 0 0 0 0 0 0 0 0 0 0 0 0 0 0 0 1 2 3 3 5 6 7 7 8 9 10 11 12 13 14 15 16 17 17 18 19 20 21 22 23 24 25 26 27 27 28 29 30 31 32 33 33 34 35 36 37 37 38 39 40 41 41 42 42 44 44 45 46 46 48 48 48 50 50 51 52 53 54
0 0 0 0 0 0 0 0 0 0 0 0 0 0 0 0 0 0 0 0 0 0 0 0 0 0 0 0 0 0 0 0 0 1 2 3 4 5 6 7 8 9 10 11 12 13 14 15 15 16 17 18 19 20 21 21 22 24 24 25 26 27 28 29 29 30 31 32 33 34 34 35 36 37 37 39 39 40 41 42 42 43 44 45 46 46 47 47 49 49 50 51 52 52 53 54
0 0 0 0 0 0 0 0 0 0 0 0 0 0 0 0 0 0 0 0 0 0 0 0 0 0 0 0 0 0 0 0 1 2 3 4 5 6 6 7 8 9 10 11 12 13 14 15 16 17 18 18 19 20 21 22 23 24 25 25 26 27 28 29 30 31 32 33 33 34 35 36 37 37 38 39 40 41 41 42 43 44 44 45 46 47 47 48 47 47 50 51 52 53 53 54
0 0 0 0 0 0 0 0 0 0 0 0 0 0 0 0 0 0 0 0 0 0 0 0 0 0 0 0 0 0 0 0 1 2 3 4 5 6 7 8 9 10 11 12 13 14 14 15 16 17 18 19 20 20 21 23 24 24 25 26 27 27 29 29 30 31 31 32 34 34 35 36 36 38 38 39 39 40 42 42 43 44 45 45 46 47 48 48 44 47 51 52 52 53 54 54
0 0 0 0 0 0 0 0 0 0 0 0 0 0 0 0 0 0 0 0 0 0 0 0 0 0 0 0 0 0 0 1 2 3 4 5 6 7 7 8 9 10 11 12 13 14 15 16 17 18 18 19 20 21 21 23 24 25 25 26 27 28 28 29 30 31 32 33 34 34 36 36 37 38 39 40 40 41 42 43 44 44 45 46 47 47 48 47 47 50 51 52 53 53 53 55
0 0 0 0 0 0 0 0 0 0 0 0 0 0 0 0 0 0 0 0 0 0 0 0 0 0 0 0 0 0 0 1 2 3 4 5 6 7 8 9 10 11 12 13 14 14 15 16 17 18 19 20 20 21 22 24 24 25 26 27 28 28 30 30 31 32 33 34 34 35 36 37 38 38 39 40 41 42 42 42 43 44 45 46 47 48 48 48 50 51 51 52 53 54 54 55
0 0 0 0 0 0 0 0 0 0 0 0 0 0 0 0 0 0 0 0 0 0 0 0 0 0 0 0 0 0 1 2 3 4 5 6 7 7 8 9 10 11 12 13 14 15 16 17 17 18 19 20 21 22 23 24 25 26 27 27 28 29 30 31 32 32 32 34 34 36 36 37 38 39 39 40 41 42 41 43 44 44 44 46 47 48 48 49 50 50 52 53 52 53 53 56
0 0 0 0 0 0 0 0 0 0 0 0 0 0 0 0 0 0 0 0 0 0 0 0 0 0 0 0 0 0 1 2 3 4 5 6 7 8 9 10 11 12 12 14 15 15 16 17 18 19 19 20 21 23 23 24 25 26 27 28 29 30 30 31 32 33 34 34 35 36 37 38 38 39 40 40 42 42 43 44 45 45 45 46 47 48 49 48 50 51 51 52 53 54 53 56
0 0 0 0 0 0 0 0 0 0 0 0 0 0 0 0 0 0 0 0 0 0 0 0 0 0 0 0 0 1 2 3 4 5 6 6 8 8 9 10 11 12 13 14 15 16 17 18 18 19 20 21 22 23 24 25 25 26 28 28 29 30 31 31 32 33 34 35 36 37 37 38 39 39 40 41 42 43 43 44 45 46 46 47 48 49 49 50 51 52 52 53 54 55 56 56
0 0 0 0 0 0 0 0 0 0 0 0 0 0 0 0 0 0 0 0 0 0 0 0 0 0 0 0 0 1 2 3 4 5 6 7 8 9 10 11 12 13 14 15 16 16 17 18 19 19 21 22 23 23 24 25 26 27 28 29 30 30 31 32 33 34 35 35 36 36 38 38 39 40 40 41 42 43 44 45 44 46 46 48 49 49 50 51 52 52 53 54 55 55 56 57
0 0 0 0 0 0 0 0 0 0 0 0 0 0 0 0 0 0 0 0 0 0 0 0 0 0 0 0 1 2 3 4 5 6 7 8 8 10 10 11 12 13 14 15 16 17 18 18 19 20 21 22 23 24 25 25 27 27 28 29 30 31 32 32 33 34 34 36 36 37 38 39 40 40 41 42 43 43 44 45 45 47 47 48 49 50 50 51 52 53 53 54 55 56 56 57
0 0 0 0 0 0 0 0 0 0 0 0 0 0 0 0 0 0 0 0 0 0 0 0 0 0 0 0 1 2 3 4 5 6 7 8 9 10 11 12 13 14 15 16 16 17 18 19 19 21 22 22 23 24 25 26 27 27 29 30 30 31 32 32 33 34 35 36 36 38 38 38 40 40 41 42 43 43 45 45 46 47 48 48 49 49 51 51 52 51 52 54 55 55 56 57
0 0 0 0 0 0 0 0 0 0 0 0 0 0 0 0 0 0 0 0 0 0 0 0 0 0 0 1 2 3 4 5 6 7 7 9 9 10 11 12 13 14 15 16 17 18 18 19 20 21 22 23 24 25 26 26 27 26 27 29 29 30 28 30 33 34 35 37 37 38 39 39 40 41 42 43 43 44 45 46 47 47 48 49 50 50 50 52 53 53 52 55 56 56 56 57
0 0 0 0 0 0 0 0 0 0 0 0 0 0 0 0 0 0 0 0 0 0 0 0 0 0 1 1 2 3 4 5 6 7 8 9 10 11 12 13 14 14 15 16 17 18 19 20 20 21 23 23 24 24 26 27 28 28 27 29 28 27 28 30 32 35 36 37 38 38 39 40 40 41 42 43 44 44 45 46 47 47 48 49 50 51 51 52 53 54 54 55 55 55 57 58
0 0 0 0 0 0 0 0 0 0 0 0 0 0 0 0 0 0 0 0 0 0 0 0 0 0 1 2 3 4 5 6 7 8 9 9 11 11 12 13 14 15 16 17 18 19 19 20 21 22 23 24 24 25 26 27 28 29 29 30 27 25 30 34 34 36 37 37 38 39 40 41 41 42 42 44 44 45 45 47 47 47 48 50 50 51 52 53 53 53 55 56 56 56 57 59
0 0 0 0 0 0 0 0 0 0 0 0 0 0 0 0 0 0 0 0 0 0 0 0 0 1 1 2 3 4 5 6 7 8 9 10 11 12 13 14 15 15 16 17 18 19 20 20 22 22 23 24 25 26 27 28 29 30 30 30 30 28 31 35 35 36 37 38 38 39 40 41 41 42 43 44 45 45 46 47 47 48 48 50 51 52 52 52 54 54 55 56 57 57 58 58
0 0 0 0 0 0 0 0 0 0 0 0 0 0 0 0 0 0 0 0 0 0 0 0 0 1 2 3 4 5 6 7 8 8 9 10 11 12 13 14 15 16 17 18 19 19 20 21 22 23 24 25 26 26 28 28 29 30 31 31 32 32 33 34 35 36 37 38 39 40 40 41 42 42 43 44 45 46 46 47 47 48 49 50 51 52 53 53 54 55 55 56 55 58 59 59
0 0 0 0 0 0 0 0 0 0 0 0 0 0 0 0 0 0 0 0 0 0 0 0 1 2 3 3 4 5 6 7 8 9 10 11 12 13 14 15 16 17 17 18 19 20 20 22 23 23 25 25 26 27 28 29 30 30 31 32 32 33 35 35 35 36 36 38 39 40 40 42 42 43 44 45 45 45 46 48 48 49 50 51 51 52 53 54 54 55 56 56 52 57 59 60
0 0 0 0 0 0 0 0 0 0 0 0 0 0 0 0 0 0 0 0 0 0 0 0 1 2 3 4 5 6 7 8 9 9 10 11 12 13 14 15 16 17 18 18 20 20 21 22 23 24 25 26 27 28 28 29 30 31 32 33 33 34 35 36 37 37 36 38 40 40 41 42 42 44 44 44 46 46 47 48 49 49 50 51 52 53 53 54 55 55 56 57 58 59 59 59
0 0 0 0 0 0 0 0 0 0 0 0 0 0 0 0 0 0 0 0 0 0 0 1 2 3 4 4 5 6 7 8 9 10 11 12 13 14 15 16 17 17 18 19 20 21 22 23 24 24 25 26 27 28 28 29 30 31 32 33 34 34 35 36 37 38 37 37 40 41 41 42 43 43 45 44 46 47 48 48 48 50 50 51 52 53 54 54 55 56 57 57 58 59 60 60
0 0 0 0 0 0 0 0 0 0 0 0 0 0 0 0 0 0 0 0 0 0 0 1 2 3 4 5 6 7 8 9 10 11 11 13 13 14 15 16 17 18 19 20 21 21 22 23 24 25 26 27 28 28 29 30 31 32 32 33 34 35 35 37 37 38 38 38 40 41 40 42 43 44 45 44 46 47 47 49 49 50 51 52 53 53 54 55 55 56 57 58 57 56 59 60
0 0 0 0 0 0 0 0 0 0 0 0 0 0 0 0 0 0 0 0 0 0 1 2 3 4 5 5 6 7 8 9 10 11 12 13 14 15 16 17 18 18 19 20 21 21 22 24 24 25 26 27 28 29 30 30 31 32 33 34 34 35 36 37 38 38 39 40 40 42 42 43 44 44 44 45 46 48 48 49 49 50 51 52 53 54 54 55 55 56 57 58 57 53 56 58
0 0 0 0 0 0 0 0 0 0 0 0 0 0 0 0 0 0 0 0 0 0 1 2 3 4 5 6 7 8 9 10 10 11 12 13 14 15 16 17 18 19 20 21 21 21 23 24 24 25 27 28 28 29 30 31 32 32 33 34 35 36 37 37 38 39 40 40 41 42 43 43 44 45 44 46 47 47 49 50 50 50 51 52 53 54 55 55 56 57 58 58 59 60 60 61
0 0 0 0 0 0 0 0 0 0 0 0 0 0 0 0 0 0 0 0 0 1 2 3 4 5 5 7 7 8 9 10 11 12 13 14 15 16 17 17 18 19 20 21 22 22 23 24 25 26 27 28 29 30 30 31 32 32 33 35 35 36 37 38 38 39 40 41 41 42 42 43 45 45 45 46 47 48 48 49 50 51 51 52 53 53 54 56 57 57 58 59 60 60 61 62
0 0 0 0 0 0 0 0 0 0 0 0 0 0 0 0 0 0 0 0 0 1 2 3 4 5 6 7 8 9 9 11 11 12 14 14 15 16 17 18 19 20 21 21 23 22 23 25 25 26 28 28 29 30 31 32 33 33 34 35 36 36 37 38 39 40 40 41 42 42 43 44 45 45 45 47 48 48 48 49 49 50 51 53 53 54 55 56 57 58 58 59 60 59 58 60
0 0 0 0 0 0 0 0 0 0 0 0 0 0 0 0 0 0 0 0 1 2 3 4 4 6 7 7 8 9 10 11 12 13 14 15 16 17 18 18 19 20 21 22 23 23 24 25 26 26 28 28 30 30 31 32 32 34 34 35 35 36 37 39 39 40 41 42 42 43 44 44 44 45 45 45 48 48 48 50 50 50 51 53 54 54 56 57 57 57 59 60 60 61 60 62
0 0 0 0 0 0 0 0 0 0 0 0 0 0 0 0 0 0 0 0 1 2 3 4 5 6 7 8 9 10 11 11 12 13 14 15 16 17 18 18 20 21 21 23 23 24 25 25 27 27 27 29 30 31 31 32 33 34 35 35 36 37 38 39 40 40 41 42 43 43 44 45 46 46 47 48 49 49 49 50 50 50 52 53 55 56 56 57 56 58 59 60 61 61 62 63
0 0 0 0 0 0 0 0 0 0 0 0 0 0 0 0 0 0 0 1 2 3 4 5 6 7 8 8 9 10 11 12 13 14 15 15 17 18 18 19 20 21 22 23 23 24 25 26 27 28 28 29 30 31 32 33 33 34 35 36 37 38 39 39 40 41 42 42 43 44 45 45 46 46 48 48 49 49 50 51 50 51 51 52 54 54 57 57 56 57 60 60 61 62 62 63
0 0 0 0 0 0 0 0 0 0 0 0 0 0 0 0 0 0 0 1 2 3 4 5 6 7 8 9 10 11 12 13 14 15 15 16 17 18 19 20 21 22 23 23 24 24 25 27 28 29 29 29 30 31 32 33 34 35 35 36 36 38 39 40 40 41 42 43 43 44 45 46 47 47 48 48 49 49 50 50 51 52 53 53 56 55 57 58 58 58 58 61 61 62 63 63
0 0 0 0 0 0 0 0 0 0 0 0 0 0 0 0 0 0 1 2 3 4 5 6 7 8 9 10 10 11 12 13 14 15 16 17 17 18 19 20 21 22 23 23 24 24 25 27 27 29 29 30 31 32 32 33 34 35 36 37 38 38 39 40 41 42 42 43 44 45 45 46 46 47 48 48 50 51 51 52 51 54 53 54 54 55 57 57 59 60 58 61 62 62 63 64
0 0 0 0 0 0 0 0 0 0 0 0 0 0 0 0 0 1 1 2 3 4 5 6 7 8 9 10 11 12 13 14 14 15 16 17 18 19 20 21 22 23 23 24 24 25 27 27 28 28 30 30 31 33 33 34 34 35 36 37 38 38 40 40 41 42 43 44 44 45 46 46 47 47 48 49 50 50 51 51 52 53 53 56 55 57 58 58 57 57 60 61 62 63 63 63
0 0 0 0 0 0 0 0 0 0 0 0 0 0 0 0 0 1 2 3 4 5 6 6 7 8 9 10 11 12 13 14 15 16 17 18 19 19 20 21 22 23 23 24 25 25 26 27 28 29 30 30 32 33 34 34 35 36 36 37 38 39 40 41 41 42 43 43 45 45 46 47 47 48 47 47 50 51 52 52 54 53 54 54 55 56 56 58 59 59 59 60 62 63 63 64
0 0 0 0 0 0 0 0 0 0 0 0 0 0 0 0 1 2 3 3 4 5 6 7 8 9 10 11 12 13 13 15 15 16 17 18 19 20 21 22 23 23 24 24 25 26 27 28 29 29 30 31 32 33 34 34 34 35 36 37 39 40 40 41 42 43 43 44 45 45 46 45 47 48 47 50 51 51 52 53 52 54 55 54 56 58 58 59 60 60 60 61 61 63 64 65
0 0 0 0 0 0 0 0 0 0 0 0 0 0 0 0 1 2 3 4 5 6 7 7 8 9 10 11 12 13 14 15 16 17 17 19 20 20 21 22 22 23 24 24 25 26 27 28 29 30 30 32 33 34 34 35 36 36 38 38 39 40 40 41 42 43 44 43 45 46 46 47 48 47 49 51 51 51 52 54 54 55 53 55 57 57 58 59 60 61 62 62 62 63 64 65
0 0 0 0 0 0 0 0 0 0 0 0 0 0 0 1 2 3 4 4 5 6 7 8 9 10 11 12 13 14 14 15 16 17 18 19 20 20 21 22 23 23 25 25 26 27 27 28 29 30 31 32 33 34 33 35 36 37 38 38 39 40 41 40 43 43 44 44 44 46 47 47 47 48 50 51 51 51 51 53 54 54 55 55 57 58 58 59 60 61 62 61 63 64 64 66
0 0 0 0 0 0 0 0 0 0 0 0 0 0 0 1 2 3 4 5 6 7 8 9 9 10 11 12 13 14 15 15 16 17 18 19 20 21 22 23 24 25 26 26 26 28 28 29 30 31 31 33 33 34 35 36 36 38 38 38 40 40 41 42 43 43 44 45 46 47 48 48 49 49 49 51 52 51 53 54 55 56 57 57 58 59 59 59 61 62 62 63 64 64 65 66
0 0 0 0 0 0 0 0 0 0 0 0 0 0 1 2 3 4 4 5 6 7 8 9 10 11 12 13 14 15 16 16 17 18 19 20 21 21 22 23 24 25 25 26 27 28 29 29 30 31 31 33 34 35 35 36 37 36 37 39 39 39 41 43 43 44 44 45 46 46 48 49 50 49 50 51 51 52 52 54 55 56 57 58 58 59 60 60 61 62 63 63 64 65 66 66
0 0 0 0 0 0 0 0 0 0 0 0 0 0 1 2 3 4 5 6 7 8 9 10 10 11 12 13 14 15 16 17 18 19 19 21 21 22 23 24 25 26 26 27 27 28 29 30 30 31 32 33 34 35 36 37 37 37 38 39 40 42 42 43 44 44 44 45 46 47 48 49 49 51 51 51 53 53 54 55 56 55 56 58 59 58 58 59 61 62 63 64 64 65 66 67
