prediction/untitled folder/solar_ghi_19900101_06UT.txt
NCOLS 839
NROWS 679
XLLCORNER 112.025005
YLLCORNER -43.9750009
CELLSIZE 0.0499954
NODATA_VALUE -999
[rows 210 to 251 of 679, columns 94 to 187 of 839]
862 862 862 863 859 859 859 859 859 857 857 855 855 858 858 856 856 856 855 854 854 854 852 852 852 845 841 851 850 850 849 848 844 832 847 846 846 840 841 840 836 839 840 843 842 841 839 829 828 801 831 839 821 838 820 785 799 763 766 835 816 787 800 780 805 792 704 818 745 649 790 828 828 804 787 809 819 819 825 821 802 797 783 753 802 781 812 820 820 819 801 808 812 805
862 862 862 863 863 859 859 859 857 857 857 855 855 858 858 856 856 856 855 855 854 854 852 852 849 852 841 846 848 850 849 849 848 844 847 846 846 846 842 837 834 834 840 831 837 842 838 820 828 832 817 835 838 837 833 825 832 816 832 835 834 830 752 665 776 679 772 814 791 826 745 816 828 828 815 815 819 814 818 817 812 815 811 810 770 821 821 820 820 820 811 811 801 798
862 862 862 863 863 859 859 859 857 857 854 855 855 858 858 842 856 856 855 855 854 854 853 850 852 852 851 851 848 850 849 849 848 848 847 847 846 846 846 846 845 844 840 824 839 842 841 834 836 837 823 839 835 684 837 822 829 833 819 796 831 770 775 818 811 810 726 822 786 808 769 812 828 828 820 823 823 809 815 825 824 822 815 820 801 821 817 632 781 820 819 819 819 811
859 859 864 863 863 860 862 861 857 857 854 855 855 858 858 842 856 856 855 855 854 851 847 853 852 852 852 851 850 850 849 849 848 848 847 847 846 841 820 833 822 844 818 840 842 842 842 836 837 840 839 839 809 746 825 778 799 836 819 827 834 834 834 833 832 831 831 793 794 787 804 771 828 827 827 827 826 818 825 817 803 784 785 823 806 809 815 805 755 793 766 793 819 818
866 865 864 860 855 856 862 860 856 857 854 855 855 858 858 842 853 856 855 855 854 848 850 853 852 852 852 851 851 850 850 849 848 848 847 790 827 835 707 712 845 844 844 822 811 842 823 841 809 828 840 839 831 834 834 812 818 832 835 834 834 834 717 741 801 825 832 828 814 788 794 812 803 821 815 815 800 814 825 807 817 792 812 823 781 603 583 818 783 685 812 729 700 819
866 865 864 864 863 856 856 852 861 860 853 859 858 858 852 856 856 855 855 855 854 853 851 853 853 852 852 847 846 850 725 438 830 848 848 815 666 782 846 779 747 833 843 827 729 842 749 815 744 778 666 799 838 826 826 821 807 829 835 834 834 834 833 821 821 824 829 828 831 819 818 822 778 791 725 824 789 819 805 743 805 798 806 823 797 720 744 674 581 682 665 794 819 794
865 865 864 864 863 852 855 855 854 828 849 851 858 858 833 839 832 837 848 855 854 835 853 851 853 733 742 764 808 835 502 372 796 848 831 554 664 826 830 825 842 824 806 818 791 791 804 595 840 685 535 835 838 823 832 795 787 836 815 746 800 796 518 831 811 826 832 832 827 731 793 829 791 666 624 806 725 826 767 735 787 799 813 820 807 806 712 652 682 672 640 740 779 678
861 861 864 864 859 860 851 848 763 670 787 777 707 792 851 712 629 638 782 855 854 805 852 851 853 644 663 730 681 770 635 595 661 667 832 783 840 840 825 512 500 596 730 658 641 804 815 769 830 809 830 825 838 769 826 807 825 836 814 810 831 818 813 822 806 806 833 815 584 804 830 818 723 541 633 716 642 814 805 826 809 787 824 821 791 808 593 743 810 815 531 562 820 816
860 860 859 864 863 863 857 842 810 807 777 651 657 849 619 843 837 561 740 851 842 828 804 745 768 853 688 787 672 595 714 762 720 809 820 696 829 840 780 830 714 755 763 717 822 823 810 834 838 834 830 802 838 735 823 834 826 800 824 717 723 835 835 830 817 726 724 602 814 776 831 816 788 757 779 827 811 784 825 826 818 804 825 821 786 801 735 659 802 815 682 743 781 819
860 861 864 860 863 863 855 832 847 843 793 772 829 841 846 857 789 484 773 812 721 790 658 513 649 828 741 793 778 575 763 785 616 766 741 737 837 764 597 404 845 650 792 811 716 782 815 806 838 840 840 836 828 818 832 835 830 806 825 770 804 828 828 834 834 812 811 825 810 802 762 791 767 809 817 825 733 770 826 806 804 825 775 764 800 780 549 778 675 822 622 699 760 753
852 859 856 841 831 847 855 733 816 570 746 853 736 742 858 846 815 856 853 454 738 817 842 853 833 814 828 803 724 758 797 796 539 598 749 661 690 801 695 659 821 672 731 747 628 824 832 732 792 827 828 823 808 812 817 823 834 836 833 836 835 835 835 834 834 799 800 833 833 645 777 772 822 787 813 802 827 807 814 778 795 814 731 711 818 780 659 819 734 822 736 756 695 821
825 846 787 731 778 801 739 823 827 646 832 851 831 850 857 854 837 800 841 780 854 731 800 780 797 832 802 764 759 663 638 829 752 672 804 765 827 809 807 803 785 845 845 844 827 837 793 825 723 769 820 815 822 789 750 822 822 836 836 836 832 835 834 832 818 677 680 821 832 832 831 825 798 581 799 824 827 759 812 789 814 821 775 722 766 821 796 802 773 822 802 535 818 783
601 602 505 666 799 623 503 546 687 813 703 756 844 858 857 812 800 814 785 846 831 603 838 675 827 810 764 824 814 677 704 850 844 802 662 832 848 831 840 840 843 845 845 844 812 729 791 725 810 834 840 840 840 796 782 813 818 837 836 833 833 832 824 825 823 706 816 833 833 825 760 729 704 629 646 787 812 824 778 755 823 809 818 767 808 824 812 807 807 818 819 796 822 749
277 376 386 772 599 556 505 495 633 719 533 799 730 858 815 838 848 844 808 770 822 848 850 842 841 828 845 851 850 815 835 850 839 828 780 823 644 848 847 840 842 845 845 827 714 671 771 664 518 821 840 840 822 832 826 818 831 813 810 834 832 823 829 835 827 795 822 833 832 832 831 828 827 822 804 712 671 825 725 807 823 819 809 825 825 825 824 703 668 815 822 822 822 813
334 304 352 542 402 734 802 715 787 737 700 835 809 858 815 776 845 856 846 845 839 824 823 822 847 847 849 851 851 847 850 850 847 849 844 813 797 832 844 836 834 843 845 845 829 770 636 599 709 640 821 791 658 794 817 805 812 765 784 835 837 836 836 836 835 822 824 830 832 801 819 831 830 794 791 826 829 825 806 804 816 811 815 822 825 825 813 717 784 820 802 797 819 810
420 423 483 433 456 840 852 841 861 843 825 789 795 812 645 847 857 856 856 855 850 846 841 853 849 829 829 851 848 832 850 850 842 833 823 806 811 848 847 824 786 846 846 845 824 581 672 831 785 683 659 704 801 705 815 787 806 793 816 837 837 837 828 818 835 832 826 822 657 829 828 789 806 818 822 829 829 829 828 824 820 819 819 825 818 825 804 824 824 802 704 717 823 822
734 780 830 851 841 860 831 862 861 859 847 823 834 803 793 856 856 856 856 855 853 744 835 853 829 813 823 850 845 780 850 829 847 842 812 805 837 848 847 839 819 784 730 807 845 841 837 778 747 686 738 815 692 840 836 836 822 826 831 835 837 837 829 825 823 821 831 821 811 831 736 829 782 823 829 829 829 829 826 828 827 827 818 815 789 825 808 824 799 791 786 806 805 749
863 856 839 763 795 843 801 765 861 835 853 859 851 848 822 836 856 856 853 855 855 847 854 853 853 848 841 852 840 801 844 819 850 843 818 845 848 815 815 847 847 834 824 797 845 834 709 840 835 831 821 834 841 828 800 788 808 837 835 836 837 822 825 819 819 824 830 833 833 817 802 819 524 831 830 829 829 752 802 828 821 801 803 796 800 820 814 825 814 821 813 767 808 785
864 865 865 864 856 856 759 711 859 840 860 859 859 858 838 857 856 856 856 855 852 808 854 851 853 706 789 848 835 830 844 850 850 830 845 772 833 828 832 846 847 846 846 846 845 822 817 804 836 795 766 830 841 827 764 759 835 794 835 835 837 816 833 813 833 834 831 833 830 762 581 574 801 794 830 830 805 815 822 821 774 791 802 806 819 810 800 825 824 824 816 792 740 793
864 865 865 863 855 778 806 851 832 820 860 859 859 858 857 857 847 856 856 855 855 854 854 839 853 853 849 836 836 825 839 850 848 837 799 635 833 847 847 847 847 846 846 846 845 757 625 843 843 830 842 842 841 834 841 840 796 759 832 831 838 837 833 825 820 834 831 820 827 807 776 807 832 831 765 811 817 829 818 808 808 822 798 797 819 796 790 825 822 822 824 808 792 821
866 861 853 854 804 498 694 839 770 786 860 859 859 857 857 855 828 846 853 853 836 843 854 854 853 851 852 812 831 839 850 850 849 841 785 756 787 847 847 847 847 846 846 846 845 842 836 844 843 840 839 842 841 789 838 840 839 832 833 834 837 826 800 831 641 761 834 834 834 826 806 805 743 755 831 815 831 830 799 827 822 821 710 775 780 802 806 809 809 804 809 776 824 824
798 680 658 753 503 607 556 846 825 853 859 857 859 853 848 810 857 849 856 855 849 793 777 845 853 852 848 849 820 812 849 848 849 849 832 820 777 846 847 840 822 846 846 843 845 798 759 833 836 835 842 842 830 841 841 840 827 831 826 818 827 817 820 811 733 804 835 834 834 775 811 807 827 832 832 831 831 799 668 822 793 821 721 792 751 815 796 784 795 814 799 809 824 824
500 460 643 846 853 815 785 806 861 860 845 851 843 828 829 806 855 846 854 692 845 840 847 854 852 853 837 724 619 798 845 842 850 830 838 842 833 841 847 843 818 810 846 846 845 830 838 844 838 832 842 842 825 841 841 841 840 839 813 826 837 837 836 836 836 835 835 835 835 823 817 833 833 832 832 831 831 831 830 829 828 817 722 774 797 827 827 784 814 822 821 822 824 824
380 617 839 861 824 782 799 692 861 860 827 854 819 841 844 810 810 855 847 780 855 854 854 853 853 853 852 852 852 851 848 840 850 843 849 848 847 842 841 847 835 832 846 845 845 845 845 844 843 840 840 842 841 841 841 841 840 839 839 832 831 837 836 836 836 835 835 835 835 834 823 826 800 832 832 811 820 831 830 829 821 788 773 774 774 827 827 826 810 805 814 824 824 824
467 684 853 858 653 679 763 761 823 861 848 859 853 705 781 824 826 844 838 783 855 854 854 851 853 853 852 846 847 851 850 850 850 819 846 841 847 827 844 847 843 846 846 845 845 845 844 843 843 843 843 841 841 841 841 834 840 840 839 838 831 834 836 836 824 833 835 835 835 835 827 831 825 832 832 831 831 831 830 822 814 804 822 828 817 803 827 819 790 815 825 825 825 813
657 849 864 443 805 836 669 668 811 845 785 859 838 561 717 835 794 775 802 842 855 853 850 814 843 853 852 852 851 851 850 849 825 747 849 846 848 843 844 847 846 844 843 845 845 844 844 843 843 843 842 842 822 835 841 841 841 840 840 839 834 827 837 830 795 794 825 835 835 835 834 834 833 833 832 832 831 831 830 823 819 809 809 824 821 817 827 827 826 820 822 822 818 809
846 862 858 850 864 812 671 785 856 787 729 837 846 824 744 766 803 810 844 853 849 831 812 854 853 820 852 852 852 851 845 818 815 843 849 849 848 847 844 847 846 846 846 845 845 844 844 843 843 841 842 842 841 841 841 829 824 833 815 839 818 835 837 836 816 787 832 835 835 835 834 834 833 833 832 832 831 831 830 827 823 822 783 799 768 778 827 827 824 806 826 818 825 814
866 865 850 745 680 802 803 852 859 861 858 800 783 854 824 597 775 849 850 851 769 770 843 812 746 844 812 849 852 824 838 845 839 843 849 849 848 845 847 847 846 846 845 845 845 844 844 843 843 836 795 842 841 841 841 841 840 839 839 838 838 837 837 837 790 836 836 835 835 835 834 833 833 833 832 832 831 831 830 830 732 819 829 809 826 828 827 827 827 827 826 823 825 814
812 836 865 856 853 857 862 862 862 851 767 548 548 701 743 630 628 833 823 806 766 811 832 761 760 853 850 852 848 812 826 721 817 836 831 839 848 848 847 847 846 846 846 845 845 844 844 843 843 842 840 842 841 841 841 840 840 839 839 838 838 837 837 837 837 836 836 836 835 834 834 833 809 818 826 832 831 816 785 830 822 830 829 829 828 828 828 824 827 827 824 810 825 825
836 585 795 858 864 863 861 858 861 676 635 611 478 587 781 745 725 803 725 816 849 844 820 699 788 853 853 852 836 783 851 849 850 850 758 820 848 848 847 847 847 846 846 845 845 831 834 835 841 813 775 836 841 841 841 780 840 839 839 839 838 838 838 833 837 836 836 835 835 835 834 831 823 833 833 832 832 831 831 830 820 830 829 829 829 826 827 827 827 827 827 826 826 826
827 705 832 607 740 789 545 481 735 759 734 608 495 742 659 726 846 828 791 833 853 825 749 748 837 850 847 798 763 811 729 840 850 846 849 849 830 834 848 847 847 846 846 845 845 830 833 840 844 825 818 842 842 841 841 840 840 840 838 839 791 819 838 837 837 836 836 835 835 835 834 830 834 833 833 832 832 832 831 831 830 830 830 829 829 829 828 828 827 827 827 827 826 826
830 733 829 456 461 778 811 810 691 448 384 420 735 692 435 765 768 756 819 826 856 725 458 851 798 853 831 606 705 845 845 848 841 794 841 849 848 835 846 847 847 846 846 841 827 845 843 844 844 843 833 839 840 835 841 841 840 840 837 839 839 838 838 837 837 837 836 835 835 835 834 815 834 824 833 833 832 832 831 831 830 830 830 830 829 829 828 828 828 827 827 827 827 827
835 825 795 583 787 863 862 828 522 495 701 850 859 741 422 819 500 585 795 856 841 689 610 854 820 852 556 761 842 846 847 851 850 850 840 849 849 848 848 846 841 846 846 828 811 831 838 845 844 844 812 843 842 842 841 841 831 834 840 838 815 827 834 837 837 837 829 833 835 835 833 824 834 822 833 832 832 832 831 831 831 830 830 830 829 829 818 826 824 827 827 827 827 827
861 749 664 817 864 864 863 672 469 391 417 661 859 777 715 741 763 632 816 793 802 731 757 854 837 830 683 853 850 851 845 851 851 848 849 849 849 848 848 822 828 846 846 839 821 822 834 845 845 844 837 843 843 842 842 841 841 840 840 839 763 560 838 833 837 837 822 826 835 835 835 835 834 824 833 833 832 832 832 832 831 831 830 830 827 826 829 829 828 828 828 827 828 828
754 664 686 807 864 834 632 519 580 349 358 661 859 660 518 701 846 611 794 656 692 632 786 845 851 843 773 691 853 848 851 851 850 844 844 849 846 844 843 834 765 828 840 785 830 845 844 844 844 844 843 843 843 842 842 841 841 841 840 840 838 839 839 838 837 836 836 812 833 836 835 836 835 834 833 833 818 830 832 831 831 831 831 830 830 830 827 829 828 828 829 821 828 828
697 829 772 796 843 658 503 665 380 350 514 813 826 472 417 598 833 664 847 656 637 809 855 819 776 695 549 595 853 777 851 844 851 850 850 849 849 848 841 841 841 837 846 739 833 839 842 838 842 843 843 843 843 842 842 776 841 841 841 840 840 839 839 838 838 835 830 779 836 836 836 836 834 834 834 830 823 830 832 832 831 831 831 830 830 830 823 829 829 829 829 826 828 829
762 866 852 842 858 768 806 781 665 713 500 846 333 404 457 716 603 557 857 856 855 770 855 713 755 730 685 756 769 788 852 764 752 848 850 849 849 849 845 841 819 787 846 846 831 845 845 844 844 842 843 843 843 842 840 818 742 841 841 840 840 839 824 792 819 837 837 836 836 836 836 836 835 835 834 834 833 830 822 826 832 831 831 828 831 830 830 829 829 829 829 829 829 829
813 863 865 865 862 858 860 839 823 653 487 836 812 746 760 784 419 491 787 854 852 841 832 729 791 793 853 833 806 846 811 758 851 850 850 850 825 834 848 834 828 839 847 844 842 846 845 845 844 844 844 843 843 814 781 834 802 817 841 840 840 798 834 839 831 836 838 837 837 836 836 835 835 832 834 834 834 834 823 822 830 832 832 831 831 831 830 830 830 827 830 829 828 826
866 859 865 865 861 858 828 700 710 614 717 861 860 844 856 852 694 667 765 857 856 853 826 711 665 709 844 813 610 743 831 793 775 810 803 850 843 830 848 822 793 841 847 847 844 845 845 838 844 844 835 843 843 814 814 835 833 818 766 840 840 840 839 836 839 838 813 823 837 837 836 836 836 829 835 831 834 834 831 823 833 832 832 832 831 831 831 830 830 830 796 830 830 830
866 866 859 858 858 805 516 742 815 431 594 860 850 830 857 820 857 827 523 841 856 846 818 706 677 773 727 784 597 820 750 773 827 828 840 850 849 849 848 848 807 845 847 847 846 846 846 845 845 844 842 819 833 749 802 821 823 833 826 840 840 839 840 839 836 838 831 838 837 837 837 836 836 835 835 835 834 835 834 833 833 833 832 832 831 831 831 831 830 827 830 823 830 830
864 863 846 840 829 774 671 844 680 400 740 861 832 830 849 841 848 783 368 852 832 812 836 749 750 813 749 839 823 797 807 725 786 837 850 840 831 849 844 848 848 848 847 847 846 846 846 845 845 844 841 799 826 738 827 829 836 841 831 830 840 840 840 833 838 839 838 838 838 837 837 837 836 836 834 835 835 835 834 834 833 833 832 832 832 831 830 828 830 830 830 830 830 829
855 849 845 815 810 712 686 825 709 523 841 859 860 860 859 858 856 802 776 856 856 685 765 794 849 791 716 818 829 812 635 753 713 822 818 828 850 843 842 848 848 847 800 847 846 846 845 845 845 842 842 837 835 842 842 840 842 841 806 817 840 840 838 829 814 835 838 838 838 838 837 832 836 836 836 833 835 835 834 834 833 833 829 832 832 832 824 831 831 831 831 830 830 830
