prediction/untitled folder/solar_ghi_19900101_03UT.txt
NCOLS 839
NROWS 679
XLLCORNER 112.025005
YLLCORNER -43.9750009
CELLSIZE 0.0499954
NODATA_VALUE -999
[rows 390 to 428 of 679, columns 348 to 434 of 839]
1066 1067 1063 1052 1054 1058 1054 1053 1066 1057 1066 1063 1064 1064 1066 1066 1066 1065 1056 1067 1062 1067 1058 1058 1021 1003 1053 1066 1065 1066 1066 1059 1056 1064 1065 1058 1058 1058 1066 1065 1065 1065 1065 1065 1065 1065 1064 1064 1064 1064 1064 1053 1064 1064 1064 1063 1063 1064 1064 1060 1059 1061 1058 1050 1053 1064 1064 1054 1063 1061 1058 1051 1051 1040 1059 1053 1014 997 958 1011 1059 1045 1042 1015 1029 1033 1038
1067 1067 1063 1062 1062 1063 1057 1054 1057 1057 1066 1062 1064 1066 1066 1066 1066 1064 1059 1057 1062 1066 1065 1066 1048 1026 1047 1066 1065 1065 1065 1065 1065 1065 1063 1065 1065 1065 1065 1065 1065 1064 1064 1064 1064 1064 1064 1064 1064 1064 1064 1064 1064 1064 1062 1063 1063 1060 1058 1064 1058 1050 1057 1045 1048 1063 1061 1054 1047 1056 1059 1039 1043 1047 1039 1020 971 941 932 962 1040 1024 1055 958 1017 976 1009
1067 1067 1064 1063 1062 1066 1066 1064 1064 1057 1059 1062 1063 1053 1066 1066 1066 1066 1065 1066 1066 1066 1058 1063 1066 1057 1052 1066 1065 1064 1063 1065 1065 1065 1064 1065 1065 1064 1062 1063 1064 1055 1063 1064 1064 1064 1064 1064 1064 1064 1064 1064 1063 1064 1064 1063 1063 1063 1057 1060 1055 1055 1055 1055 1054 1057 1058 1061 1056 1062 1032 1042 1056 1041 1031 1035 1043 1039 998 963 982 1013 1039 1007 984 983 994
1068 1068 1067 1061 1064 1066 1061 1065 1065 1065 1066 1065 1065 1064 1062 1066 1066 1065 1064 1065 1066 1066 1063 1054 1066 1066 1052 1066 1066 1063 1063 1065 1065 1065 1064 1063 1063 1064 1061 1064 1062 1060 1063 1062 1064 1061 1064 1064 1059 1060 1064 1063 1063 1063 1064 1063 1063 1063 1063 1062 1063 1063 1063 1062 1059 1063 1061 1056 1044 1057 1029 1042 965 936 990 1026 1017 1027 1052 1044 1038 1041 1039 1046 1003 936 933
1068 1068 1067 1067 1067 1061 1055 1065 1065 1065 1065 1065 1065 1056 1066 1066 1062 1064 1065 1066 1065 1066 1066 1065 1055 1066 1057 1065 1065 1065 1055 1065 1065 1065 1064 1064 1064 1064 1064 1064 1062 1063 1064 1064 1059 1060 1063 1064 1064 1063 1063 1063 1063 1063 1063 1063 1063 1059 1056 1062 1062 1063 1063 1063 1062 1062 1062 1052 1041 1056 1043 1047 988 985 1033 1028 1011 1037 1057 1056 1048 1050 1055 1043 972 1059 947
1068 1058 1067 1065 1066 1066 1065 1065 1061 1062 1065 1065 1066 1066 1062 1066 1052 1062 1065 1065 1064 1065 1065 1065 1065 1065 1063 1056 1065 1065 1056 1065 1065 1064 1064 1064 1064 1064 1063 1058 1063 1062 1063 1063 1063 1064 1064 1064 1063 1063 1063 1063 1063 1063 1057 1063 1063 1062 1059 1059 1062 1062 1062 1062 1062 1061 1055 1058 1058 1055 1047 1045 1025 889 1030 1044 1035 1039 1053 1053 1053 1047 1045 1018 774 972 1020
1068 1066 1067 1067 1066 1066 1065 1061 1059 1065 1066 1065 1065 1066 1066 1066 1047 1065 1065 1065 1065 1065 1065 1065 1065 1065 1062 1055 1065 1052 1065 1065 1065 1065 1063 1064 1064 1064 1062 1063 1063 1055 1063 1063 1063 1064 1064 1063 1063 1063 1063 1060 1044 1045 1063 1063 1062 1062 1061 1059 1058 1056 1058 1061 1060 1059 1062 1062 1058 1049 1061 1041 1019 746 834 966 1027 1044 1051 1048 1044 1042 1030 995 929 847 679
1068 1068 1061 1062 1067 1065 1061 1060 1064 1061 1060 1065 1066 1067 1067 1065 1052 1061 1059 1065 1058 1056 1060 1059 1057 1060 1054 1060 1065 1065 1065 1064 1064 1063 1064 1064 1064 1064 1063 1063 1063 1061 1063 1063 1063 1061 1063 1063 1063 1063 1063 1057 1052 1051 1053 1051 1062 1062 1061 1061 1056 1055 1058 1050 1062 1062 1058 1058 1054 1037 1061 1027 1035 854 734 875 1022 1053 1044 1011 1013 1027 1029 1029 1029 968 861
1068 1069 1068 1068 1058 1068 1067 1067 1066 1067 1067 1067 1066 1067 1066 1063 1064 1065 1056 1061 1064 1050 1066 1066 1066 1066 1066 1061 1058 1065 1054 1065 1064 1064 1064 1064 1064 1064 1062 1063 1063 1063 1063 1063 1062 1062 1062 1063 1063 1063 1063 1063 1063 1063 1062 1062 1062 1062 1061 1058 1058 1058 1055 1060 1061 1061 1061 1061 1061 1061 1061 1055 1048 974 1019 947 1022 1016 967 884 939 1033 1035 1039 1051 1017 1020
1068 1068 1068 1068 1068 1068 1068 1068 1067 1065 1067 1049 1066 1067 1067 1067 1067 1067 1058 1063 1067 1067 1066 1067 1067 1064 1065 1065 1066 1066 1066 1065 1065 1046 1056 1051 1060 1064 1060 1062 1062 1061 1063 1062 1062 1062 1062 1062 1063 1062 1063 1062 1062 1062 1062 1062 1061 1061 1061 1058 1061 1055 1054 1055 1058 1059 1057 1057 1060 1060 1060 1060 1057 1029 1046 1030 1032 907 821 729 909 1047 1036 1027 1026 1027 1022
1068 1068 1068 1068 1068 1068 1068 1067 1050 1062 1064 1067 1067 1054 1067 1067 1067 1067 1066 1066 1067 1066 1066 1067 1066 1063 1061 1066 1066 1066 1066 1065 1065 1065 1065 1063 1065 1061 1064 1063 1063 1063 1054 1058 1062 1062 1062 1062 1062 1062 1062 1062 1062 1062 1062 1061 1061 1061 1061 1060 1060 1054 1054 1060 1060 1059 1054 1056 1060 1060 1053 1060 1060 1048 957 889 1041 1028 881 757 964 1037 1028 1028 1011 1050 1006
1068 1062 1068 1067 1067 1067 1067 1061 1067 1060 1052 1066 1067 1067 1067 1067 1067 1066 1066 1066 1062 1066 1067 1067 1062 1066 1067 1062 1061 1060 1066 1065 1065 1065 1065 1065 1064 1061 1064 1064 1063 1063 1062 1059 1062 1062 1062 1061 1061 1059 1062 1062 1062 1062 1062 1061 1061 1061 1061 1061 1060 1057 1060 1059 1060 1060 1060 1046 1037 1035 1056 1060 1060 1059 1046 1052 1043 1038 1043 1042 932 864 972 1040 1042 1047 1054
1068 1064 1068 1067 1067 1067 1067 1067 1067 1058 1028 1003 1003 987 1023 1029 1011 1054 1066 1054 1066 1049 1064 1067 1066 1066 1066 1061 1059 1066 1066 1066 1065 1065 1065 1061 1065 1064 1064 1064 1064 1060 1062 1062 1062 1062 1062 1061 1061 1061 1062 1062 1061 1061 1061 1061 1059 1056 1058 1060 1060 1060 1060 1060 1060 1060 1060 1051 1036 1039 1059 1059 1059 1056 1055 1058 1047 1058 1052 1058 1047 1045 1038 1038 1037 1021 1042
1068 1067 1068 1067 1066 1066 1066 1066 1066 1046 1028 982 824 632 774 814 876 1000 1047 1048 1053 1067 1067 1066 1049 1066 1066 1066 1066 1066 1061 1066 1066 1065 1065 1065 1064 1064 1064 1064 1064 1064 1063 1063 1062 1062 1060 1062 1061 1061 1061 1061 1061 1061 1061 1061 1061 1056 1061 1060 1060 1060 1059 1060 1060 1060 1060 1060 1059 1059 1059 1059 1057 1056 1055 1055 1052 1057 1052 1046 1051 1054 1049 1050 1050 1041 1041
1067 1065 1060 1066 1066 1066 1064 1059 1060 1039 1038 963 733 657 766 909 1027 1040 1053 1066 1039 1008 1032 1059 1067 1066 1062 1064 1066 1058 1065 1065 1056 1059 1065 1065 1064 1064 1063 1064 1063 1058 1062 1063 1063 1062 1062 1062 1062 1059 1061 1061 1061 1061 1056 1060 1060 1060 1060 1060 1060 1060 1059 1059 1055 1060 1060 1059 1059 1059 1059 1058 1055 1055 1056 1055 1054 1054 1057 1049 1046 1049 1053 1053 1053 1050 1045
1066 1066 1066 1066 1066 1065 1053 1052 1057 1047 1017 820 666 989 874 993 1066 1065 1065 1065 1057 1024 1043 1063 1064 1066 1065 1056 1062 1065 1065 1065 1056 1047 1060 1064 1058 1064 1059 1064 1064 1057 1058 1060 1063 1062 1062 1062 1049 1062 1061 1061 1054 1061 1061 1061 1060 1060 1060 1060 1060 1057 1059 1059 1046 1059 1060 1059 1059 1059 1059 1059 1055 1058 1055 1057 1054 1054 1058 1054 1054 1058 1051 1052 1055 1053 1050
1066 1066 1066 1066 1065 1065 1065 1060 1059 1029 882 634 607 1060 926 937 1051 1065 1055 1065 1065 1065 1065 1065 1064 1065 1065 1065 1065 1065 1065 1064 1053 1065 1065 1060 1064 1064 1064 1064 1056 1049 1060 1063 1063 1058 1062 1062 1062 1062 1061 1061 1053 1060 1060 1060 1060 1060 1060 1060 1060 1060 1059 1059 1059 1059 1059 1059 1058 1058 1058 1055 1058 1058 1052 1054 1054 1053 1056 1051 1052 1057 1053 1056 1052 1053 1057
1066 1066 1065 1065 1049 1063 1059 1043 1047 1026 978 874 779 1009 984 994 1012 1065 1053 1060 1065 1065 1065 1064 1054 1064 1065 1065 1065 1065 1065 1064 1055 1055 1064 1064 1056 1061 1064 1064 1057 1044 1060 1063 1059 1063 1062 1063 1063 1062 1057 1061 1058 1060 1060 1060 1060 1060 1060 1060 1060 1060 1060 1059 1059 1059 1059 1059 1058 1058 1049 1053 1056 1057 1057 1054 1054 1051 1057 1056 1057 1053 1054 1053 1046 1051 1055
1065 1065 1057 1065 1049 1065 1060 1053 1048 1026 1005 928 891 999 1042 1025 1032 1064 1064 1059 1056 1064 1064 1064 1060 1064 1064 1064 1057 1059 1064 1063 1063 1064 1064 1064 1064 1063 1064 1056 1063 1063 1063 1061 1063 1063 1062 1063 1063 1062 1061 1060 1058 1060 1060 1060 1060 1060 1059 1059 1059 1059 1059 1059 1059 1059 1059 1059 1059 1058 1058 1058 1058 1056 1052 1055 1053 1051 1050 1057 1057 1057 1041 1053 1050 1050 1056
1065 1064 1063 1065 1055 1063 1058 1062 1031 1019 1036 959 938 1043 1043 1009 954 1032 1036 1044 1043 1053 1063 1064 1064 1064 1064 1063 1062 1056 1063 1063 1060 1063 1063 1064 1059 1061 1064 1063 1063 1063 1062 1063 1063 1062 1062 1063 1063 1062 1055 1055 1060 1060 1059 1059 1059 1059 1059 1059 1059 1059 1059 1059 1059 1059 1058 1058 1058 1058 1058 1058 1058 1057 1057 1057 1057 1057 1054 1057 1057 1057 1057 1057 1056 1056 1056
1066 1065 1064 1065 1065 1064 1064 1063 1040 1011 910 829 953 1064 1064 1050 1040 1059 1056 1061 1058 1063 1063 1063 1063 1063 1063 1063 1063 1062 1062 1062 1062 1062 1063 1061 1056 1061 1060 1063 1063 1062 1055 1063 1062 1062 1062 1062 1062 1062 1061 1060 1060 1059 1059 1059 1059 1059 1059 1058 1059 1059 1059 1058 1058 1058 1058 1058 1058 1057 1058 1058 1057 1057 1057 1057 1057 1057 1057 1057 1047 1057 1057 1057 1057 1056 1054
1066 1063 1065 1065 1064 1064 1064 1063 1050 958 785 818 930 1031 1064 1053 1044 1063 1063 1063 1060 1063 1063 1063 1060 1060 1062 1062 1062 1062 1062 1060 1062 1062 1062 1062 1062 1062 1063 1062 1062 1062 1058 1062 1062 1062 1061 1061 1062 1061 1054 1050 1060 1059 1059 1054 1059 1058 1059 1059 1059 1056 1059 1058 1056 1058 1056 1058 1058 1057 1057 1058 1057 1055 1057 1054 1054 1057 1057 1057 1053 1057 1057 1057 1053 1054 1056
1065 1065 1065 1064 1064 1064 1051 1059 1051 948 874 918 936 979 1030 1049 1062 1063 1063 1058 1050 1043 1063 1062 1062 1062 1062 1055 1055 1055 1053 1062 1056 1061 1061 1061 1062 1062 1062 1062 1062 1062 1062 1062 1062 1061 1061 1061 1061 1061 1060 1060 1060 1059 1058 1058 1058 1058 1059 1057 1048 1056 1058 1058 1058 1058 1052 1050 1058 1057 1055 1057 1057 1057 1057 1057 1057 1057 1057 1056 1057 1057 1057 1057 1049 1057 1056
1064 1064 1064 1064 1064 1064 1062 1061 1058 1040 1024 997 986 1002 1034 1042 1051 1062 1062 1063 1050 1049 1058 1054 1062 1062 1062 1060 1060 1061 1059 1061 1054 1061 1061 1061 1061 1062 1062 1062 1062 1062 1061 1061 1061 1061 1060 1061 1061 1061 1060 1060 1055 1056 1057 1057 1058 1058 1058 1058 1058 1058 1058 1055 1058 1058 1042 1039 1057 1057 1052 1057 1057 1057 1057 1057 1057 1056 1056 1056 1056 1056 1056 1056 1054 1056 1056
1064 1064 1063 1063 1063 1063 1063 1063 1063 1062 1050 1028 1029 1038 1049 1026 1040 1061 1062 1058 1056 1057 1052 1059 1062 1061 1061 1061 1061 1061 1055 1061 1061 1061 1061 1061 1061 1061 1061 1061 1062 1047 1056 1061 1061 1053 1058 1057 1060 1060 1060 1059 1050 1051 1058 1057 1058 1053 1057 1057 1052 1055 1057 1058 1057 1057 1057 1057 1052 1051 1054 1054 1053 1056 1055 1057 1056 1056 1056 1056 1048 1056 1056 1056 1056 1056 1056
1064 1055 1056 1063 1063 1063 1063 1062 1062 1062 1046 1059 1040 1039 1046 1047 1055 1060 1061 1062 1062 1061 1062 1054 1061 1061 1060 1059 1061 1061 1061 1058 1058 1060 1060 1060 1061 1061 1061 1061 1061 1061 1061 1061 1060 1061 1060 1060 1060 1060 1060 1059 1052 1059 1058 1057 1057 1057 1057 1057 1045 1057 1057 1057 1057 1057 1057 1051 1057 1057 1043 1056 1056 1056 1056 1056 1056 1056 1056 1056 1053 1051 1056 1056 1055 1055 1056
1063 1063 1063 1063 1063 1063 1062 1062 1058 1061 1049 1055 1053 1048 1061 1061 1061 1056 1061 1061 1061 1059 1061 1054 1061 1061 1059 1061 1060 1061 1060 1053 1054 1058 1059 1060 1061 1061 1061 1061 1060 1058 1040 1048 1060 1040 1060 1060 1052 1060 1057 1059 1059 1059 1058 1057 1057 1056 1052 1056 1053 1056 1057 1057 1056 1056 1054 1056 1057 1057 1056 1056 1056 1056 1056 1056 1056 1054 1053 1055 1055 1055 1055 1055 1055 1055 1055
1063 1062 1062 1062 1062 1059 1062 1062 1062 1054 1058 1057 1060 1061 1027 1059 1060 1060 1059 1060 1060 1060 1058 1054 1056 1060 1053 1060 1060 1060 1059 1058 1059 1059 1059 1059 1060 1060 1050 1058 1057 1053 1050 1059 1059 1059 1059 1053 1060 1060 1053 1052 1052 1059 1058 1058 1057 1056 1056 1052 1056 1053 1054 1056 1056 1053 1046 1040 1057 1056 1056 1056 1055 1055 1056 1056 1055 1055 1055 1055 1055 1055 1055 1055 1055 1055 1055
1062 1062 1062 1055 1062 1051 1060 1062 1061 1061 1061 1057 1050 1036 1008 779 1039 1060 1060 1060 1060 1060 1054 1055 1051 1060 1047 1054 1053 1059 1059 1059 1059 1059 1059 1059 1059 1057 1047 1058 1057 1053 1058 1059 1059 1059 1059 1059 1058 1058 1055 1059 1059 1059 1058 1058 1053 1057 1057 1049 1047 1054 1051 1054 1054 1052 1045 1051 1050 1047 1053 1056 1056 1056 1056 1056 1055 1055 1048 1051 1055 1047 1037 1042 1055 1054 1054
1062 1061 1061 1061 1061 1046 1059 1061 1061 1061 1061 1053 1047 1043 1034 947 1008 1025 1060 1059 1053 1057 1059 1060 1060 1059 1059 1059 1059 1059 1058 1058 1054 1053 1059 1058 1054 1053 1059 1056 1059 1051 1057 1058 1058 1056 1058 1059 1058 1059 1042 1055 1055 1058 1047 1048 1050 1055 1057 1057 1056 1056 1055 1054 1053 1051 1055 1055 1056 1051 1044 1056 1056 1056 1055 1055 1055 1055 1055 1048 1054 1055 1055 1055 1054 1054 1054
1061 1061 1061 1061 1061 1056 1060 1060 1060 1060 1057 1050 1039 1039 1044 1044 1027 787 1060 1059 1059 1055 1059 1059 1058 1059 1059 1057 1051 1058 1055 1058 1058 1058 1059 1058 1056 1050 1058 1058 1058 1055 1045 1053 1058 1056 1058 1058 1053 1059 1056 1054 1058 1058 1058 1057 1056 1050 1050 1054 1056 1048 1056 1055 1053 1055 1055 1047 1055 1056 1056 1054 1056 1055 1055 1055 1055 1054 1054 1052 1054 1054 1054 1054 1054 1054 1042
1061 1056 1061 1061 1061 1061 1060 1060 1060 1054 1056 1049 1039 1033 1044 1033 887 757 1027 1059 1058 1059 1059 1059 1058 1056 1054 1058 1058 1057 1057 1057 1058 1058 1058 1058 1057 1051 1058 1056 1057 1050 1052 1057 1052 1058 1058 1058 1057 1058 1056 1049 1057 1052 1057 1054 1049 1052 1054 1057 1057 1047 1055 1050 1052 1051 1050 1045 1054 1055 1055 1055 1055 1055 1049 1054 1054 1041 1045 1054 1054 1054 1054 1054 1051 1054 1041
1060 1055 1058 1060 1060 1060 1060 1060 1060 1054 1055 1054 1048 1039 1015 898 663 849 1015 1047 1048 1055 1055 1058 1058 1058 1058 1058 1057 1057 1057 1053 1057 1058 1058 1057 1057 1054 1054 1053 1053 1057 1057 1057 1054 1057 1057 1057 1057 1056 1056 1057 1057 1054 1057 1056 1056 1056 1051 1056 1056 1056 1046 1053 1045 1052 1048 1054 1054 1054 1054 1054 1054 1053 1037 1054 1054 1047 1051 1054 1054 1054 1054 1054 1053 1053 1048
1057 1060 1060 1060 1060 1060 1060 1060 1055 1054 1055 1048 1026 983 909 728 608 828 1058 1059 1052 1052 1055 1058 1058 1058 1058 1058 1057 1055 1053 1052 876 995 1054 1057 1057 1055 1056 1056 1049 1056 1053 1056 1056 1056 1056 1056 1057 1056 1056 1056 1056 1056 1054 1053 1055 1051 1056 1056 1056 1056 1055 1055 1047 1054 1053 1051 1053 1054 1049 1042 1050 1047 1049 1054 1054 1054 1054 1053 1054 1053 1053 1053 1053 1053 1052
1058 1060 1060 1060 1060 1060 1060 1059 1056 1059 1053 1055 1019 972 919 781 748 963 1042 1059 1058 1052 1058 1045 1050 1054 1058 1053 1043 1054 1056 1050 960 1049 995 1012 1042 1057 1056 1056 1055 1055 1055 1055 1055 1055 1056 1053 1056 1056 1056 1056 1055 1055 1049 1055 1055 1055 1051 1055 1055 1055 1050 1052 1048 1053 1053 1046 1049 1053 1053 1053 1048 1053 1053 1047 1040 1053 1053 1053 1053 1053 1053 1053 1053 1053 1053
1054 1059 1059 1059 1059 1056 1054 1059 1058 1051 1046 1047 1035 1010 986 932 951 1019 1037 1052 1058 1048 1058 1026 1029 1042 1057 1051 1041 1048 1033 1041 1051 1050 981 1014 1037 1048 1043 1056 1055 1055 1054 1044 1041 1054 1055 1055 1053 1056 1056 1056 1055 1055 1055 1055 1055 1055 1055 1054 1055 1055 1055 1047 1049 1052 1052 1052 1051 1052 1052 1052 1050 1053 1052 1052 1052 1044 1053 1053 1052 1053 1052 1052 1052 1047 1048
1057 1056 1057 1056 1056 1050 1053 1049 1047 1047 1047 1038 1034 1009 1014 999 937 939 999 971 980 983 986 1012 1030 1034 1020 996 994 1030 1051 1048 1048 1048 1048 1050 1030 1016 1032 1034 1013 1049 1054 1047 1051 1054 1054 1051 1055 1056 1056 1056 1056 1047 1045 1046 1051 1054 1054 1054 1054 1054 1053 1053 1052 1052 1052 1052 1052 1050 1052 1052 1042 1031 1024 1038 1052 1052 1052 1047 1052 1052 1052 1052 1052 1048 1051
1052 1048 1052 1043 1046 1051 1046 1046 1048 1049 1049 1043 1038 1020 1028 1029 997 998 1027 1029 1038 1046 1047 1047 1050 1051 1051 1051 1050 1048 1049 1048 1048 1048 1048 1050 1050 1047 1048 1009 995 1045 1027 1051 1053 1053 1053 1053 1054 1054 1055 1056 1056 1056 1054 1055 1054 1047 1053 1054 1053 1053 1052 1052 1051 1051 1049 1052 1051 1048 1051 1046 1046 1036 1031 1048 1051 1051 1051 1049 1048 1051 1051 1047 1051 1051 1051
1051 1052 1052 1052 1052 1052 1052 1052 1049 1047 1047 1048 1044 1040 1048 1047 1044 1047 1051 1048 1048 1049 1048 1051 1048 1049 1049 1049 1049 1048 1048 1048 1048 1048 1048 1050 1046 1048 1048 1047 1047 1030 989 1050 1021 1053 1053 1053 1037 1047 1050 1053 1056 1056 1055 1052 1054 1053 1054 1053 1053 1043 1045 1052 1051 1044 1048 1048 1051 1048 1051 1050 1051 1050 1051 1051 1051 1051 1051 1050 1051 1051 1051 1051 1045 1050 1051
