prediction/untitled folder/solar_ghi_19900101_23UT.txt
NCOLS 839
NROWS 679
XLLCORNER 112.025005
YLLCORNER -43.9750009
CELLSIZE 0.0499954
NODATA_VALUE -999
[rows 252 to 293 of 679, columns 0 to 93 of 839]
-999 -999 -999 -999 -999 -999 -999 -999 -999 -999 -999 -999 -999 -999 -999 -999 -999 -999 -999 -999 -999 -999 -999 369 369 369 369 369 369 369 369 369 369 369 364 380 392 294 164 226 339 353 273 313 406 406 363 363 372 376 395 406 405 413 390 380 399 364 288 297 360 385 401 412 421 422 411 411 423 424 396 307 200 145 175 247 304 152 129 118 133 121 105 122 176 162 137 189 317 397 364 298 268 279
-999 -999 -999 -999 -999 -999 -999 -999 -999 -999 -999 -999 -999 -999 -999 -999 -999 -999 -999 -999 -999 -999 -999 388 388 388 388 388 388 388 388 388 388 388 376 332 291 265 200 210 308 354 329 321 404 406 359 371 296 338 397 406 405 397 346 414 407 367 312 291 342 395 414 421 421 422 410 412 420 424 425 295 195 180 208 248 234 123 148 140 133 98 102 139 161 148 194 273 326 303 285 269 280 342
-999 -999 -999 -999 -999 -999 -999 -999 -999 -999 -999 -999 -999 -999 -999 -999 -999 -999 -999 -999 -999 -999 -999 388 388 388 388 388 388 388 388 388 388 388 322 269 298 331 257 211 281 321 378 388 381 405 363 283 268 369 409 404 406 406 402 406 373 374 345 337 372 399 410 411 422 422 423 423 424 425 425 263 222 218 238 209 139 129 152 157 121 113 119 135 148 153 184 242 237 242 247 266 327 399
-999 -999 -999 -999 -999 -999 -999 -999 -999 -999 -999 -999 -999 -999 -999 -999 -999 -999 -999 -999 -999 -999 -999 388 388 388 388 388 388 388 388 388 388 322 322 213 270 290 229 175 204 306 384 399 401 407 408 397 357 372 400 411 413 408 406 407 399 401 395 411 412 416 414 410 415 419 418 419 413 425 389 268 236 237 238 182 204 177 148 144 110 131 111 112 123 130 163 196 191 217 247 350 410 435
-999 -999 -999 -999 -999 -999 -999 -999 -999 -999 -999 -999 -999 -999 -999 -999 -999 -999 -999 -999 -999 -999 -999 388 388 388 388 388 388 388 388 388 322 192 192 192 264 262 205 186 243 348 401 407 407 408 409 410 410 409 411 411 414 413 406 408 408 412 414 419 411 412 414 402 402 421 423 416 414 422 409 364 320 343 429 294 225 182 177 144 116 116 105 112 118 149 185 202 213 233 280 394 405 401
-999 -999 -999 -999 -999 -999 -999 -999 -999 -999 -999 -999 -999 -999 -999 -999 -999 -999 -999 -999 -999 -999 -999 388 388 388 388 388 388 388 388 192 192 192 192 192 241 190 206 248 294 337 384 407 402 405 409 410 406 394 412 413 414 409 407 413 410 411 410 411 403 410 405 392 394 413 422 421 421 422 426 427 428 429 421 417 267 209 198 157 130 128 131 142 139 176 197 282 275 271 297 316 342 298
-999 -999 -999 -999 -999 -999 -999 -999 -999 -999 -999 -999 -999 -999 -999 -999 -999 -999 -999 -999 -999 -999 -999 388 388 388 388 388 388 192 192 192 192 192 203 203 203 162 277 281 303 354 404 407 407 409 410 399 407 400 394 413 409 406 415 415 417 410 408 412 410 420 414 407 412 423 424 417 418 426 427 428 376 322 312 317 322 202 204 193 173 163 158 150 147 188 238 257 267 267 268 302 362 386
-999 -999 -999 -999 -999 -999 -999 -999 -999 -999 -999 -999 -999 -999 -999 -999 -999 -999 -999 -999 -999 -999 -999 388 388 388 388 388 192 192 192 192 180 180 180 180 180 223 315 245 245 341 392 404 408 409 392 400 392 400 397 398 405 406 414 417 417 417 411 411 411 420 422 412 413 417 417 419 426 427 419 428 409 411 394 385 356 284 249 309 244 229 178 150 180 224 211 174 252 228 234 264 345 404
-999 -999 -999 -999 -999 -999 -999 -999 -999 -999 -999 -999 -999 -999 -999 -999 -999 -999 -999 -999 -999 -999 -999 388 388 174 174 174 174 174 174 174 174 174 191 191 191 248 279 209 242 271 353 403 403 383 391 410 411 391 390 390 391 400 416 402 418 411 412 415 412 413 415 420 408 419 425 426 426 425 428 425 429 427 405 415 374 308 331 421 274 274 178 164 179 186 202 220 184 206 211 249 342 372
-999 -999 -999 -999 -999 -999 -999 -999 -999 -999 -999 -999 -999 -999 -999 -999 -999 -999 -999 -999 -999 -999 -999 388 388 174 174 174 174 174 174 174 174 174 174 218 218 236 192 177 226 234 327 389 381 381 404 410 411 412 407 408 407 410 416 416 410 411 413 417 408 412 415 423 416 424 421 419 427 428 420 421 429 427 430 431 417 323 336 395 288 214 138 126 104 143 237 235 168 210 174 225 360 376
-999 -999 -999 -999 -999 -999 -999 -999 -999 -999 -999 -999 -999 -999 -999 -999 -999 -999 -999 -999 -999 -999 379 388 388 174 174 174 174 174 174 174 174 174 174 174 179 160 146 183 218 228 254 385 372 389 407 410 411 403 408 410 410 414 408 415 418 418 412 412 401 403 407 414 415 424 423 420 427 428 429 429 430 425 421 388 406 388 344 322 281 219 167 187 115 156 246 207 172 183 164 185 276 339
-999 -999 -999 -999 -999 -999 -999 -999 -999 -999 -999 -999 -999 -999 -999 -999 -999 -999 -999 -999 -999 401 379 379 213 122 122 122 122 122 122 122 122 122 122 122 116 155 142 184 223 238 281 381 405 405 410 411 412 412 409 412 414 416 417 416 411 410 407 407 401 412 423 416 423 424 422 426 427 428 429 430 427 430 431 422 432 402 393 343 297 264 283 370 253 246 246 211 212 204 174 155 186 261
-999 -999 -999 -999 -999 -999 -999 -999 -999 -999 -999 -999 -999 -999 -999 -999 -999 -999 -999 -999 -999 401 401 379 379 123 123 123 123 123 123 123 123 123 123 123 113 112 115 153 223 294 358 391 405 410 410 408 397 399 408 405 408 415 417 418 418 420 416 409 409 421 423 419 414 408 415 418 421 424 429 429 428 431 423 406 403 403 416 407 417 344 370 432 373 263 249 313 295 248 147 119 202 360
-999 -999 -999 -999 -999 -999 -999 -999 -999 -999 -999 -999 -999 -999 -999 -999 -999 -999 -999 -999 239 401 401 401 379 379 134 134 134 134 134 134 134 134 134 134 116 114 135 164 228 372 399 398 408 410 411 405 405 407 414 413 410 417 418 418 411 403 407 409 420 420 415 420 423 408 406 407 420 411 428 422 428 429 431 430 431 425 432 429 417 418 424 419 412 403 380 384 360 317 231 247 341 409
-999 -999 -999 -999 -999 -999 -999 -999 -999 -999 -999 -999 -999 -999 -999 -999 -999 -999 -999 -999 239 401 401 401 401 379 379 213 182 182 182 182 182 182 182 182 123 153 169 181 268 402 403 398 406 408 401 405 407 407 410 408 409 409 413 411 419 411 418 414 417 424 416 424 425 417 411 424 420 411 413 430 430 427 430 433 433 430 426 428 430 423 435 412 418 432 435 431 428 440 438 372 392 389
-999 -999 -999 -999 -999 -999 -999 -999 -999 -999 -999 -999 -999 -999 -999 -999 -999 -999 -999 245 239 401 401 401 401 401 379 379 213 213 291 291 291 291 291 291 260 190 163 238 364 401 408 406 406 399 404 405 405 399 414 416 410 415 414 419 420 420 413 422 423 424 425 425 424 426 422 424 414 418 428 430 426 419 419 422 423 433 433 433 427 414 436 382 404 428 436 439 439 426 338 326 405 421
-999 -999 -999 -999 -999 -999 -999 -999 -999 -999 -999 -999 -999 -999 -999 -999 -999 -999 -999 245 239 401 401 401 401 401 401 379 379 213 213 170 170 344 344 344 292 246 154 218 323 408 409 409 410 411 405 405 411 411 415 416 417 411 411 411 420 421 419 417 421 422 425 426 426 427 427 428 427 429 428 430 425 419 414 432 434 430 434 435 427 371 327 400 385 414 439 439 399 339 323 420 427 444
-999 -999 -999 -999 -999 -999 -999 -999 -999 -999 -999 -999 -999 -999 -999 -999 -999 -999 -999 245 239 401 401 401 401 401 401 401 379 379 213 213 170 170 150 150 185 287 228 233 355 405 409 410 409 411 406 411 415 415 417 417 418 411 410 420 421 421 421 420 423 425 421 426 427 428 428 424 427 429 430 430 427 424 423 429 433 435 435 435 433 419 429 433 322 425 439 353 330 394 439 443 444 444
-999 -999 -999 -999 -999 -999 -999 -999 -999 -999 -999 -999 -999 -999 -999 -999 -999 -999 217 245 239 239 239 401 401 401 401 401 401 379 379 213 213 170 170 100 106 202 320 331 408 392 409 410 404 412 413 414 413 416 417 418 418 418 419 417 418 422 423 424 423 424 426 427 428 428 407 390 412 430 431 431 432 433 433 431 435 425 436 436 435 428 434 366 314 434 429 414 379 425 410 407 444 421
-999 -999 -999 -999 -999 -999 -999 -999 -999 -999 -999 -999 -999 -999 -999 -999 -999 -999 217 245 239 239 239 239 239 401 401 401 401 401 379 379 213 213 115 112 131 240 365 407 409 391 409 403 396 403 409 409 407 415 417 418 412 419 420 417 421 422 421 422 416 424 426 425 428 365 317 351 407 426 431 432 433 434 434 435 436 427 426 421 424 437 438 439 416 371 344 375 286 371 320 374 400 345
-999 -999 -999 -999 -999 -999 -999 -999 -999 -999 -999 -999 -999 -999 -999 -999 -999 -999 217 245 245 245 239 239 239 239 239 401 401 401 401 379 379 286 158 139 192 321 377 408 409 374 404 404 392 403 404 400 409 414 417 414 418 419 420 420 422 405 423 423 424 425 427 425 421 406 364 390 413 431 432 433 433 434 434 435 432 435 430 426 431 423 428 440 420 426 365 307 378 416 432 444 441 445
-999 -999 -999 -999 -999 -999 -999 -999 -999 -999 -999 -999 -999 -999 -999 -999 -999 -999 217 245 245 245 245 245 239 239 239 239 239 401 401 401 368 295 287 304 308 357 407 408 343 348 398 398 403 396 396 408 416 416 417 414 419 420 420 421 422 423 420 424 425 426 427 427 428 429 429 419 426 432 433 433 433 419 435 424 434 436 436 436 437 438 432 422 436 441 442 424 425 435 435 444 445 446
-999 -999 -999 -999 -999 -999 -999 -999 -999 -999 -999 -999 -999 -999 -999 -999 -999 368 217 245 245 245 245 245 245 245 239 239 239 239 395 395 262 262 311 347 357 373 396 377 399 406 398 400 403 398 407 414 416 417 417 412 419 420 415 421 416 423 424 425 425 426 427 421 423 419 428 430 431 433 433 433 418 410 432 420 412 436 435 437 438 435 406 441 419 430 442 442 443 444 442 445 437 445
-999 -999 -999 -999 -999 -999 -999 -999 -999 -999 -999 -999 -999 -999 -999 -999 -999 368 217 245 245 245 245 245 245 245 245 245 239 239 239 232 237 328 344 363 365 375 390 403 396 397 405 407 404 405 405 400 412 418 418 419 420 411 407 422 421 423 424 425 414 418 423 428 411 412 431 431 432 433 399 421 416 386 374 401 425 437 438 438 439 440 432 400 390 442 426 434 443 442 429 443 446 447
-999 -999 -999 -999 -999 -999 -999 -999 -999 -999 -999 -999 -999 -999 -999 -999 -999 368 217 217 217 245 245 245 245 245 245 245 245 211 211 246 303 326 323 280 345 395 404 398 407 410 410 411 412 410 399 389 397 417 418 420 386 403 409 415 415 411 424 425 421 427 419 413 429 430 431 431 433 428 421 402 434 369 391 428 438 438 439 440 440 440 440 436 417 422 411 431 426 444 445 446 447 436
-999 -999 -999 -999 -999 -999 -999 -999 -999 -999 -999 -999 -999 -999 -999 -999 -999 368 217 217 217 217 217 217 245 245 245 245 245 245 258 286 292 320 348 297 330 384 396 403 409 410 410 411 393 398 395 390 394 404 419 358 377 410 422 413 413 397 417 425 426 427 428 428 429 431 431 432 433 430 422 393 423 394 433 438 438 439 440 436 439 438 441 441 441 424 416 441 438 445 446 446 428 411
-999 -999 -999 -999 -999 -999 -999 -999 -999 -999 -999 -999 -999 -999 -999 -999 -999 368 217 217 217 217 217 217 217 217 217 276 276 276 279 326 331 328 359 355 387 386 391 404 409 410 410 393 393 393 396 403 401 399 412 353 416 412 411 409 398 393 408 423 412 410 409 411 421 428 432 432 430 421 418 398 358 361 438 438 438 439 433 439 438 432 442 442 442 302 282 370 421 429 428 428 441 437
-999 -999 -999 -999 -999 -999 -999 -999 -999 -999 -999 -999 -999 -999 -999 -999 -999 368 217 217 217 217 217 217 217 217 217 217 241 241 219 363 301 330 350 374 407 404 408 408 410 410 402 362 412 408 386 383 389 406 418 419 421 345 389 409 423 415 395 408 405 419 420 429 425 431 432 389 417 433 434 412 399 437 437 439 408 408 426 434 436 442 443 443 442 297 353 427 437 419 397 422 448 445
-999 -999 -999 -999 -999 -999 -999 -999 -999 -999 -999 -999 -999 -999 -999 -999 -999 368 368 368 217 217 217 217 217 217 217 217 217 191 192 286 281 339 360 379 406 408 408 397 410 411 371 363 389 371 396 382 380 390 411 420 421 289 375 410 397 378 397 406 418 426 412 430 431 431 432 433 417 431 434 412 420 409 383 380 370 431 417 424 428 443 443 444 444 331 419 442 446 446 428 435 447 449
-999 -999 -999 -999 -999 -999 -999 -999 -999 -999 -999 -999 -999 -999 -999 -999 -999 368 368 368 368 368 368 159 159 159 159 159 159 198 249 312 347 325 372 328 407 408 409 404 408 411 401 404 413 413 415 398 391 391 404 381 306 270 318 408 365 396 413 414 419 425 429 430 431 431 432 429 430 432 434 419 422 415 417 410 438 417 332 397 424 442 444 422 385 409 445 446 446 398 401 444 445 449
-999 -999 -999 -999 -999 -999 -999 -999 -999 -999 -999 -999 -999 -999 -999 -999 -999 368 368 368 368 368 368 368 368 368 148 148 148 258 277 300 275 283 361 302 408 402 249 235 363 411 412 413 413 414 410 381 417 418 353 265 228 244 306 383 410 424 404 401 411 423 428 430 431 432 432 430 427 431 435 420 431 422 421 409 406 398 325 351 438 442 438 339 285 319 405 395 391 403 409 391 413 446
-999 -999 -999 -999 -999 -999 -999 -999 -999 -999 -999 -999 -999 -999 -999 -999 -999 368 368 368 368 368 368 368 368 368 368 231 231 259 261 193 210 262 312 373 408 322 215 221 295 412 412 413 414 324 305 355 400 410 351 253 222 230 270 357 411 408 390 399 411 425 423 429 432 432 432 425 425 432 435 436 435 421 439 422 441 424 370 388 442 424 444 315 270 291 351 374 302 426 432 438 295 309
-999 -999 -999 -999 -999 -999 -999 -999 -999 -999 -999 -999 -999 -999 -999 -999 -999 368 368 368 368 368 368 368 368 368 368 368 290 246 242 237 246 266 340 407 408 362 220 221 356 412 413 342 396 388 199 259 359 400 366 266 235 211 257 342 410 401 408 409 419 429 420 424 432 431 433 424 434 435 436 437 438 439 439 440 441 412 392 405 414 408 444 379 373 347 367 405 421 427 423 366 389 427
-999 -999 -999 -999 -999 -999 -999 -999 -999 -999 -999 -999 -999 -999 -999 -999 -999 342 342 342 342 342 342 342 342 342 342 342 262 233 255 369 363 383 407 408 408 374 250 206 386 382 285 263 298 259 179 196 317 388 384 386 345 256 283 350 403 424 422 416 428 425 408 419 431 432 433 434 435 436 436 431 427 437 439 423 414 396 407 411 398 410 431 410 447 340 387 447 408 318 314 416 281 415
-999 -999 -999 -999 -999 -999 -999 -999 -999 -999 -999 -999 -999 -999 -999 -999 -999 342 342 342 342 342 342 342 342 342 342 342 314 322 333 340 378 407 407 408 409 380 314 285 412 393 258 263 263 205 136 190 332 386 404 421 396 286 265 322 396 418 426 427 424 407 420 427 432 433 433 434 435 436 436 435 437 433 421 364 427 441 430 349 180 104 119 195 236 440 403 145 91 215 441 126 91 157
-999 -999 -999 -999 -999 -999 -999 -999 -999 -999 -999 -999 -999 -999 -999 -999 -999 342 342 342 342 342 342 342 342 342 314 314 314 314 308 304 352 402 408 409 400 403 397 404 412 396 348 274 280 245 222 266 419 419 420 421 297 200 195 202 418 215 314 387 386 334 130 90 263 90 90 90 90 357 140 437 90 145 90 90 400 442 443 232 91 91 91 105 164 334 282 100 114 309 436 229 153 342
-999 -999 -999 -999 -999 -999 -999 -999 -999 -999 -999 -999 -999 -999 -999 -999 -999 342 342 342 342 342 342 342 364 364 364 364 364 302 315 298 252 262 391 403 409 118 268 149 89 89 392 89 89 89 89 234 124 89 89 204 89 89 89 89 254 89 303 314 406 252 90 90 283 90 90 107 272 371 345 420 282 418 354 422 440 439 443 441 406 445 437 345 250 241 289 296 285 289 371 297 282 344
-999 -999 -999 -999 -999 -999 -999 -999 -999 -999 -999 -999 -999 -999 -999 -999 -999 342 342 342 241 241 241 241 241 241 241 241 241 213 163 274 88 89 305 395 252 88 336 88 89 117 301 152 149 154 198 225 118 101 225 380 278 318 371 320 302 376 415 414 424 421 416 414 431 434 401 433 435 429 426 431 427 439 432 441 439 438 443 444 431 425 400 414 385 342 310 284 268 342 386 314 338 350
-999 -999 -999 -999 -999 -999 -999 -999 -999 -999 -999 -999 -999 -999 -999 -999 -999 342 241 241 241 241 241 241 241 241 241 241 241 345 330 338 359 390 393 396 397 399 396 413 390 400 409 394 386 395 293 205 226 254 320 407 391 423 393 390 335 340 423 428 420 421 422 415 425 425 420 436 436 429 434 439 439 440 439 437 438 443 443 431 445 445 394 446 420 371 310 290 337 429 364 296 376 420
-999 -999 -999 -999 -999 -999 -999 -999 -999 -999 -999 -999 -999 -999 -999 -999 -999 342 241 241 241 241 241 241 241 241 241 241 345 345 379 362 334 352 409 410 404 402 412 409 392 402 413 406 395 375 337 254 319 374 383 392 415 424 415 416 420 422 427 426 423 421 418 408 417 434 435 436 437 432 438 439 440 440 441 437 437 440 423 417 426 396 372 448 449 376 337 348 408 378 307 307 338 453
-999 -999 -999 -999 -999 -999 -999 -999 -999 -999 -999 -999 -999 -999 -999 -999 -999 342 241 241 241 241 241 241 241 241 241 345 345 379 379 355 326 365 388 396 411 411 407 407 404 415 410 392 391 396 381 373 398 361 310 371 414 421 424 420 419 414 409 411 417 421 429 425 433 426 430 435 437 438 438 440 440 440 441 434 437 438 435 434 445 446 312 303 432 310 429 437 433 389 385 381 364 441
-999 -999 -999 -999 -999 -999 -999 -999 -999 -999 -999 -999 -999 -999 -999 -999 -999 342 241 241 241 241 241 241 241 241 345 345 379 332 332 332 326 368 409 411 402 411 412 413 414 401 370 386 406 402 408 412 403 359 325 377 396 415 417 417 414 414 413 416 421 431 432 433 434 427 436 437 437 438 439 440 440 439 431 432 438 444 444 437 442 418 428 444 441 433 431 440 447 449 430 413 422 423
