prediction/untitled folder/solar_ghi_19900101_04UT.txt
NCOLS 839
NROWS 679
XLLCORNER 112.025005
YLLCORNER -43.9750009
CELLSIZE 0.0499954
NODATA_VALUE -999
[rows 120 to 159 of 679, columns 364 to 454 of 839]
321 184 250 244 218 292 527 997 981 976 862 596 599 897 841 867 921 781 842 827 604 713 461 420 524 448 567 587 963 878 478 802 678 503 528 555 486 626 850 940 976 948 653 339 240 492 416 329 321 903 349 275 486 713 683 455 558 694 829 558 423 508 524 566 499 490 504 671 708 670 824 904 886 882 934 914 765 875 972 972 963 959 714 904 901 970 940 802 827 533 906
118 118 202 118 257 218 369 997 997 997 965 643 465 562 584 586 684 536 628 719 905 835 864 692 631 516 478 711 899 853 497 918 582 358 420 502 472 528 845 931 948 949 954 901 410 402 653 796 854 900 693 330 406 574 932 858 506 495 859 876 624 509 459 584 672 599 555 539 629 527 553 763 896 814 536 932 637 540 897 955 965 873 943 954 897 912 841 967 791 584 882
149 118 172 172 118 195 405 964 928 872 958 726 499 738 710 559 717 921 925 848 843 569 873 911 756 533 549 679 854 925 848 860 537 403 326 375 397 379 574 946 959 966 939 864 896 302 706 937 714 914 780 430 320 421 679 824 533 569 870 869 857 546 556 780 796 779 658 543 472 539 443 485 850 855 801 737 618 864 961 924 899 960 967 946 835 816 598 847 662 856 847
125 118 189 130 124 118 371 473 699 558 535 984 964 936 648 669 945 978 754 528 732 637 767 749 494 725 894 820 964 974 965 796 528 505 434 574 770 704 776 923 983 910 923 891 643 371 476 806 806 850 914 714 460 499 575 907 838 865 903 663 655 721 566 652 673 658 861 533 678 702 588 486 823 679 832 733 535 641 902 757 651 782 924 914 891 772 807 632 444 542 491
434 118 118 118 118 212 305 419 641 820 884 977 972 947 844 894 835 918 588 509 772 504 495 850 671 771 956 965 972 944 962 804 766 843 752 834 673 681 487 674 951 507 531 433 627 566 633 450 538 789 937 929 883 925 810 825 902 939 910 753 756 732 690 457 660 460 502 495 507 772 719 379 686 443 875 950 946 663 645 515 612 467 601 923 796 399 507 879 665 466 349
898 570 562 501 287 383 676 819 937 977 985 961 976 997 994 983 534 772 568 565 593 511 607 969 955 766 946 965 901 817 951 731 646 748 900 929 682 455 341 632 956 812 774 646 463 292 341 359 774 957 967 960 952 899 716 702 904 935 967 946 931 845 878 665 836 400 750 515 532 604 883 803 807 562 798 560 688 840 707 598 558 377 345 810 915 465 422 920 784 847 491
999 968 870 586 452 497 610 954 897 988 987 978 971 993 997 799 484 505 542 449 558 536 613 657 786 840 859 643 854 839 838 814 497 529 942 960 522 313 226 541 540 847 918 899 671 492 478 688 863 962 977 961 916 926 826 811 923 947 959 956 968 952 952 960 587 286 661 827 516 575 937 975 833 692 586 446 682 886 841 510 317 424 656 909 714 871 923 912 968 912 772
917 956 758 475 509 710 831 845 979 1000 999 982 904 748 779 571 449 368 690 573 455 661 767 439 463 535 832 861 865 854 869 973 759 635 875 803 845 474 320 494 544 644 938 623 711 916 754 619 533 950 983 889 824 883 875 927 936 951 968 974 981 964 963 968 651 472 509 645 897 710 631 887 975 951 844 868 953 756 752 911 483 405 678 914 508 900 937 896 690 825 872
985 902 794 661 663 559 754 746 980 1000 999 988 916 504 513 553 498 290 450 521 589 902 739 448 732 830 922 955 949 964 970 976 979 909 701 738 724 572 287 267 450 679 734 474 529 556 591 365 398 542 806 947 925 891 884 949 966 963 971 948 977 969 963 969 937 892 874 549 684 714 738 587 844 844 616 592 840 757 658 858 957 643 849 970 944 916 865 781 562 859 935
918 884 974 912 970 920 920 959 974 999 998 994 732 436 374 622 443 348 399 412 531 559 829 490 896 950 974 951 972 992 769 636 949 987 958 923 931 539 358 251 326 536 841 533 516 394 496 488 497 438 497 766 947 839 965 966 952 958 908 937 959 980 980 980 930 968 728 979 824 849 651 744 791 935 809 615 637 825 865 746 895 891 788 951 938 926 875 704 630 760 889
711 734 581 499 736 963 924 839 944 985 977 963 799 379 269 621 215 265 284 487 557 467 491 622 699 910 879 790 928 992 992 830 851 963 831 603 557 557 492 408 381 302 696 846 709 476 574 866 842 627 488 493 748 892 983 983 972 964 941 955 965 967 967 974 883 825 736 794 972 972 826 571 825 897 798 867 824 833 726 567 833 830 789 910 632 777 960 766 547 559 694
775 800 893 570 607 942 989 944 963 916 939 933 662 503 293 379 118 118 168 411 865 446 682 518 696 732 970 815 611 903 992 974 939 966 551 332 470 677 456 599 337 366 764 837 845 725 678 898 876 907 732 507 458 569 940 925 916 956 957 859 794 796 943 964 957 976 939 963 978 978 972 966 961 936 830 833 929 913 912 913 944 816 878 945 559 449 969 844 520 573 607
984 993 822 541 600 897 998 984 993 864 948 949 592 834 346 223 118 118 181 408 673 509 465 518 405 589 829 607 460 560 972 962 966 845 746 765 449 486 351 640 465 574 969 758 814 827 630 934 940 924 903 754 497 453 572 772 930 501 579 758 951 839 963 981 981 945 979 973 977 973 962 962 964 966 966 832 895 876 901 896 659 917 952 918 926 345 901 649 656 720 571
872 925 793 845 618 629 936 994 682 939 987 907 776 521 569 473 157 118 239 536 707 496 261 331 296 206 290 311 292 482 923 967 720 493 484 497 826 575 412 427 647 946 945 671 916 939 817 961 965 937 879 933 818 496 438 431 514 479 474 585 934 965 972 979 980 980 964 958 973 962 976 972 975 966 961 947 944 656 771 814 524 876 946 885 927 413 774 844 950 893 713
597 611 604 886 960 953 662 666 402 781 688 922 859 623 554 742 449 508 319 466 927 780 523 173 118 118 118 118 195 351 624 553 562 450 539 898 883 459 617 536 756 804 651 534 786 838 911 958 979 984 936 947 956 769 510 494 559 747 623 633 923 983 980 980 962 975 959 974 977 973 965 962 972 973 966 936 949 794 857 886 871 752 766 662 592 524 775 840 950 937 892
633 755 664 884 967 636 487 610 443 507 694 974 963 548 828 808 311 411 454 570 395 397 458 291 166 118 118 118 118 257 564 993 916 524 396 610 855 889 596 582 496 505 369 384 435 528 869 984 986 986 975 965 959 894 668 764 864 744 588 899 977 981 981 955 980 970 980 980 979 977 973 972 967 944 923 955 946 875 913 861 880 478 454 563 339 414 866 848 916 953 955
992 851 639 862 913 542 713 600 507 342 494 656 1000 533 985 951 487 349 711 916 779 748 869 581 341 125 125 118 118 224 582 993 982 933 416 553 684 844 853 841 398 321 214 298 283 309 401 504 842 986 986 980 985 964 923 978 958 831 917 955 978 967 936 956 681 980 980 979 971 971 962 932 962 844 866 966 960 960 898 869 885 381 397 763 246 340 885 938 941 915 954
1005 1005 796 837 749 928 983 547 608 377 465 600 1000 855 989 976 870 731 856 931 839 921 906 864 608 369 260 189 218 300 699 993 978 942 878 906 927 756 802 814 561 465 244 271 183 118 165 280 478 885 986 982 984 980 964 958 963 912 959 978 978 941 937 939 958 960 980 979 977 974 930 908 954 947 937 961 953 955 899 957 502 427 377 887 526 528 603 846 955 846 955
1004 1004 729 787 597 872 852 654 560 470 868 873 952 881 911 983 811 925 827 685 959 859 958 574 426 526 544 414 457 491 723 969 956 854 965 829 953 876 969 805 971 850 472 251 118 118 118 153 294 562 964 947 976 980 969 946 833 936 966 985 973 981 942 961 973 977 980 980 969 972 977 963 944 944 929 955 958 950 950 952 453 601 304 727 855 552 545 485 664 916 839
1005 1006 1005 932 746 858 468 599 594 467 729 986 727 535 564 958 754 646 457 654 989 893 930 939 784 603 780 515 576 887 963 946 919 949 849 746 971 870 834 881 965 918 735 358 119 118 118 118 254 508 790 835 908 965 969 970 971 969 984 985 985 982 962 928 976 981 980 972 974 965 957 951 939 973 956 973 858 955 948 929 478 433 246 493 476 406 551 766 816 899 917
955 920 890 1005 978 944 539 476 535 315 458 876 822 467 363 853 747 470 553 360 653 952 869 998 917 771 965 990 986 977 970 917 963 978 724 805 992 932 654 905 875 565 776 434 203 118 130 118 165 419 807 739 541 867 979 960 793 776 964 974 984 984 973 936 976 971 961 965 954 949 945 958 980 981 907 932 806 939 955 801 561 422 193 629 640 480 508 931 881 821 972
901 930 932 1005 919 994 880 348 365 416 429 416 384 400 384 479 653 751 626 729 760 476 373 655 895 583 808 990 996 981 980 970 979 981 925 774 880 879 814 892 733 477 707 459 293 118 124 189 194 279 630 795 745 910 954 841 755 959 984 937 968 982 984 981 974 958 954 961 959 975 969 974 980 973 823 885 912 931 813 670 831 516 352 343 500 582 483 468 728 788 934
995 839 1005 1002 872 1002 922 541 506 473 731 479 233 154 184 213 340 507 429 372 423 297 211 276 324 386 608 997 996 980 943 977 994 975 877 969 684 948 966 939 651 463 505 718 443 190 252 309 283 320 504 826 945 928 691 822 579 629 724 969 968 951 943 832 804 983 982 980 981 981 977 957 966 952 856 902 945 961 862 751 860 649 219 203 359 408 412 452 530 468 473
649 714 964 1005 984 1002 1002 952 883 805 843 538 167 119 119 123 119 257 287 309 254 175 145 163 139 215 458 926 996 993 852 858 966 761 691 775 748 984 989 960 676 428 464 491 422 327 362 374 336 494 672 961 878 931 888 671 437 527 986 985 943 865 735 465 522 982 980 979 981 972 976 962 950 923 886 826 925 962 951 937 941 809 191 148 119 147 280 344 304 245 312
532 741 978 828 805 1005 1001 975 984 961 619 468 155 119 119 119 119 119 158 158 119 119 119 133 119 150 309 687 997 982 945 787 861 567 462 551 895 978 978 973 763 447 323 367 535 650 496 291 271 535 701 782 948 785 968 911 508 492 769 706 918 802 560 483 881 981 980 982 979 972 978 981 978 971 942 883 923 885 937 968 956 880 322 119 118 118 200 240 260 259 232
761 617 474 505 571 789 997 996 959 776 506 400 185 119 119 119 119 119 119 152 122 119 119 121 121 119 271 613 997 996 965 951 776 686 550 703 808 768 982 962 660 301 220 473 910 922 471 213 371 831 935 718 973 962 946 948 674 514 489 540 979 973 962 900 875 967 976 971 979 966 963 965 981 982 969 963 968 911 880 966 966 876 365 119 118 118 118 118 121 204 204
945 587 537 627 722 643 989 990 984 908 637 394 312 232 141 119 123 119 119 119 119 119 119 119 127 222 258 489 992 997 996 960 690 512 852 929 684 855 988 802 450 286 240 380 773 988 921 483 480 883 978 963 414 936 987 981 976 865 801 943 975 975 954 950 909 937 904 962 966 961 941 940 954 975 975 981 981 930 880 965 951 933 580 177 118 118 118 118 118 157 192
989 583 788 907 761 845 969 693 972 979 959 788 727 859 507 311 225 119 119 119 158 119 119 134 201 288 233 233 572 800 996 877 467 433 742 684 824 788 523 500 337 279 244 282 559 887 480 623 871 634 464 585 975 912 927 530 846 942 966 965 980 937 876 949 968 923 863 912 891 939 983 953 940 964 982 982 981 960 929 893 977 882 593 517 267 124 119 123 165 140 175
976 775 625 951 908 871 989 958 886 732 853 825 911 898 704 553 380 159 141 146 152 182 183 233 262 311 151 126 261 433 803 484 408 514 859 814 948 826 735 725 570 406 244 240 474 607 811 980 960 805 518 841 951 747 909 315 293 985 965 984 980 964 941 850 927 968 951 908 881 906 980 983 983 981 982 851 960 971 981 670 618 540 451 469 294 208 119 119 118 134 118
1007 990 906 883 807 980 915 608 481 834 670 462 362 356 661 981 558 320 215 261 182 235 265 403 416 710 295 119 185 322 515 345 499 701 996 995 995 933 661 529 744 520 313 219 244 469 860 971 897 946 574 855 901 979 940 468 379 842 953 787 918 931 930 807 831 958 978 937 795 851 868 981 980 975 982 561 861 494 618 679 462 206 118 194 319 254 141 141 119 118 118
978 1002 889 626 512 474 599 612 430 533 900 548 343 370 610 933 763 489 429 451 273 157 338 679 670 575 405 216 204 302 525 431 367 513 935 996 996 982 791 715 957 837 536 338 245 518 981 450 629 948 964 539 910 989 976 949 934 529 720 424 499 509 514 595 815 928 982 941 613 518 665 970 982 957 936 533 513 479 375 352 255 118 118 118 158 164 152 227 235 171 220
597 897 706 803 820 802 922 612 500 786 906 889 866 659 664 637 498 589 658 551 316 146 416 806 549 477 293 269 334 548 777 515 196 288 494 900 996 996 679 484 442 564 919 765 476 494 738 991 389 856 990 980 602 918 979 734 988 925 524 339 170 256 267 488 880 862 929 834 479 363 515 857 983 966 499 434 507 383 243 132 174 324 469 307 118 129 182 267 321 287 326
836 965 924 979 970 922 971 997 976 985 970 653 476 496 474 342 279 497 450 470 455 440 523 987 496 914 428 248 456 968 845 544 203 130 298 566 996 981 872 828 839 944 949 749 339 697 588 860 916 982 941 984 529 523 918 538 862 949 580 360 194 317 454 735 826 642 929 886 520 497 706 898 979 966 798 545 378 187 119 267 118 190 160 183 274 278 314 479 481 375 361
1003 1009 1005 858 689 675 729 958 1006 1000 981 990 987 991 932 547 398 478 369 463 246 438 587 950 958 932 741 407 619 932 834 652 339 142 288 550 981 970 981 941 970 973 985 933 954 948 972 967 977 982 660 668 858 990 941 918 779 908 577 296 256 274 498 988 826 642 936 936 839 556 491 819 982 958 467 726 532 479 316 119 119 118 148 249 219 415 638 649 642 476 311
989 1010 1009 900 661 771 997 1007 1007 1007 1004 1006 855 920 843 451 655 723 412 252 153 258 261 505 887 792 597 495 747 851 694 899 497 310 498 506 544 960 971 985 975 987 993 994 982 802 991 983 986 982 617 417 424 949 990 967 942 891 757 494 353 177 437 988 988 642 868 868 824 494 544 910 949 927 759 687 608 430 291 126 119 119 118 118 118 247 448 515 406 268 200
986 954 1007 851 722 858 935 861 851 979 999 991 900 444 316 516 510 352 184 119 119 282 194 369 658 625 427 398 479 603 812 909 891 495 332 329 553 965 875 989 996 995 995 994 994 988 826 993 989 923 914 991 904 737 959 835 983 909 795 874 571 338 425 425 811 823 823 823 676 685 886 964 955 955 948 570 297 460 316 260 157 119 119 119 118 155 252 314 287 242 213
969 860 860 927 862 973 983 988 1002 1001 985 985 809 313 280 287 304 220 119 119 119 119 182 310 599 648 344 300 324 425 551 874 999 943 666 493 567 580 706 986 995 970 944 994 994 925 840 993 984 976 931 822 979 929 955 937 984 928 781 658 515 496 565 811 811 811 823 823 891 968 843 949 975 956 960 884 471 570 608 440 119 119 119 217 155 143 149 168 167 160 183
994 838 600 692 930 932 754 701 954 1007 1006 993 948 467 458 606 332 160 119 135 119 119 165 288 658 762 357 169 150 234 298 419 663 998 992 496 563 927 882 928 753 843 995 920 798 963 967 822 993 954 595 333 939 902 945 965 980 963 696 507 549 702 934 967 967 967 926 926 938 985 962 962 952 967 966 953 501 498 450 416 121 119 119 119 119 137 119 124 130 119 123
1010 991 757 711 988 1000 792 955 991 998 1007 1004 993 949 981 970 482 343 208 225 219 225 372 452 874 839 328 119 119 119 132 180 484 934 998 756 791 998 997 914 966 965 976 538 629 742 910 993 939 839 339 364 778 885 968 964 975 937 627 514 722 915 961 989 989 937 965 965 793 901 983 986 949 956 755 757 960 823 613 478 296 119 119 119 119 119 137 124 155 123 129
568 438 699 804 828 513 454 966 876 1000 1008 984 994 994 987 896 813 527 359 342 319 289 460 541 934 897 436 119 119 119 120 180 488 692 550 477 432 385 667 696 423 902 995 366 557 511 808 983 946 494 955 689 891 722 707 887 596 787 886 600 601 818 923 979 966 937 977 986 816 894 937 985 880 978 917 921 884 804 481 391 260 157 119 119 119 119 119 131 119 119 129
