prediction/untitled folder/solar_ghi_19900101_19UT.txt
NCOLS 839
NROWS 679
XLLCORNER 112.025005
YLLCORNER -43.9750009
CELLSIZE 0.0499954
NODATA_VALUE -999
[rows 432 to 503 of 679, columns 672 to 767 of 839]
54 55 56 56 57 58 58 59 60 60 61 59 61 61 64 64 65 66 66 67 67 65 68 69 69 68 71 71 72 71 72 75 74 75 74 77 78 80 79 79 80 80 81 82 81 85 85 85 82 84 85 87 88 89 89 92 90 91 92 95 95 96 97 97 97 99 100 100 100 98 100 100 101 103 103 104 104 107 103 104 103 102 100 100 99 98 98 74 83 50 42 45 41 44 53 48
55 55 56 57 57 58 59 59 60 60 60 60 60 63 62 65 66 66 67 67 66 66 70 68 68 68 70 72 73 73 74 76 75 76 76 77 80 81 79 80 81 81 82 83 82 85 86 86 86 86 87 86 89 89 90 90 92 92 95 92 92 95 97 98 98 99 100 101 102 100 101 102 101 101 101 100 102 107 106 105 97 102 104 93 76 73 87 65 52 47 46 46 44 49 60 56
55 56 56 57 58 59 59 60 61 60 59 61 59 60 62 65 65 67 66 67 66 68 69 70 68 68 71 73 74 73 74 75 76 76 77 80 80 81 80 79 81 82 85 84 84 85 86 86 88 88 88 88 90 91 92 91 91 92 95 95 95 97 98 98 99 100 100 101 102 103 101 100 100 101 98 98 103 106 107 102 99 101 90 64 61 78 58 44 47 45 40 41 42 50 83 50
55 55 55 56 58 59 60 60 61 62 61 60 61 61 62 62 63 65 67 68 69 70 68 71 68 69 71 71 73 76 73 74 77 76 77 79 81 79 81 83 82 84 85 85 86 87 85 85 87 90 88 89 90 90 91 93 92 94 96 96 97 97 98 99 99 100 97 98 102 100 97 99 100 102 103 103 108 106 101 95 101 90 59 50 46 53 52 43 42 42 42 41 41 51 58 51
55 55 55 57 59 59 60 61 61 62 61 59 61 63 64 64 62 63 67 68 69 68 68 71 72 72 74 73 72 74 76 76 77 78 79 81 81 80 82 82 82 85 84 86 87 87 88 89 90 88 90 90 90 93 91 94 94 95 95 97 97 96 99 99 96 95 94 98 99 99 100 102 101 103 98 103 107 108 101 89 77 61 55 55 49 51 53 45 40 42 42 43 48 50 46 46
56 57 58 58 59 60 60 61 62 63 63 62 63 63 65 66 65 65 66 66 67 68 71 71 71 73 72 71 74 73 76 75 78 77 80 81 82 83 82 84 83 85 86 84 86 88 89 88 88 90 90 91 92 92 91 92 93 95 97 95 98 94 96 97 95 96 95 98 98 98 101 104 103 103 100 106 104 102 101 87 72 50 57 55 57 58 58 53 46 48 49 48 53 52 48 48
57 57 58 59 60 60 61 62 62 63 62 64 64 63 64 61 63 65 68 66 70 71 71 71 73 73 73 76 74 75 77 77 79 78 79 80 80 83 84 85 85 85 86 87 85 86 88 86 88 90 90 92 92 93 95 95 95 95 96 94 94 95 94 95 97 96 98 102 101 99 101 105 106 104 103 102 97 95 92 79 60 50 56 54 57 60 57 55 55 58 58 53 55 54 53 53
57 58 59 59 60 61 61 62 62 63 63 63 63 64 62 61 65 64 70 67 70 71 72 72 72 72 73 75 74 75 77 78 80 81 81 82 83 83 84 85 86 86 87 88 88 89 90 90 90 89 91 93 93 94 95 95 94 94 95 96 95 94 94 96 97 97 100 101 102 101 101 106 105 104 102 94 89 89 81 66 52 48 51 51 55 57 56 55 54 63 58 55 58 57 55 52
58 58 59 60 60 60 61 63 63 64 62 63 65 65 66 67 67 66 69 70 71 70 70 71 72 74 74 73 75 76 78 79 80 81 82 83 83 80 83 84 82 86 87 88 89 90 90 91 92 92 92 93 94 95 95 96 96 95 95 97 99 96 95 95 97 97 101 99 97 102 104 105 104 103 97 88 87 92 78 58 51 50 49 52 55 53 56 59 57 62 60 58 60 61 57 50
58 59 59 60 61 61 62 63 64 63 62 63 64 67 68 68 69 68 69 69 69 71 71 72 73 73 76 75 77 79 79 78 80 81 82 83 84 81 83 84 82 85 87 88 87 90 90 91 92 93 92 93 95 95 96 94 96 95 98 97 98 97 99 99 97 96 101 100 98 101 101 98 100 99 94 98 89 93 95 74 62 57 52 52 59 58 55 56 57 61 60 58 68 68 54 55
59 59 59 61 61 62 63 63 64 63 63 64 66 68 67 68 69 70 69 69 70 73 73 73 74 74 77 76 78 79 79 78 79 79 82 83 84 83 86 86 85 85 88 88 89 88 86 90 91 93 92 92 95 96 93 95 95 98 96 97 97 98 100 100 98 97 102 104 101 99 97 91 93 93 83 79 98 99 108 82 67 61 57 54 55 52 51 56 64 64 62 63 63 61 57 55
59 60 60 61 62 62 63 63 63 61 63 64 66 68 68 66 68 71 70 69 69 73 74 73 73 74 74 76 76 77 79 78 80 80 81 83 85 85 84 85 85 87 89 90 89 91 90 90 91 92 93 94 95 96 96 96 97 96 99 96 97 99 99 98 98 98 105 101 102 104 99 98 103 99 67 79 93 71 64 62 63 61 56 59 63 65 54 58 62 72 71 63 74 71 63 65
59 60 61 61 61 62 62 62 62 61 63 64 64 67 66 66 66 70 70 69 72 74 75 73 76 77 75 75 77 77 79 79 79 83 80 84 85 84 86 87 86 86 89 90 90 86 91 90 93 93 95 95 96 93 97 96 96 97 97 99 99 102 101 103 99 99 99 102 103 102 101 103 106 104 59 65 65 60 56 57 60 63 59 53 55 62 59 58 63 76 86 79 74 103 67 64
58 58 59 59 58 62 64 63 60 63 64 62 65 66 69 68 70 70 71 73 74 74 72 76 77 77 75 76 80 80 80 79 82 82 84 85 85 85 85 88 86 87 87 90 89 86 90 92 93 93 92 93 96 95 95 98 98 100 100 101 99 98 101 104 104 102 102 103 104 104 105 107 106 102 61 58 54 53 51 52 56 56 56 50 49 54 66 74 76 83 91 112 90 111 75 64
60 61 59 60 62 64 64 65 63 64 66 63 66 68 70 70 71 71 70 74 73 74 70 74 77 77 78 79 77 78 77 79 80 83 85 84 82 85 86 86 87 89 88 91 92 90 89 93 94 95 94 92 97 97 97 99 99 100 101 102 101 100 101 104 105 104 104 104 106 108 108 105 105 100 64 57 52 47 47 47 49 48 46 46 46 50 60 76 83 78 77 100 108 91 75 67
59 61 62 62 62 64 65 66 65 63 68 63 67 68 70 71 71 71 70 74 73 73 72 76 76 76 77 78 79 78 81 82 84 83 85 83 82 85 86 86 87 90 88 91 90 90 90 93 95 95 95 96 97 97 97 97 100 101 101 99 101 103 101 103 104 103 104 106 108 109 109 106 108 103 78 69 61 47 44 46 45 45 43 43 45 48 50 52 64 72 62 67 76 70 64 65
61 62 63 63 63 64 65 66 63 65 66 67 65 67 68 71 72 72 70 73 75 73 75 77 77 77 77 77 81 81 82 82 84 84 81 83 82 87 88 89 88 90 90 91 90 89 92 94 95 95 95 97 97 95 97 98 99 98 100 96 98 103 102 102 102 105 104 106 108 109 106 107 109 104 100 102 85 50 46 49 47 46 46 48 48 47 49 54 61 91 71 59 69 70 59 64
61 62 63 64 64 64 66 66 63 67 67 66 68 67 69 71 72 73 71 72 76 72 75 76 78 79 78 78 80 82 81 81 83 81 81 84 85 88 89 90 90 91 91 91 90 91 95 91 95 96 95 97 98 96 97 98 96 96 93 99 97 99 105 105 103 103 106 104 105 105 105 109 110 99 84 85 96 63 54 54 51 50 50 46 43 49 52 57 54 58 53 51 55 58 52 56
62 62 62 64 65 65 66 66 65 67 66 69 69 68 68 69 71 71 74 73 75 71 73 78 79 79 76 78 80 80 83 83 82 84 86 85 86 89 89 90 91 91 88 89 90 90 93 91 91 95 95 97 97 96 97 98 97 97 99 101 101 101 103 103 103 106 106 106 102 106 110 109 110 94 79 64 61 58 59 56 50 49 49 48 50 52 61 54 53 52 52 54 53 45 46 53
62 63 61 63 65 66 66 66 65 66 65 66 71 69 72 72 73 70 74 76 73 72 72 78 79 77 79 79 81 79 80 84 85 86 85 82 86 87 89 86 86 89 89 89 88 91 94 91 94 93 92 93 95 99 99 99 100 101 100 101 103 104 102 105 104 104 107 107 106 107 107 109 106 106 92 75 59 55 53 50 47 45 45 47 51 71 61 66 62 52 49 51 47 40 45 47
63 63 64 65 66 66 66 65 67 66 67 70 71 70 72 71 69 71 71 72 72 69 71 74 75 76 79 82 82 83 84 85 85 86 84 88 86 87 89 88 89 89 90 89 92 92 94 94 95 95 96 94 96 100 99 99 99 102 103 102 103 102 101 104 106 103 105 101 105 107 107 110 109 106 107 103 76 62 56 50 48 48 47 47 51 63 58 63 69 59 48 46 42 40 43 46
63 63 64 65 66 67 64 61 66 64 65 70 69 70 73 73 74 70 73 77 75 74 75 69 77 76 77 78 79 81 84 85 86 87 85 84 87 87 87 91 89 90 92 91 94 93 93 95 93 94 98 96 96 100 101 102 102 102 103 102 105 103 100 102 105 103 105 102 103 107 110 110 109 114 112 109 91 74 64 60 58 66 70 59 54 53 54 57 64 66 48 45 42 42 42 45
63 64 65 66 66 67 67 67 68 67 68 71 72 69 73 70 74 72 72 75 75 75 75 74 76 77 79 82 81 81 82 84 84 83 85 85 87 89 88 89 89 90 93 94 92 93 94 95 95 96 97 97 97 101 101 102 103 103 103 102 103 101 102 103 105 103 106 107 106 106 106 110 111 114 113 110 102 93 85 77 83 97 101 71 56 52 52 54 58 65 57 46 43 42 43 45
64 65 64 66 67 67 67 67 68 69 69 70 72 70 70 68 70 73 73 73 75 77 77 78 77 77 80 81 81 82 81 82 83 82 85 87 87 88 88 89 91 90 91 95 95 93 95 95 96 97 98 97 96 101 102 102 103 104 103 102 103 103 106 106 106 104 104 110 111 108 108 110 111 114 113 110 111 116 113 115 119 117 90 61 50 48 49 52 55 55 74 52 43 44 46 48
64 65 65 66 67 68 67 68 68 68 69 68 72 69 69 70 72 73 74 73 75 75 77 78 77 80 82 80 80 81 81 85 84 87 86 86 85 84 87 92 93 93 91 94 95 96 95 95 96 97 98 97 99 101 102 101 98 100 100 103 104 104 105 105 104 105 107 111 111 112 110 110 110 115 115 114 115 117 118 115 115 112 79 57 48 49 49 50 50 51 56 59 55 49 48 53
65 65 66 67 66 68 66 66 67 69 67 65 69 64 71 70 71 72 74 71 74 76 76 79 79 80 81 81 82 80 83 87 85 88 85 86 86 85 89 93 93 93 92 92 92 92 95 95 96 99 98 98 98 102 102 101 101 105 105 103 104 107 105 103 106 109 107 108 108 109 105 112 112 111 112 113 117 117 119 116 117 115 73 49 45 45 49 50 46 47 55 77 85 68 62 57
64 66 66 67 67 67 64 64 67 67 66 66 66 67 71 71 71 74 74 74 78 78 77 79 78 80 79 80 83 83 80 84 85 86 87 88 90 89 86 90 91 91 92 93 91 90 94 98 97 98 98 99 102 102 103 100 99 99 103 106 104 105 103 102 104 107 105 107 112 109 110 112 111 108 108 114 117 114 109 116 117 92 63 48 47 48 49 47 45 52 62 84 107 83 76 62
62 65 67 68 67 66 67 67 60 63 69 66 66 72 73 74 73 74 76 78 79 79 80 82 82 80 82 84 83 81 87 85 85 86 87 88 88 89 90 87 88 88 91 93 94 93 90 96 99 96 98 100 102 101 100 100 102 105 103 106 103 103 104 104 107 109 106 109 109 112 111 113 112 108 111 115 116 115 111 117 120 92 57 50 49 46 50 49 48 56 73 101 119 88 89 70
62 62 64 65 65 61 65 67 63 65 69 69 72 74 72 71 74 75 78 77 78 77 78 81 80 81 84 85 80 83 85 84 85 87 87 89 89 90 88 91 90 91 92 93 95 95 95 97 97 98 100 102 102 103 101 99 101 106 104 104 105 105 107 108 109 111 112 109 105 108 112 111 112 109 113 114 114 113 112 115 121 110 67 53 51 47 51 51 53 62 87 119 129 92 106 77
64 63 65 66 65 62 66 70 68 69 69 66 67 70 71 74 75 76 78 78 77 79 80 80 78 80 81 83 82 85 85 86 87 88 88 87 88 90 91 90 91 92 93 94 93 94 98 97 98 99 101 100 102 102 103 100 100 105 105 104 105 106 106 109 110 111 112 111 106 106 107 109 109 111 113 114 113 112 110 115 120 118 83 63 56 53 55 54 56 75 128 127 129 110 113 86
63 65 67 67 67 67 69 68 70 72 71 72 71 70 72 75 74 76 75 75 78 79 80 79 79 82 80 83 84 84 86 87 86 90 89 88 85 90 94 92 93 92 93 92 94 94 97 97 98 98 98 99 98 99 103 104 102 101 102 105 104 104 107 110 111 112 112 108 107 108 111 106 108 111 112 112 114 113 112 115 117 122 73 65 61 62 62 62 64 83 128 129 129 91 84 96
65 67 68 68 68 66 67 63 68 71 71 73 74 72 72 74 72 76 74 76 75 79 78 77 78 82 83 85 83 85 88 89 87 91 90 90 87 90 92 93 93 94 93 93 96 99 98 97 98 98 97 99 100 101 105 105 106 103 104 103 102 100 105 111 110 112 109 107 106 107 108 112 111 113 112 113 116 116 116 112 116 119 73 61 67 74 83 117 116 126 128 129 129 117 86 75
66 67 68 69 67 70 63 61 68 69 70 74 76 73 74 74 75 75 73 77 76 78 79 77 81 83 83 85 82 84 87 90 88 88 92 93 91 94 94 94 94 92 93 97 96 97 96 96 99 99 102 101 101 97 102 104 106 104 105 104 104 109 107 109 99 102 106 106 107 107 108 112 113 113 114 115 113 112 113 113 117 119 95 78 92 122 123 127 127 128 128 129 130 122 93 74
67 67 69 70 66 72 70 71 74 69 69 73 76 75 76 78 76 72 74 76 78 75 78 84 84 84 85 84 84 87 89 86 87 89 93 91 88 88 92 96 92 92 96 96 97 95 96 99 99 102 100 97 98 98 105 100 98 103 105 106 103 107 111 108 106 105 106 109 107 112 114 113 116 112 113 116 118 117 118 113 114 117 114 120 126 127 127 127 126 128 129 129 130 124 91 77
68 69 70 71 68 69 68 72 70 69 72 71 75 78 78 77 74 73 75 79 82 78 78 79 84 84 83 82 84 87 87 86 90 90 92 92 92 91 95 96 95 96 92 93 98 96 95 96 98 100 99 101 102 99 101 99 100 105 104 105 105 106 108 106 107 108 109 110 108 113 117 117 114 115 115 118 118 117 118 119 119 121 121 123 126 127 128 128 126 127 129 130 131 129 111 85
67 69 70 70 69 69 70 69 72 73 75 77 76 76 78 76 78 78 77 80 80 82 82 82 84 85 83 83 89 88 86 89 90 90 87 90 93 94 94 96 96 97 97 98 99 99 99 99 98 100 100 103 102 101 101 101 103 103 103 105 106 104 105 105 107 111 112 113 112 114 116 117 115 113 116 119 119 117 120 123 124 123 125 123 126 127 128 128 129 129 130 130 131 131 132 112
69 68 71 66 68 69 69 69 74 74 76 77 75 74 75 77 80 78 78 79 80 81 81 81 83 87 84 84 87 88 85 89 90 91 89 89 92 95 96 95 96 97 99 99 99 101 102 102 101 103 102 101 105 106 104 108 106 102 103 108 107 104 103 104 106 110 114 114 114 113 114 114 116 113 115 118 116 120 123 123 123 123 122 124 123 127 128 129 130 130 130 130 131 131 132 130
70 67 71 68 69 69 69 74 74 75 77 75 77 73 76 76 78 78 80 79 80 81 82 81 83 84 83 82 85 87 86 88 89 93 92 90 95 95 95 96 94 99 100 99 99 102 102 103 102 104 105 105 106 107 107 108 108 103 104 106 104 108 106 105 107 110 115 116 112 115 116 115 116 116 117 117 114 119 123 123 123 119 125 126 126 127 128 129 129 130 131 131 131 132 130 127
69 66 71 69 68 70 72 74 74 75 74 75 77 75 76 77 79 80 81 81 81 81 84 84 84 86 83 84 86 87 88 88 89 92 90 91 96 95 93 97 95 99 100 98 101 102 100 102 104 101 105 106 106 107 104 106 108 103 103 104 102 104 108 107 109 115 116 115 117 117 118 119 112 112 121 120 118 120 123 124 123 121 125 126 127 128 128 129 130 131 131 131 132 132 131 132
69 67 72 66 66 68 72 75 74 77 75 77 76 78 77 76 79 82 81 81 81 83 86 87 88 89 88 89 90 87 91 89 93 94 93 93 96 95 93 96 97 99 101 101 101 102 97 103 102 102 105 106 107 107 108 109 108 105 103 106 111 107 108 109 113 115 116 117 117 118 118 119 116 117 119 117 118 114 116 120 121 126 126 125 128 128 129 130 130 131 131 131 132 133 133 134
71 72 72 66 69 69 68 68 73 73 77 74 75 77 78 80 79 80 83 82 82 83 84 85 87 89 90 89 91 87 89 91 91 94 94 91 97 98 97 98 99 98 101 102 99 103 100 101 102 102 105 106 107 107 108 103 103 103 103 104 106 107 108 110 115 116 116 117 117 118 117 112 116 121 121 119 122 120 119 124 122 126 127 127 128 128 129 130 130 131 132 132 133 133 133 134
72 72 68 68 67 71 70 68 73 74 78 75 75 77 80 82 82 76 82 83 82 83 84 84 83 85 86 91 92 92 92 93 92 89 90 90 96 98 96 97 98 98 98 102 102 103 101 100 99 100 103 103 104 101 101 100 103 106 106 105 106 106 111 110 114 115 115 113 115 118 115 114 115 121 122 122 120 124 124 125 126 126 127 128 128 129 129 130 131 131 132 132 133 134 134 134
72 73 70 70 74 74 74 76 74 77 76 76 75 77 80 81 78 80 80 80 82 82 83 84 85 88 85 89 92 92 92 93 93 92 93 95 94 94 96 97 98 100 101 99 103 103 104 104 99 101 104 100 102 98 99 102 103 104 107 109 106 110 113 112 114 113 114 113 114 115 116 114 114 117 122 122 121 124 125 122 126 125 127 128 128 129 130 130 131 131 132 133 134 134 134 135
73 73 69 69 73 73 72 76 74 77 79 78 78 79 79 81 80 79 80 85 84 85 85 85 87 90 90 91 89 88 89 92 94 92 96 97 98 95 97 96 97 101 102 98 98 100 103 104 101 100 106 101 104 101 105 107 108 108 109 110 108 111 114 115 114 115 114 118 113 111 114 113 115 118 120 121 124 119 125 124 125 125 127 128 129 130 130 131 131 132 133 133 134 134 135 135
72 73 69 70 72 72 71 75 75 76 79 79 78 80 80 81 80 81 84 86 86 86 87 89 88 90 91 91 89 89 90 95 94 92 97 96 99 100 95 98 99 102 102 100 98 97 99 98 100 102 107 108 103 104 110 111 110 112 113 112 110 113 114 116 116 117 112 118 113 114 112 115 120 122 117 117 124 120 125 126 127 127 128 128 129 130 130 131 132 133 133 132 134 135 136 136
71 69 71 74 73 68 73 76 77 76 79 79 79 81 81 80 79 83 86 85 85 86 89 90 89 91 90 90 90 92 95 93 96 92 95 99 99 98 99 100 102 102 103 103 102 103 103 101 98 102 104 104 103 104 106 110 111 109 111 110 112 111 110 113 112 112 112 119 113 114 115 119 122 122 119 119 123 123 126 126 127 126 128 129 129 130 131 131 132 133 134 134 134 136 136 137
73 70 72 74 71 72 73 77 76 74 78 81 77 78 78 80 79 82 83 85 85 87 89 85 89 91 88 86 89 92 95 90 95 93 94 99 99 100 101 102 101 103 103 103 104 102 101 102 103 102 105 104 107 109 107 110 109 111 113 110 108 108 108 111 115 109 115 119 118 118 118 118 122 123 120 116 115 121 122 127 127 124 129 129 130 130 131 132 132 134 134 134 135 136 137 137
74 67 71 72 71 74 75 75 76 76 78 81 82 78 81 81 82 82 84 84 86 88 88 89 89 91 90 89 89 89 95 95 96 96 96 99 99 97 101 97 101 101 101 102 105 104 103 103 105 106 109 106 105 110 111 111 109 110 112 113 110 111 113 116 113 114 115 116 116 118 117 114 121 121 120 115 115 119 120 123 124 125 129 130 130 131 131 132 133 134 134 135 135 136 137 137
74 72 74 73 71 73 75 78 79 76 73 76 76 82 79 80 83 83 86 85 87 87 88 87 89 88 91 91 90 93 95 95 97 96 96 99 97 96 101 99 100 103 103 104 106 105 105 104 105 108 109 109 108 108 109 107 110 110 111 113 112 112 115 117 118 118 119 116 116 117 118 114 117 118 120 119 120 121 120 123 118 123 129 130 131 131 132 133 133 134 135 136 136 136 136 137
74 68 72 74 69 73 77 78 78 77 73 76 75 81 82 82 82 84 83 87 88 89 88 91 89 87 91 94 93 93 92 92 93 95 97 97 98 99 98 102 101 103 105 105 105 103 106 104 105 106 106 108 109 108 112 108 110 109 111 110 112 113 112 115 117 115 118 118 118 116 117 115 119 120 119 125 126 122 119 123 121 123 127 129 131 132 133 133 134 134 135 135 136 136 137 137
72 70 70 71 72 73 75 78 78 77 77 78 80 81 82 84 83 84 83 87 89 89 88 87 87 87 90 95 95 94 93 89 92 95 97 97 98 99 98 99 100 103 104 103 103 105 107 103 104 106 107 106 108 108 113 113 112 111 109 108 111 114 117 115 112 113 114 115 116 111 115 116 118 120 120 126 126 120 119 125 128 127 127 130 132 126 122 127 134 135 135 135 137 137 137 133
72 70 71 70 73 74 75 76 78 77 78 79 82 81 84 85 84 84 87 87 87 88 87 86 86 89 92 95 96 97 97 94 94 97 99 94 100 100 102 97 99 105 102 100 101 106 104 102 102 106 108 105 111 107 107 108 110 112 110 109 113 110 117 113 111 114 117 120 122 112 111 119 122 124 120 120 127 121 123 127 126 124 125 132 132 127 133 134 135 135 136 136 134 133 133 137
70 71 73 73 73 73 75 75 80 79 78 81 81 82 85 87 85 83 88 88 87 85 88 88 89 94 93 91 95 97 97 95 97 100 100 96 100 100 100 103 104 104 100 106 102 107 104 105 107 109 110 105 101 110 109 106 107 110 111 113 109 107 115 117 116 117 119 120 121 115 113 116 119 121 122 124 125 122 121 125 127 124 125 114 129 117 121 126 135 136 131 121 134 131 135 138
73 74 75 74 75 75 76 73 75 79 82 81 82 82 82 83 85 87 87 86 86 85 87 91 92 95 91 90 90 91 95 98 95 100 101 100 98 98 100 102 105 106 104 106 103 107 109 108 108 107 110 105 107 107 106 107 108 107 111 111 111 115 119 119 117 119 120 120 123 123 119 119 122 120 121 125 128 126 125 128 123 123 114 98 106 102 106 113 123 128 126 113 120 131 135 138
72 72 75 76 78 80 80 78 79 80 79 80 82 83 84 85 84 87 84 86 89 89 90 91 93 91 91 90 92 94 97 96 96 96 94 95 96 100 102 98 101 103 103 103 104 105 108 109 109 108 109 105 108 108 109 109 108 108 114 110 112 116 118 119 115 116 118 118 122 124 125 123 123 124 118 128 128 128 128 123 118 120 92 96 95 98 98 99 107 114 119 107 108 116 122 128
74 74 73 75 78 79 80 79 81 80 79 80 84 83 82 85 84 86 88 88 88 90 91 93 95 94 92 93 94 95 96 95 97 95 91 95 96 102 102 96 93 98 102 102 107 106 109 109 108 104 107 110 106 109 110 108 107 110 117 113 114 115 115 116 112 116 119 117 120 123 124 126 120 123 121 128 128 121 123 116 111 100 84 88 84 86 92 89 91 98 108 105 101 105 115 114
73 74 75 75 78 78 77 79 80 81 80 81 80 83 86 88 87 86 88 91 92 91 88 94 94 95 97 96 97 99 97 94 97 97 98 97 98 103 104 100 95 99 106 107 108 109 110 109 105 104 107 108 106 109 114 110 111 112 118 117 115 116 115 114 109 116 121 121 120 123 125 125 122 125 124 121 119 120 119 110 96 95 79 71 76 83 81 82 78 86 97 94 86 91 104 93
74 74 76 76 78 79 78 79 79 82 82 80 79 82 88 87 88 89 89 91 92 93 90 94 93 96 97 95 98 99 97 96 97 99 101 98 98 102 106 104 101 105 107 109 109 109 111 106 105 109 108 109 107 107 112 112 117 114 113 114 116 114 111 115 112 117 123 123 122 123 126 122 118 128 128 119 106 109 100 80 73 91 94 94 87 89 96 100 90 90 82 84 115 119 123 106
72 75 77 77 78 80 82 83 81 82 82 82 81 81 83 86 89 91 91 88 88 92 91 92 92 94 94 96 98 99 96 95 97 100 101 101 102 103 104 104 106 106 108 109 110 105 110 108 108 108 109 110 111 114 116 109 113 114 115 116 116 112 116 117 117 120 120 121 120 116 119 123 123 127 129 120 113 112 113 98 96 102 106 105 120 98 100 94 95 93 81 78 133 134 113 105
73 75 76 76 77 80 80 81 81 80 81 79 78 78 87 89 90 89 89 87 91 92 92 92 96 97 95 93 98 96 101 94 97 102 103 103 105 104 102 105 108 108 104 108 110 110 105 107 110 111 113 112 111 110 109 111 117 116 113 116 115 114 116 121 120 116 117 121 121 117 120 124 125 124 123 124 117 123 114 107 115 119 113 103 107 105 118 108 96 97 97 85 124 138 121 115
73 74 79 79 79 80 81 81 80 80 77 80 83 85 85 87 87 87 89 90 86 93 93 95 96 97 96 96 98 98 98 95 96 102 104 101 106 102 104 104 105 105 105 101 109 107 106 104 107 110 111 112 111 114 114 118 118 118 115 118 116 117 116 117 118 122 118 125 123 123 123 127 128 124 122 128 125 131 121 116 125 123 120 100 114 110 114 119 103 97 109 91 114 138 142 142
75 76 77 79 78 79 78 78 80 81 80 80 85 89 90 89 90 89 89 91 89 92 95 93 92 95 95 99 97 96 97 98 99 99 102 101 104 104 106 102 101 106 106 99 107 109 110 109 107 111 112 110 114 114 114 118 118 119 120 121 120 119 119 118 118 121 116 124 126 127 125 128 128 129 126 131 131 126 124 124 131 119 110 107 117 122 124 119 114 106 91 78 94 132 134 126
74 78 77 79 78 80 80 78 81 83 84 82 86 85 90 91 91 91 90 89 92 93 94 92 93 94 95 99 98 97 98 100 102 101 101 104 105 105 106 103 103 108 106 103 107 110 111 111 109 114 110 113 112 111 113 118 119 119 120 121 121 122 122 123 123 119 119 117 124 127 124 125 129 129 130 131 132 128 126 128 133 105 108 110 101 122 128 125 110 102 99 84 106 136 140 131
70 73 77 79 77 77 80 79 81 82 83 84 84 86 89 89 87 88 88 89 90 93 95 95 94 95 96 99 99 98 98 102 104 105 102 102 103 106 107 107 106 106 107 105 102 106 109 110 106 115 109 115 113 111 115 119 119 119 120 121 118 118 121 121 120 120 125 119 124 127 123 122 129 130 131 129 127 124 118 115 110 116 124 128 130 138 137 126 102 99 85 91 100 95 102 138
68 68 72 74 76 78 79 81 83 85 80 84 85 85 87 89 85 91 89 88 91 91 94 95 95 92 91 97 99 97 96 100 104 104 102 103 105 108 109 109 110 108 111 111 107 105 106 109 113 114 116 113 116 117 117 119 119 116 117 121 122 123 123 118 119 120 121 120 122 123 123 122 126 120 119 127 125 122 115 116 118 111 101 107 135 139 139 130 89 96 95 91 96 103 100 131
73 76 69 73 75 79 83 83 85 85 82 84 85 88 88 88 88 90 91 90 91 94 96 95 95 93 93 98 97 97 100 103 103 105 106 105 103 105 108 109 110 111 110 111 111 110 110 109 110 114 115 113 113 117 117 116 119 120 119 122 122 123 123 121 120 123 121 121 122 123 124 127 127 128 122 127 127 126 110 121 106 108 102 104 130 139 140 135 90 86 91 84 82 100 124 123
75 69 63 71 78 78 80 81 82 84 87 86 85 86 87 86 86 90 89 93 94 94 94 94 96 97 96 94 97 100 100 101 105 104 103 102 105 106 107 107 110 111 109 111 113 114 114 115 112 116 116 114 112 119 119 116 120 120 121 122 122 123 124 121 123 124 124 124 127 126 128 127 126 128 124 124 130 116 102 116 98 99 95 91 124 140 105 110 92 78 79 72 71 83 119 117
66 70 68 70 79 82 80 82 81 84 85 86 85 88 88 86 87 90 90 93 92 95 95 94 97 98 99 97 97 103 100 97 105 103 102 104 105 108 107 107 108 109 111 113 114 114 115 115 116 116 117 117 115 119 119 118 120 121 121 122 122 123 124 124 122 126 125 127 128 128 129 128 131 126 119 113 126 110 87 97 98 93 94 94 93 128 96 96 86 65 63 79 55 76 94 114
63 70 67 71 76 80 80 82 79 82 83 86 88 89 88 89 90 89 91 92 93 95 95 94 97 100 100 100 100 101 102 98 101 102 105 105 106 107 106 107 109 110 112 113 113 113 109 112 113 116 116 117 117 119 119 120 120 121 122 122 122 124 114 85 99 124 125 126 129 129 130 130 131 131 128 123 123 114 109 93 93 104 82 93 90 78 67 63 58 52 69 56 47 84 117 103
64 69 67 69 74 78 80 83 80 79 83 86 88 89 85 91 91 90 90 92 95 96 96 95 97 99 100 99 102 99 103 100 102 102 105 105 101 109 106 106 107 110 111 112 112 113 113 112 111 115 117 117 114 119 118 120 121 121 122 123 123 124 68 57 69 94 120 127 129 129 128 127 130 131 130 134 134 133 130 103 84 108 77 85 94 77 77 79 74 72 70 67 65 86 116 98
63 59 60 70 72 78 82 84 81 79 82 84 88 87 87 92 93 92 96 91 90 96 98 97 99 100 97 96 96 99 102 105 107 107 107 108 102 109 108 111 109 109 111 110 107 114 112 111 112 116 118 118 119 119 120 120 121 122 122 123 122 124 109 79 67 67 91 122 124 129 123 114 125 129 128 133 134 127 117 105 80 84 83 85 81 82 93 80 82 82 79 80 84 96 109 103
57 47 43 63 74 77 77 78 84 86 83 85 90 89 86 91 93 93 94 91 95 90 93 97 95 95 100 99 98 99 96 103 106 105 103 106 107 107 109 111 111 112 113 109 107 114 116 116 117 116 118 119 119 120 120 121 121 122 123 123 124 123 112 88 66 55 68 76 101 122 123 121 125 129 132 134 134 130 109 90 85 76 90 87 78 82 97 82 87 85 82 84 91 96 95 98
