prediction/untitled folder/solar_ghi_19900101_19UT.txt
NCOLS 839
NROWS 679
XLLCORNER 112.025005
YLLCORNER -43.9750009
CELLSIZE 0.0499954
NODATA_VALUE -999
[rows 360 to 431 of 679, columns 672 to 767 of 839]
24 24 25 26 27 27 28 29 29 30 32 32 32 33 34 35 34 36 38 37 38 38 40 41 42 42 43 41 29 31 39 43 38 37 44 48 48 51 50 50 50 54 54 55 56 56 57 58 57 57 58 60 62 62 60 62 63 63 64 65 66 66 67 69 70 69 69 70 71 72 72 74 74 75 76 75 78 78 77 78 79 81 81 81 83 84 84 84 85 84 86 87 88 89 89 91
24 25 25 26 26 27 28 29 31 31 32 33 33 33 34 36 37 37 38 39 39 40 40 40 42 43 43 42 41 44 45 47 48 47 47 47 49 51 50 52 52 52 54 54 56 57 56 57 57 57 59 61 61 61 63 64 62 63 65 67 66 67 68 68 68 70 71 71 73 73 74 74 75 75 77 76 78 77 77 79 79 80 81 81 82 85 85 85 85 84 86 87 87 87 89 89
25 26 26 26 27 29 29 30 30 31 32 33 34 35 36 36 37 37 38 39 40 41 41 42 42 43 42 44 45 46 46 46 48 47 49 46 47 52 51 52 53 53 54 54 56 57 57 56 57 58 58 59 61 60 63 64 63 63 65 66 66 67 68 68 67 70 71 72 72 73 75 75 73 75 76 77 78 79 78 79 81 81 81 81 82 82 84 84 85 84 87 86 88 88 88 88
25 26 27 27 28 29 30 30 31 32 33 34 34 35 36 37 37 38 38 38 40 41 42 43 35 33 40 44 45 46 47 48 48 48 50 48 50 52 52 52 54 54 54 55 56 56 55 56 58 61 61 60 59 61 62 64 64 64 65 66 67 67 68 67 68 69 70 72 73 73 74 76 75 75 77 78 79 80 81 81 82 82 81 83 84 83 83 83 83 88 87 87 87 86 89 90
26 26 27 27 29 29 30 30 31 32 33 33 35 34 36 37 38 39 39 39 39 41 42 43 39 36 40 44 45 46 47 48 49 47 49 49 48 49 52 53 54 54 55 54 56 56 55 57 60 61 62 62 60 63 63 65 66 66 65 68 67 67 69 69 69 69 72 73 73 75 72 75 76 77 77 79 79 80 80 82 82 81 81 84 85 84 82 85 86 89 88 88 87 89 92 93
26 26 27 27 28 29 30 29 29 32 33 34 34 35 36 37 38 39 38 39 38 40 42 43 43 42 42 44 45 47 48 49 49 48 45 28 31 41 51 52 53 54 54 55 57 58 58 59 60 61 60 60 60 64 63 66 66 67 67 67 67 68 68 69 69 70 73 74 73 74 73 76 75 78 78 79 80 80 81 81 80 81 82 83 85 84 85 87 88 89 88 88 91 90 91 92
26 27 28 28 29 30 30 31 30 31 33 35 35 36 37 37 38 39 39 38 39 41 42 43 44 44 42 45 47 48 48 48 45 44 39 26 31 41 51 52 53 54 55 56 58 59 60 60 61 60 60 60 62 64 63 64 65 66 67 68 68 69 69 70 70 69 73 74 74 73 74 75 75 76 78 80 80 81 79 80 83 84 82 85 86 84 87 85 87 89 90 91 92 91 93 92
26 27 28 29 30 31 32 32 33 32 34 35 36 37 38 38 38 39 40 39 41 42 43 43 44 44 45 45 47 48 49 45 32 36 35 50 52 51 52 53 54 55 57 58 59 59 60 61 61 62 60 61 64 65 65 64 65 66 68 69 70 69 69 70 70 72 74 74 75 75 74 75 77 79 79 80 81 81 82 80 81 84 83 83 86 84 83 86 86 86 87 91 89 91 91 91
27 28 28 29 30 31 32 33 34 34 34 35 36 37 38 39 39 39 41 42 42 43 44 44 45 44 45 46 47 49 49 40 30 39 37 48 52 51 52 54 56 57 58 58 59 57 60 60 61 62 61 62 65 65 65 66 65 67 67 68 69 71 70 69 71 72 74 72 73 76 77 77 76 77 77 77 79 82 82 80 80 82 83 86 86 86 86 86 88 90 89 90 89 92 94 93
27 28 29 30 30 32 33 32 33 34 35 35 35 37 38 39 40 40 41 41 41 43 44 45 46 46 47 47 48 47 47 38 40 42 49 52 51 51 52 54 56 57 58 58 59 58 60 61 62 60 62 63 63 64 65 65 67 68 68 68 69 71 70 69 70 74 72 72 73 74 76 76 75 77 78 80 78 81 79 81 81 84 83 86 86 85 86 89 90 90 89 92 92 91 94 94
28 29 30 30 31 32 33 33 34 35 36 35 36 38 38 40 40 40 41 42 42 44 45 44 45 45 47 48 47 47 48 47 49 50 50 51 52 55 55 56 57 58 56 59 59 61 59 61 62 62 62 64 65 65 65 66 68 69 69 68 69 70 72 71 72 73 74 73 74 75 76 76 75 76 77 80 80 81 81 81 83 83 85 86 87 85 87 89 89 90 89 92 92 91 93 93
29 30 30 31 32 32 33 33 35 35 36 37 38 39 38 39 40 41 42 42 43 44 45 46 44 46 46 47 46 41 46 48 49 49 50 52 54 54 54 55 56 56 58 56 60 60 61 61 62 64 64 64 66 66 65 66 67 67 68 71 69 71 72 72 74 74 72 75 75 72 78 78 76 78 78 80 78 79 82 82 83 84 86 87 88 88 86 90 90 89 88 90 90 93 93 94
29 30 31 31 32 32 34 34 35 36 37 38 38 39 40 40 40 41 41 42 44 45 44 46 46 46 46 48 46 45 48 49 50 52 54 54 54 55 56 55 56 58 57 56 58 59 60 62 63 63 64 65 66 66 67 67 67 67 69 69 71 72 73 74 74 74 73 74 75 74 77 78 77 79 80 80 79 80 82 82 84 85 86 85 87 87 88 90 91 89 92 92 93 94 93 94
30 30 31 31 31 32 34 34 35 36 37 38 39 39 40 40 42 42 43 44 44 45 46 45 44 45 45 46 47 47 49 50 50 53 54 53 53 54 55 56 57 57 57 58 59 60 61 63 64 64 63 65 66 65 67 68 69 67 68 70 71 73 72 73 74 74 74 75 76 75 77 78 78 79 80 80 81 82 84 84 84 86 86 85 86 86 90 90 91 89 90 93 94 94 93 95
30 30 32 32 33 34 34 35 36 37 37 38 38 39 40 41 42 43 43 44 45 45 46 46 45 47 46 48 49 51 51 52 52 52 52 54 55 54 56 56 56 58 59 60 61 62 62 63 62 63 64 65 66 65 66 69 69 68 69 72 72 71 71 72 73 75 74 75 76 78 77 78 79 81 81 81 83 83 84 85 84 86 87 85 87 85 90 90 91 89 90 91 94 95 94 96
30 30 31 32 33 34 35 36 36 37 38 39 39 40 40 42 42 43 44 44 44 46 45 47 47 46 46 49 51 51 52 51 51 51 53 53 54 54 57 56 55 57 60 61 62 62 62 62 63 63 64 65 65 67 67 69 68 69 71 72 73 71 69 73 73 74 75 76 75 78 78 77 79 82 82 81 82 82 83 85 85 87 88 87 87 87 90 88 89 90 92 92 95 95 94 96
31 30 31 33 33 34 35 36 36 36 37 39 40 40 41 42 42 43 43 45 45 46 45 46 46 46 47 49 50 51 52 50 49 52 52 53 54 54 55 56 56 57 59 61 62 63 63 63 63 65 66 66 66 68 68 69 69 70 72 72 72 71 71 73 74 74 72 76 76 76 77 76 79 81 81 82 81 83 82 83 86 87 88 87 87 86 89 90 90 90 94 94 95 93 94 94
31 31 32 32 34 35 35 36 37 36 37 39 40 41 42 42 42 43 44 45 46 45 46 46 46 47 48 49 50 52 52 51 42 53 53 53 55 56 56 57 57 58 60 59 61 62 64 65 63 66 67 67 67 67 69 69 69 71 72 73 73 72 73 75 74 75 71 75 77 76 78 79 81 80 81 82 83 85 84 84 87 87 87 87 88 88 89 89 90 90 93 93 92 93 97 91
31 32 33 34 35 36 36 37 37 37 38 40 40 41 42 43 43 44 45 45 45 45 46 45 47 47 48 49 50 52 51 51 41 53 54 54 56 57 58 58 59 59 60 60 59 60 63 64 63 65 67 66 66 66 68 70 71 71 70 72 72 72 73 75 74 75 73 75 76 76 77 81 82 81 81 82 83 85 84 83 84 84 87 87 88 88 90 91 91 92 92 93 93 94 97 98
32 33 34 34 35 35 36 37 37 38 40 40 41 42 42 43 43 43 45 45 45 45 46 46 47 48 49 49 51 51 51 51 53 53 54 55 56 57 57 57 59 61 60 60 60 61 62 62 64 64 67 67 66 68 69 71 71 70 71 71 72 71 73 73 74 74 76 77 76 77 79 81 81 83 84 83 85 83 84 84 86 85 87 87 88 90 91 91 93 94 92 93 93 94 95 98
33 33 34 35 35 35 36 37 38 39 40 41 41 42 43 43 43 43 45 46 46 45 46 47 47 48 49 51 51 51 52 53 54 54 54 55 58 58 58 58 61 62 62 60 62 62 63 62 63 65 67 67 67 68 68 69 70 72 73 74 74 72 76 73 74 74 77 76 76 77 79 81 80 81 82 85 85 84 83 87 88 87 87 86 89 91 91 91 91 92 92 96 94 96 97 96
32 34 34 35 36 37 37 38 38 40 40 41 42 42 43 44 44 44 45 46 47 42 38 48 49 49 50 51 50 51 52 53 53 53 54 56 58 59 57 59 60 62 62 61 62 65 64 63 65 67 67 65 66 67 70 71 72 73 70 72 73 72 73 73 76 75 76 77 77 78 78 80 82 80 81 84 86 86 87 87 87 89 90 89 90 90 90 90 94 92 94 96 97 98 97 96
33 34 35 35 36 37 38 39 39 40 41 41 39 43 44 44 45 46 46 46 46 47 45 47 50 51 50 51 50 51 54 55 55 55 54 55 57 58 59 61 61 56 62 60 63 63 63 65 67 67 67 67 69 71 71 72 72 73 74 75 73 74 73 75 76 77 78 78 79 79 80 82 83 81 82 83 85 87 87 88 89 89 88 89 92 91 90 91 94 93 93 96 97 98 97 97
34 35 35 36 35 38 38 39 40 40 41 41 42 43 44 44 43 46 47 47 45 46 47 48 49 50 50 51 51 52 54 54 54 55 56 56 59 59 59 61 62 60 60 64 63 62 64 66 68 68 67 68 69 71 70 71 72 73 74 74 73 76 75 76 76 79 80 80 81 80 81 82 81 80 75 82 83 86 87 88 89 88 86 89 92 91 93 92 94 93 93 95 98 98 99 99
34 35 36 36 37 37 38 39 30 40 41 42 43 44 44 45 46 47 47 46 43 36 47 48 48 49 50 49 52 53 54 54 53 55 57 53 48 58 60 60 62 58 60 63 64 64 65 67 68 68 67 68 70 71 69 70 71 71 75 74 76 76 77 76 77 79 80 81 81 81 82 82 74 73 76 82 84 85 85 86 89 88 88 91 91 91 93 94 93 93 94 94 95 97 98 100
35 35 36 37 38 37 39 38 39 39 38 42 43 44 45 45 46 45 42 43 30 42 49 48 47 50 52 52 52 54 56 56 55 56 57 56 54 56 61 59 61 61 63 63 64 66 66 66 68 67 68 69 70 68 70 67 69 71 72 72 75 77 77 78 78 77 80 78 80 80 83 84 78 76 81 84 86 87 87 88 87 88 89 91 90 91 91 94 93 92 93 93 93 96 96 97
34 36 36 37 38 39 38 40 40 41 41 41 42 44 45 45 44 37 27 48 40 45 47 49 49 53 53 54 54 54 53 52 54 48 52 56 53 55 62 62 61 61 62 64 64 65 66 66 67 67 68 70 69 70 71 69 72 71 73 74 74 76 78 76 77 78 79 78 78 80 83 84 82 82 84 87 88 88 88 89 88 89 90 92 91 92 93 93 93 94 96 96 96 95 94 96
35 36 36 38 38 39 40 41 40 42 43 43 44 45 46 45 45 42 36 49 48 48 35 47 52 53 53 52 47 43 43 43 38 52 51 58 58 60 61 63 62 61 62 64 64 65 66 67 67 68 68 70 71 72 71 71 74 74 74 76 76 76 78 77 76 78 79 79 80 81 83 84 83 82 84 84 88 87 87 86 89 90 91 93 93 94 95 96 93 96 98 98 96 96 95 98
36 37 37 38 39 39 40 41 42 42 43 44 45 45 45 44 42 26 47 49 50 49 43 50 53 49 45 43 33 31 42 46 39 58 58 60 61 62 62 63 64 65 64 65 64 64 65 67 66 68 69 69 71 72 72 72 73 74 75 75 77 76 79 76 78 79 79 79 81 81 82 83 83 84 83 84 87 87 90 88 87 90 91 92 94 94 94 96 97 97 95 99 99 98 98 99
36 37 37 38 39 38 39 41 42 43 44 44 45 43 43 44 43 23 46 49 51 51 52 51 51 38 38 47 32 26 34 46 56 59 60 61 61 62 63 64 64 65 66 65 65 66 65 68 67 68 69 70 70 71 73 73 73 74 73 77 77 77 77 77 78 78 81 80 82 83 84 85 84 87 87 84 83 85 87 88 86 87 91 94 94 92 92 96 97 98 98 99 99 98 97 101
36 37 38 39 39 39 40 40 42 43 43 43 44 44 43 47 46 48 49 50 48 49 51 51 43 39 43 43 38 28 20 40 56 60 60 61 60 61 62 64 63 63 64 67 65 67 67 68 68 68 69 69 71 73 74 74 73 74 75 77 74 79 76 79 80 80 80 80 82 84 83 84 84 84 88 86 89 87 87 89 89 89 89 89 92 91 93 97 95 97 99 99 99 100 101 101
37 38 39 39 39 39 39 40 41 42 43 44 44 46 46 48 48 49 49 50 50 50 50 51 47 44 50 31 41 25 25 41 55 60 61 61 53 54 60 61 61 62 65 65 67 67 69 68 69 69 71 70 70 72 71 74 73 74 76 76 76 79 78 77 80 81 81 80 84 85 83 84 84 85 88 89 89 88 91 91 90 91 91 92 92 93 96 97 94 97 99 100 99 101 102 103
37 38 39 39 38 37 37 36 39 42 43 44 46 47 47 48 49 48 50 51 50 50 50 50 54 54 53 51 41 39 52 55 58 59 61 59 36 36 60 61 62 64 65 66 66 66 69 69 67 68 69 68 69 72 72 73 76 77 76 76 77 78 79 79 79 81 81 80 84 85 86 84 87 85 86 87 88 90 90 89 90 91 93 92 95 96 96 96 96 98 97 98 101 102 102 103
38 39 39 39 38 38 41 42 42 43 44 46 46 47 48 49 49 50 51 51 50 51 51 53 54 54 56 55 58 56 59 56 59 60 62 60 51 49 61 62 63 64 65 67 68 68 69 68 69 68 69 72 71 71 74 73 74 76 76 78 77 76 78 80 80 80 82 82 85 83 85 85 87 86 86 87 88 89 89 90 92 91 94 93 96 96 97 96 98 99 99 100 101 101 103 103
37 39 39 39 39 41 43 43 44 44 45 46 47 48 48 48 48 45 43 47 51 53 51 47 54 54 55 56 57 57 59 58 60 61 62 61 61 62 63 63 64 65 68 67 68 68 70 69 68 69 72 71 71 73 74 72 73 74 76 77 78 77 78 80 81 81 84 83 85 84 85 86 87 88 89 89 90 90 90 90 93 93 93 94 96 97 95 98 99 98 100 101 102 99 102 103
39 40 40 40 41 42 42 44 45 45 45 47 47 48 49 50 50 49 49 50 49 49 49 51 54 55 56 57 57 57 59 59 59 59 60 59 63 63 63 64 66 66 67 67 68 69 68 67 68 70 71 70 72 73 75 76 75 75 79 78 79 80 78 81 83 82 83 82 84 85 85 87 86 88 90 90 90 90 91 92 93 93 94 95 96 97 98 98 99 98 98 101 100 99 102 103
39 39 41 41 40 40 43 44 44 45 46 46 47 48 47 49 49 50 52 51 51 51 50 48 53 54 55 56 57 58 60 60 60 60 59 60 61 63 64 63 67 66 67 67 68 69 69 67 69 71 74 71 74 76 76 77 75 76 78 78 79 79 79 82 82 81 83 84 84 86 85 86 87 88 89 91 91 92 92 91 91 92 95 96 97 97 98 99 98 100 101 101 101 100 104 104
40 40 40 40 42 40 42 44 46 46 47 46 46 49 50 49 49 49 50 52 51 52 52 54 53 55 56 55 56 59 61 61 60 60 60 59 64 65 63 63 66 65 65 66 67 69 69 67 70 69 73 74 72 75 74 75 76 75 77 79 79 79 82 82 81 80 85 84 85 85 86 87 88 90 89 91 92 92 93 91 92 92 96 96 97 98 98 98 97 101 98 102 102 102 102 105
40 41 39 35 37 35 42 44 46 47 47 48 48 49 50 51 51 50 47 51 52 52 48 54 54 56 52 53 56 58 60 60 59 57 61 61 64 65 62 63 66 67 65 64 67 69 70 68 71 71 70 74 71 75 75 74 77 77 79 79 79 80 82 83 82 84 84 85 85 87 87 88 89 90 91 91 92 93 93 92 92 93 95 97 97 98 99 99 100 101 100 101 103 104 103 103
41 40 40 40 36 30 36 40 43 47 48 48 49 49 50 51 52 53 52 51 51 51 47 53 54 56 51 52 54 55 59 59 58 60 61 62 62 64 63 66 66 67 67 65 65 69 69 68 70 74 72 70 69 75 77 77 79 80 80 80 81 82 83 84 84 85 85 85 87 88 88 89 90 89 88 89 92 93 94 94 95 96 97 95 98 98 99 100 101 101 102 102 101 104 105 105
41 42 42 43 44 34 32 32 34 44 48 48 48 50 51 50 52 53 53 51 52 53 55 55 56 57 56 54 54 57 60 60 60 63 64 63 64 64 66 68 68 66 69 69 68 69 70 69 70 71 73 69 73 75 75 77 78 80 81 80 81 83 83 84 85 85 86 87 87 88 88 89 86 87 89 89 88 90 92 93 93 94 92 96 98 99 100 100 101 100 102 103 104 105 104 106
41 42 43 43 44 43 37 33 31 39 47 46 45 50 51 50 52 53 54 54 55 55 54 55 56 57 58 57 57 59 60 62 63 64 65 65 65 66 66 67 68 68 69 70 68 71 73 73 74 74 73 74 77 77 76 75 76 80 80 76 79 81 82 84 85 84 85 87 88 88 89 90 88 89 88 90 90 91 94 95 94 94 95 95 97 99 100 101 101 102 103 103 104 105 103 105
42 42 43 43 45 45 44 40 35 37 46 44 40 49 51 51 52 50 53 54 55 56 57 57 58 59 59 58 58 60 57 61 63 64 65 66 66 67 67 67 66 67 71 67 72 71 73 71 75 76 76 75 76 75 73 75 79 79 78 79 82 82 84 84 82 81 84 86 87 89 90 90 89 90 91 90 93 92 92 96 97 97 98 98 99 98 98 101 102 102 103 104 103 104 105 105
42 43 44 44 45 46 46 46 46 42 41 48 50 51 51 52 52 53 54 54 54 57 57 57 57 58 58 57 55 57 62 61 63 63 65 63 65 67 67 67 67 69 71 72 73 71 73 73 74 76 77 76 77 76 77 78 80 79 81 83 83 84 84 85 86 86 87 86 86 89 90 91 91 92 93 93 92 93 95 96 97 98 98 98 100 97 97 98 99 101 103 104 103 102 103 106
42 43 44 44 44 46 46 47 48 48 49 50 50 50 52 53 54 53 53 55 55 57 57 58 59 58 57 58 58 61 62 63 63 63 64 65 66 66 67 67 68 65 67 72 68 70 74 73 75 76 77 75 77 79 79 78 79 79 82 83 84 84 85 86 86 87 88 88 88 90 90 91 92 92 93 94 95 95 96 97 97 98 96 97 99 97 96 97 97 98 101 104 105 103 104 106
43 43 44 45 46 46 47 48 49 49 49 50 51 51 53 53 54 54 54 55 56 56 55 55 57 58 59 58 61 61 61 63 63 64 63 65 66 66 68 70 69 67 69 72 69 70 73 74 75 77 77 77 76 78 80 77 79 80 82 83 84 85 85 86 87 87 88 89 89 90 91 91 92 93 93 94 95 96 96 97 97 97 97 98 100 100 97 101 100 98 101 105 106 105 104 108
42 44 45 45 46 47 47 48 49 49 49 50 51 52 52 54 54 54 55 55 56 57 56 56 57 57 58 60 60 61 62 63 64 64 65 67 68 67 69 70 68 70 70 70 69 70 72 71 72 75 76 78 77 77 78 79 81 80 81 84 84 85 86 86 86 87 88 89 90 90 91 92 92 93 94 94 95 96 96 97 98 98 98 98 99 101 100 103 103 101 103 105 106 105 105 107
43 44 45 46 46 47 48 49 49 50 51 51 52 53 53 54 55 54 55 56 56 57 56 57 58 58 58 61 61 62 62 63 63 65 66 67 69 68 69 69 69 70 71 70 69 71 72 73 72 72 76 78 77 77 77 80 81 80 83 84 85 85 86 87 87 85 88 89 90 91 91 92 93 93 94 95 95 96 97 98 98 99 100 101 99 101 98 98 101 100 103 106 103 103 107 107
44 45 46 46 47 48 48 49 50 50 51 52 53 53 54 55 55 55 55 56 57 58 57 58 59 58 60 59 62 64 62 62 64 65 66 67 68 68 67 70 70 70 71 70 70 69 73 75 75 71 76 77 78 76 77 81 82 80 81 83 85 86 86 87 87 88 86 89 90 91 92 92 92 94 94 95 94 97 97 98 99 98 97 101 101 98 103 104 99 102 101 105 104 103 105 106
45 45 46 47 47 48 49 49 50 51 52 52 53 54 54 55 55 55 56 57 57 58 59 58 60 60 60 62 64 65 64 63 64 66 66 68 68 68 67 68 70 70 70 71 74 72 72 74 73 74 74 78 80 78 78 82 83 81 80 81 84 86 87 87 88 88 90 90 91 92 92 93 94 94 95 96 96 97 98 98 97 96 99 101 100 100 103 103 100 104 106 105 106 106 108 106
45 46 46 47 47 48 49 49 51 51 52 52 53 54 55 55 55 56 56 57 58 58 59 60 62 62 59 62 63 62 64 66 66 66 68 67 68 70 69 68 69 71 72 73 75 76 73 72 73 74 76 78 77 77 77 80 81 81 77 81 80 85 83 85 89 90 90 91 91 92 93 93 94 95 95 96 97 97 98 99 98 95 98 100 103 101 101 102 103 103 104 104 106 108 108 110
45 46 47 47 48 48 50 50 51 52 52 53 54 54 55 55 55 56 58 57 58 59 58 60 62 62 61 62 61 61 61 64 67 67 64 68 69 69 71 71 70 72 72 71 72 74 74 78 74 75 75 79 78 78 80 81 82 82 83 82 81 81 82 83 86 89 89 91 92 92 93 94 95 95 96 97 97 98 98 99 100 100 101 102 103 104 102 102 103 104 104 104 108 109 107 110
45 46 47 47 47 49 50 51 51 52 53 53 54 55 56 56 56 56 57 59 57 58 59 61 62 63 61 62 63 63 60 63 66 66 67 68 71 71 71 72 73 72 70 68 73 76 74 78 76 77 77 76 77 76 80 82 82 83 80 83 84 83 84 85 85 87 90 91 92 93 93 94 95 95 96 97 98 98 99 98 99 100 100 103 103 103 102 105 105 106 107 104 107 109 107 109
46 47 48 48 49 49 50 51 52 52 53 54 55 55 56 57 56 57 58 57 58 58 59 62 62 62 62 63 65 66 65 66 67 66 68 70 70 69 72 72 73 73 70 72 75 76 75 77 78 79 79 79 79 79 80 81 82 82 82 84 83 85 86 87 86 88 90 89 93 93 92 95 95 96 97 97 98 99 96 97 99 99 100 103 103 101 102 105 106 107 107 105 108 110 109 108
47 47 48 49 49 50 51 52 52 53 53 54 55 56 56 56 57 57 58 59 59 59 61 62 63 63 63 63 65 66 66 67 68 68 67 70 72 71 72 73 73 74 73 73 75 76 79 79 76 80 79 81 81 81 80 79 81 80 83 84 82 85 86 88 86 89 92 91 93 94 94 95 96 96 97 98 97 99 95 96 98 99 102 101 103 104 103 105 104 105 106 108 109 110 111 110
47 48 48 48 49 51 51 52 53 53 54 55 55 56 57 56 57 58 58 59 61 61 62 62 62 62 65 65 65 65 67 67 66 68 69 70 70 70 72 73 73 75 75 73 74 76 79 79 78 79 80 81 79 81 81 80 81 84 83 83 84 85 87 90 87 91 92 93 93 94 95 95 96 97 98 98 96 98 97 98 98 101 100 101 103 104 103 104 107 108 106 109 110 111 110 110
47 48 49 50 50 51 52 52 53 53 54 55 55 56 57 57 57 58 59 59 60 62 63 62 62 62 65 66 65 64 66 69 68 69 71 71 70 70 73 72 74 75 74 74 76 76 77 79 80 79 80 81 80 82 81 82 83 86 85 83 84 86 88 91 91 90 93 93 92 93 95 96 97 97 96 99 98 100 100 102 102 103 102 103 103 104 106 104 108 108 106 108 109 110 112 111
48 49 49 50 51 51 52 53 53 54 54 54 56 57 58 57 58 58 60 61 62 60 62 63 62 64 66 66 65 66 67 68 70 69 70 70 71 71 72 74 72 74 76 75 78 77 77 79 81 81 81 79 82 82 80 82 86 86 87 86 85 82 88 91 91 91 92 92 91 92 94 96 97 96 97 99 100 100 101 101 101 102 103 104 102 106 103 104 105 107 107 107 107 110 112 110
48 49 50 50 51 52 52 53 54 54 55 55 56 57 57 58 59 60 60 60 61 62 63 63 64 63 64 67 65 67 67 68 69 69 69 72 70 73 73 73 74 75 75 77 78 77 78 79 81 80 81 79 82 83 83 82 83 85 88 89 85 88 86 92 92 93 93 94 95 94 96 97 97 93 94 99 100 99 100 101 102 104 103 100 103 107 104 104 105 109 109 107 109 110 111 113
49 49 50 51 51 52 53 54 54 54 55 55 57 58 58 59 59 59 60 61 61 61 63 64 64 63 64 66 66 66 68 68 69 69 71 71 73 73 73 76 72 75 77 78 78 79 78 79 81 81 83 83 82 84 85 86 84 85 88 89 90 89 89 92 93 93 94 95 95 96 96 96 98 94 94 99 98 98 101 101 102 103 105 104 106 107 107 101 100 105 110 110 106 109 110 113
49 50 50 51 52 53 53 54 55 55 56 56 57 58 58 58 59 59 57 59 61 61 61 63 63 63 65 65 67 69 70 70 68 70 71 71 74 73 73 73 76 74 74 77 79 79 79 81 81 80 83 83 84 83 84 86 86 88 88 90 88 87 90 92 93 94 94 95 94 93 94 93 95 94 97 97 97 99 99 100 104 101 104 104 107 106 105 106 105 108 109 108 109 110 111 113
49 50 51 52 52 53 53 54 55 56 56 57 58 59 58 57 58 60 60 62 61 63 65 65 64 64 65 66 66 68 68 69 69 67 71 73 75 75 76 77 77 76 76 77 78 78 79 81 80 81 82 82 81 82 83 86 88 89 89 88 89 88 89 93 93 94 95 92 95 96 94 95 97 98 99 98 99 101 100 102 104 103 103 106 107 108 107 109 110 108 110 111 110 112 111 111
50 50 51 52 53 52 53 55 55 56 56 58 58 59 59 58 59 60 60 60 62 63 65 64 66 66 64 65 69 69 69 71 71 70 72 73 74 73 76 77 78 76 77 79 80 79 79 82 81 80 80 81 82 82 85 86 87 88 90 89 89 89 89 90 92 93 92 91 95 97 98 98 99 100 101 101 101 103 102 102 105 105 105 105 107 108 109 110 110 110 109 111 112 113 113 112
50 51 51 52 53 54 55 55 56 56 57 58 58 58 59 59 58 59 58 60 62 62 65 66 66 67 66 66 69 70 70 70 72 72 74 73 74 75 75 77 78 78 80 79 80 79 80 81 83 82 81 80 81 83 84 85 87 87 90 89 89 90 90 89 89 92 91 93 94 98 97 99 100 100 101 102 103 103 104 103 105 106 105 106 106 107 108 110 109 109 110 109 112 111 112 112
51 52 52 52 54 54 55 56 56 57 58 58 59 59 59 59 61 59 59 61 61 63 65 66 67 68 68 68 69 70 72 69 71 73 73 73 75 76 75 76 79 79 80 80 80 81 80 81 83 84 83 82 81 84 84 85 87 88 90 89 90 90 92 91 90 92 90 93 91 97 97 98 100 101 101 102 103 104 104 105 105 104 107 108 107 104 108 110 108 107 109 110 110 110 112 110
51 52 52 53 54 55 55 56 57 57 58 58 59 57 60 60 62 59 59 61 61 64 65 67 68 69 68 68 70 71 72 68 71 72 73 74 74 76 76 78 79 80 81 81 81 81 81 81 82 84 83 84 85 86 87 87 88 88 89 91 90 92 94 93 95 96 94 95 93 97 99 99 99 100 100 103 102 104 104 105 103 102 104 106 109 108 110 108 108 109 109 109 108 111 110 112
52 52 53 54 55 55 56 57 57 58 59 59 60 59 61 61 60 62 61 65 65 66 66 66 67 68 69 67 69 72 71 71 71 72 73 74 75 76 77 77 79 78 80 79 81 80 83 82 83 85 84 85 87 87 88 88 88 89 89 91 92 93 94 92 94 96 95 96 95 96 98 100 98 100 101 99 104 104 103 102 103 105 103 104 109 110 111 110 108 111 112 111 112 112 114 111
52 53 54 54 55 55 56 57 57 58 59 60 59 60 62 61 62 62 63 65 66 67 66 65 66 68 70 69 69 72 72 71 74 74 73 74 75 77 78 76 76 78 79 82 81 81 83 82 85 85 85 85 86 84 88 90 87 87 90 92 94 94 92 92 96 96 95 95 95 96 95 98 98 102 99 103 102 101 102 103 105 106 108 109 110 109 111 112 112 111 110 111 113 113 112 116
51 53 54 55 55 56 57 57 58 59 59 60 59 59 61 63 62 62 64 65 66 66 65 65 67 69 71 70 71 71 72 74 73 73 72 73 75 73 76 77 77 77 81 81 79 80 84 85 85 84 87 86 88 86 89 90 89 90 90 91 91 93 93 96 97 97 98 99 99 98 97 101 99 103 102 101 105 105 104 105 106 108 109 109 109 111 111 112 113 112 109 112 114 115 114 114
52 54 54 55 54 56 56 58 58 59 60 61 59 61 61 62 60 62 63 62 63 65 68 68 67 68 68 70 72 72 71 74 74 76 76 75 78 77 79 79 79 79 81 82 83 84 85 85 84 85 85 84 87 88 88 87 88 88 93 92 94 93 94 96 97 98 97 98 100 98 100 100 100 102 101 103 105 106 106 104 105 107 109 110 111 111 112 113 113 114 111 114 113 113 116 115
53 54 55 55 56 56 57 58 59 60 60 61 60 58 61 59 61 63 65 66 67 66 65 69 70 68 70 70 71 72 70 72 74 76 75 76 79 77 78 80 79 81 80 82 84 85 84 86 85 87 87 85 87 88 89 89 89 90 93 94 94 94 96 97 96 98 96 97 99 99 101 102 103 103 102 105 105 105 107 104 103 105 108 109 109 109 110 113 114 114 111 112 106 107 112 115
54 54 55 56 57 57 58 59 58 60 60 59 61 60 61 62 64 64 64 67 67 65 66 70 69 70 72 71 70 70 72 74 72 74 74 76 78 80 77 79 79 80 81 81 83 85 85 83 83 85 86 87 88 89 89 91 91 91 92 95 95 96 96 97 96 98 98 97 98 100 102 102 102 104 105 105 106 105 106 106 105 102 103 106 106 107 105 104 108 88 84 84 76 80 83 86
