prediction/untitled folder/solar_ghi_19900101_22UT.txt
NCOLS 839
NROWS 679
XLLCORNER 112.025005
YLLCORNER -43.9750009
CELLSIZE 0.0499954
NODATA_VALUE -999
[rows 252 to 293 of 679, columns 94 to 187 of 839]
177 177 169 177 156 150 166 158 159 174 181 186 185 190 191 192 192 190 185 189 195 195 197 197 189 183 126 102 116 91 62 62 82 68 205 204 63 122 159 114 124 148 156 211 166 92 107 175 163 201 210 215 216 216 219 220 221 216 223 220 215 215 220 217 220 223 227 229 229 227 232 225 226 226 227 229 234 234 234 235 236 240 242 242 241 242 238 243 247 249 245 243 244 253
177 175 176 183 177 173 181 159 166 173 175 185 190 190 190 192 189 192 189 192 194 192 192 198 198 199 193 201 191 154 104 92 93 102 205 164 63 173 208 207 204 162 178 202 118 88 107 98 170 213 216 217 216 216 219 220 218 222 223 221 215 217 220 217 218 223 220 226 226 231 231 225 226 227 228 232 233 234 238 238 236 242 241 239 245 242 243 242 246 250 250 251 249 248
177 178 184 184 185 186 181 186 179 158 167 184 190 190 189 190 191 194 194 189 187 191 192 194 198 192 198 194 195 168 112 123 101 114 200 157 112 206 196 190 183 130 116 127 114 92 89 108 170 213 216 217 218 219 220 220 222 220 219 214 215 215 217 217 221 222 224 225 227 231 229 226 226 231 231 235 237 234 238 241 241 241 238 236 237 242 246 242 240 250 251 248 241 254
183 183 184 180 178 179 182 187 185 173 183 188 190 190 192 191 192 194 194 187 188 192 197 197 194 193 193 194 199 199 203 203 204 192 179 187 173 133 114 81 92 64 89 96 94 97 82 65 102 94 178 218 218 219 220 221 219 219 223 218 201 202 216 218 224 225 224 224 223 225 229 229 231 231 235 238 237 234 239 241 242 243 241 241 242 246 246 240 237 251 248 244 249 250
183 184 184 185 186 186 187 187 188 189 190 189 189 191 191 192 194 193 195 190 191 197 197 193 194 199 199 201 198 202 203 204 204 205 179 121 95 91 64 64 85 116 127 92 86 98 82 83 65 75 201 218 218 220 221 221 217 222 224 217 217 220 213 222 223 224 221 219 223 231 230 228 231 235 236 237 238 235 241 242 243 242 241 234 234 246 248 249 241 241 248 249 241 250
164 177 178 178 178 179 187 188 189 189 190 191 191 191 187 191 194 195 195 196 197 197 192 198 197 198 200 200 202 203 203 204 205 150 121 73 74 63 64 64 148 200 109 106 97 115 141 102 97 150 217 217 219 220 221 222 214 223 225 214 209 217 211 219 224 224 225 223 228 226 230 231 232 232 233 234 239 239 241 242 243 242 240 228 237 242 244 245 246 247 252 253 254 252
150 184 184 186 180 182 188 188 189 190 190 191 192 192 192 193 194 195 196 196 197 197 191 167 174 191 196 202 201 202 204 204 204 97 82 65 83 64 64 97 192 196 140 133 115 189 161 142 199 217 218 219 220 221 221 222 222 220 217 212 214 217 211 219 224 222 223 224 225 226 227 227 228 235 233 234 235 239 240 241 239 240 237 237 242 244 239 245 250 248 251 247 249 253
172 185 185 182 175 181 187 189 189 190 191 186 191 192 193 193 195 194 194 195 195 194 192 176 193 199 199 202 203 203 204 205 205 202 108 91 80 64 64 104 185 151 158 193 133 145 141 191 217 218 219 216 221 221 212 201 202 225 215 216 208 216 219 220 222 221 222 228 226 226 227 227 232 236 234 230 235 235 237 234 238 241 245 243 238 242 245 246 247 249 254 251 247 244
184 184 158 136 146 164 183 189 185 190 191 192 192 193 193 194 195 195 193 193 193 198 195 196 197 201 202 202 203 204 204 205 205 202 145 91 99 86 64 120 95 64 114 186 140 159 189 210 217 218 139 160 217 221 206 172 179 220 205 206 219 218 216 221 221 222 227 224 228 232 233 228 233 237 234 234 235 239 241 237 239 245 245 246 244 249 246 246 248 249 246 243 243 243
125 114 92 93 130 164 183 189 182 185 191 192 193 193 194 194 195 195 194 197 198 198 199 199 200 201 202 202 202 196 203 204 204 132 122 201 206 162 170 142 96 96 186 138 146 209 211 211 159 140 66 83 141 190 200 187 210 225 216 217 219 225 227 230 222 223 228 221 226 227 228 232 233 232 237 235 239 239 241 238 239 241 241 243 244 245 251 247 244 243 254 255 243 244
113 178 114 135 172 181 182 184 185 191 192 185 185 194 194 195 196 196 197 197 198 199 197 198 199 196 198 198 204 204 205 205 205 203 206 208 209 203 156 143 194 209 213 152 168 190 191 138 104 98 66 66 154 183 169 201 203 217 217 217 222 226 227 229 228 231 224 219 229 227 228 232 233 237 240 241 239 238 237 239 239 237 240 244 244 250 247 248 247 253 250 243 257 254
171 185 184 187 182 181 185 190 187 189 192 192 193 194 193 194 196 196 197 198 198 196 197 198 201 200 201 202 204 204 205 206 206 206 207 205 205 177 143 187 213 213 214 184 207 216 209 152 135 96 66 66 132 157 151 205 211 221 217 221 222 226 227 228 230 232 230 224 226 231 228 233 230 238 240 241 242 240 234 236 240 241 240 244 245 251 249 248 249 254 249 252 252 253
182 186 181 187 185 181 178 186 191 192 192 185 181 187 189 190 196 197 198 198 199 199 197 200 198 202 203 199 200 204 205 205 200 207 208 209 209 210 211 212 213 214 206 178 211 217 217 216 140 88 66 66 101 124 158 211 224 207 218 218 222 220 220 223 227 233 230 225 235 236 232 230 230 235 240 242 242 241 239 236 240 247 240 243 247 247 249 250 252 250 256 256 253 250
127 121 128 143 159 146 148 184 185 181 186 168 161 194 189 193 197 197 197 199 199 200 200 201 201 202 201 202 203 204 205 206 207 208 209 203 209 211 212 212 213 212 149 99 207 217 218 215 108 86 79 89 95 112 175 221 226 214 218 215 219 220 224 223 221 226 226 229 236 237 233 231 235 235 241 242 241 239 239 236 237 246 245 246 248 252 249 251 251 251 252 257 253 250
166 173 179 180 174 185 179 143 137 162 154 162 188 195 196 191 191 193 193 196 199 200 201 201 202 203 203 204 205 205 206 207 208 208 209 210 210 211 208 211 176 176 155 156 208 218 218 211 99 94 95 114 129 166 218 225 227 218 218 219 224 224 222 224 225 230 230 228 228 232 233 230 231 238 240 235 238 243 240 240 241 246 250 247 247 244 246 250 254 256 256 257 254 254
185 186 186 186 184 182 184 191 192 184 187 188 191 195 196 196 196 197 199 199 196 201 201 202 202 203 204 204 205 206 206 207 208 208 209 210 211 212 212 213 214 131 131 192 215 216 217 196 121 155 133 201 217 225 226 227 227 216 215 225 224 225 222 225 224 230 226 232 232 229 227 234 236 236 234 234 238 240 244 246 242 245 247 247 244 240 245 254 251 256 256 257 254 255
184 187 188 188 184 185 186 185 186 189 153 184 193 195 196 192 191 195 194 200 196 201 202 202 203 204 204 205 206 206 207 207 208 209 210 210 209 211 213 214 214 215 216 217 215 214 216 217 215 216 218 223 224 226 226 227 227 212 209 220 226 231 228 228 226 224 234 227 224 230 229 231 240 237 237 234 243 240 244 243 248 240 242 248 241 244 250 251 251 254 254 258 257 255
185 187 188 189 189 190 191 187 188 192 193 194 195 189 185 186 190 192 194 194 196 197 198 197 199 202 204 205 206 207 207 204 209 209 209 207 211 213 213 214 211 216 216 217 218 219 219 220 219 222 222 224 225 226 227 224 204 214 220 223 226 228 219 225 213 226 231 226 227 231 230 235 236 237 238 237 238 240 241 244 247 243 247 247 248 249 253 251 251 252 251 259 259 258
187 187 188 189 185 155 157 180 188 193 194 194 195 189 185 190 191 191 192 196 196 197 195 201 197 199 202 206 206 207 208 208 208 209 211 211 212 212 213 215 215 211 217 218 214 219 220 221 221 221 220 222 225 221 221 216 201 199 220 224 227 224 220 225 225 230 231 237 238 237 235 234 240 240 242 242 235 241 238 239 239 247 246 248 249 249 250 255 256 249 252 252 251 258
187 188 189 189 185 171 184 192 89 90 152 183 162 127 141 185 191 192 192 194 200 201 198 203 204 200 201 198 200 205 208 208 208 209 211 212 212 213 214 215 216 216 216 214 219 219 220 221 222 223 223 223 224 222 214 220 219 207 220 221 222 227 220 228 234 230 228 231 233 234 240 234 237 242 244 243 240 241 238 239 243 248 247 252 250 246 246 251 257 253 254 251 251 257
186 188 189 185 170 149 185 185 123 145 190 195 132 95 148 171 187 188 196 200 201 201 199 203 204 205 201 201 202 201 204 208 209 210 207 209 209 214 215 215 216 217 218 218 219 220 221 222 223 223 224 225 223 221 225 227 222 217 220 225 225 229 229 230 226 226 222 228 234 231 233 242 237 243 243 245 246 246 242 239 235 245 249 249 250 246 247 252 254 258 259 255 257 258
188 184 183 184 172 173 185 193 193 190 86 85 61 82 134 164 143 159 191 196 197 200 201 202 204 205 203 206 202 203 207 209 210 211 211 212 213 212 211 216 216 217 215 216 219 220 221 222 219 223 224 225 223 227 228 215 223 217 221 225 226 224 225 226 226 230 231 232 234 234 241 242 243 239 240 240 242 243 244 245 244 246 248 249 251 247 251 252 253 259 260 259 261 262
188 169 183 187 188 189 188 189 193 190 139 87 61 61 103 191 165 151 153 196 196 200 203 202 202 205 206 206 205 206 208 209 210 211 212 212 213 214 215 216 217 217 218 219 218 219 222 222 223 224 223 226 226 227 226 219 226 221 225 225 226 224 228 231 226 227 238 237 237 235 240 243 243 239 236 241 247 242 240 249 244 247 245 245 251 251 247 253 254 250 256 261 263 264
176 177 163 173 191 192 192 193 183 132 191 155 171 179 198 195 159 138 160 191 197 196 203 204 205 205 206 207 208 208 209 208 210 211 212 213 214 214 215 216 217 218 219 219 220 221 222 219 218 224 225 226 227 228 223 216 227 228 228 229 230 227 232 230 227 235 239 239 236 240 242 243 244 244 241 241 238 246 249 241 242 247 245 246 251 248 244 251 250 251 260 261 261 257
169 185 155 149 191 180 192 182 153 154 155 128 99 165 188 145 159 173 183 192 196 203 204 204 203 206 206 207 208 208 209 210 211 211 209 213 211 213 216 217 217 218 215 220 221 220 222 223 222 225 226 226 227 228 222 223 221 228 229 230 230 228 232 229 227 236 239 236 236 237 238 239 243 244 239 238 242 247 245 243 250 247 249 247 249 248 249 249 250 253 250 253 259 255
182 185 184 180 188 159 159 159 169 156 163 181 181 195 195 131 169 175 182 195 197 197 201 204 205 206 207 207 208 209 210 210 211 212 212 213 213 215 216 217 218 219 220 221 217 222 218 224 223 224 226 227 228 228 229 217 221 229 229 230 228 233 236 230 227 237 238 233 237 237 238 239 239 244 243 240 244 243 246 232 245 252 254 247 254 253 254 255 250 239 246 251 259 256
183 187 187 188 188 167 160 187 188 177 178 122 96 91 84 101 194 195 195 195 199 203 204 204 201 202 207 208 209 209 210 211 212 213 213 214 215 216 217 217 218 219 220 215 216 222 223 220 225 221 225 227 228 229 221 224 228 229 230 232 232 234 233 228 233 235 238 241 236 233 238 235 236 241 244 243 244 236 238 238 248 245 240 251 251 253 255 254 260 256 257 258 259 261
183 190 175 176 186 186 190 194 194 196 171 140 148 143 138 161 198 192 194 202 203 204 204 205 206 206 207 208 209 210 210 210 212 213 214 215 215 216 217 218 218 220 220 219 219 221 223 219 225 226 227 228 228 229 221 228 228 229 231 228 226 222 231 228 233 238 239 237 232 237 238 235 237 241 239 239 240 244 251 250 248 248 251 250 252 245 245 249 257 259 258 261 259 257
142 188 152 138 176 193 194 194 195 189 179 162 179 195 193 195 198 199 196 203 203 204 205 204 202 205 207 208 209 210 211 207 212 213 214 215 216 216 217 217 219 220 221 221 222 219 223 225 226 227 222 228 229 230 221 228 225 226 227 225 221 230 235 228 229 232 235 234 237 242 243 240 241 241 248 248 245 242 243 246 246 247 248 248 255 245 255 253 253 258 259 256 255 253
150 167 144 112 177 191 194 195 192 189 171 164 195 199 200 199 199 199 202 203 204 204 205 206 206 207 206 206 209 210 211 207 208 213 215 215 216 217 218 218 219 220 221 222 223 222 219 224 224 227 228 229 229 225 218 218 226 230 228 226 229 234 231 236 234 238 233 238 243 242 240 240 242 246 246 249 245 247 251 243 248 246 250 255 255 252 256 261 258 243 259 259 261 263
121 122 123 161 190 194 194 195 196 193 186 191 198 199 195 201 201 202 203 203 204 205 205 206 206 207 208 209 210 211 210 204 206 210 214 215 217 217 217 219 220 221 222 222 223 224 223 225 226 227 228 229 230 230 212 222 226 229 231 233 233 234 231 233 236 237 236 241 241 239 236 236 246 241 241 242 246 246 243 249 253 255 252 250 252 253 251 257 257 254 255 260 266 266
129 91 107 187 193 192 190 191 190 191 194 195 195 198 194 198 202 200 201 202 204 205 205 206 207 208 208 209 210 208 189 190 209 213 213 211 217 216 216 219 220 221 222 222 223 224 225 226 227 228 229 229 230 230 229 229 224 224 228 231 231 236 236 235 232 232 241 236 237 238 236 237 245 247 240 241 247 244 250 251 251 255 253 258 253 256 257 255 255 258 259 262 261 262
159 117 155 182 187 188 190 190 180 187 194 195 193 194 192 195 202 200 202 204 204 205 206 207 207 208 209 203 207 173 134 160 212 215 215 211 217 216 219 220 220 221 222 223 224 225 226 226 227 228 229 230 230 228 229 232 232 232 225 227 231 235 230 239 240 235 234 234 233 240 242 242 243 244 244 246 246 246 249 248 251 257 238 252 256 256 256 255 256 261 260 258 262 264
184 183 193 190 188 190 195 196 195 186 194 196 193 195 196 199 202 203 203 204 205 205 206 203 184 170 164 156 172 101 118 191 214 215 214 215 217 218 219 220 221 222 223 224 224 225 226 227 228 228 224 228 231 228 219 226 233 232 236 226 227 233 230 234 235 237 237 238 243 241 242 246 247 244 243 246 243 247 254 246 251 253 253 260 258 260 257 258 258 258 261 265 262 258
192 192 188 194 194 195 196 196 197 194 188 199 196 198 201 202 202 203 204 204 205 204 206 185 195 207 204 202 196 145 205 214 214 215 216 217 218 219 220 220 221 222 223 222 223 223 224 227 228 228 229 230 227 215 230 227 226 225 226 227 238 232 230 236 238 236 234 240 240 241 241 238 244 243 250 242 244 244 248 251 252 253 252 251 261 259 258 256 255 260 255 261 268 264
179 179 172 179 195 195 196 197 197 195 174 193 197 201 198 202 200 202 204 205 205 202 203 203 207 209 210 211 212 207 213 214 215 214 211 212 218 219 220 221 220 223 223 224 223 220 221 226 228 229 230 230 220 222 220 224 224 226 231 232 232 239 240 234 237 237 239 240 240 241 242 243 243 242 250 243 246 242 253 251 253 258 255 251 255 262 262 259 264 266 263 268 269 268
186 187 190 190 195 196 196 197 195 181 137 115 163 198 195 199 197 198 202 202 200 198 192 206 209 210 210 211 212 213 214 214 215 216 217 218 219 219 220 220 219 219 222 223 225 224 226 228 227 229 230 231 225 221 223 228 230 225 232 236 233 230 234 237 243 243 244 238 244 245 243 243 247 248 250 246 247 248 251 253 254 259 259 253 260 262 262 250 260 244 258 243 253 260
187 193 194 195 195 196 197 190 138 168 87 82 127 191 195 193 179 198 199 199 200 198 199 203 207 210 211 211 212 211 213 215 216 216 217 218 219 220 219 217 221 223 223 223 226 227 227 228 227 228 229 230 220 221 220 228 229 234 232 228 233 238 238 237 238 239 239 234 240 242 247 250 245 245 249 246 249 255 247 254 257 259 259 256 261 258 261 265 264 260 266 264 264 266
85 175 194 195 196 197 197 198 191 132 184 177 175 162 155 187 187 201 201 203 203 205 202 203 207 210 211 212 213 214 214 215 216 217 218 219 219 220 221 221 223 222 223 225 226 227 228 229 228 230 230 232 219 220 224 225 225 228 234 239 234 237 236 236 238 235 239 238 237 242 247 249 245 250 246 239 254 254 248 254 258 260 256 257 260 262 259 260 260 261 267 255 256 267
77 142 152 190 171 156 185 198 199 193 86 177 122 94 117 179 201 204 205 206 206 207 206 204 208 211 211 212 213 214 215 215 216 217 218 219 220 220 221 222 223 224 225 226 226 227 228 229 230 231 232 233 227 227 229 229 229 231 229 239 238 239 235 235 242 245 243 241 242 247 243 250 249 250 248 252 250 250 251 250 250 256 256 262 257 259 256 257 259 263 265 269 269 257
93 105 144 171 189 186 91 101 149 82 62 185 70 142 195 195 199 205 205 206 207 208 209 204 208 211 212 213 214 214 213 209 213 218 219 219 218 216 218 223 224 224 225 226 227 228 229 229 230 231 232 212 226 228 234 229 227 227 228 237 234 241 235 242 239 236 237 238 243 242 244 251 245 247 253 252 252 250 253 254 246 255 254 257 258 260 261 260 262 263 268 268 270 266
110 89 106 154 155 179 164 174 181 180 179 196 202 202 203 199 203 205 206 207 207 208 209 202 199 212 212 213 214 215 211 216 217 218 219 218 220 221 221 219 224 225 226 226 227 226 227 230 231 232 233 227 213 227 229 226 227 228 234 229 236 237 238 236 236 241 241 245 237 230 238 241 248 244 248 246 248 251 258 259 249 253 248 256 259 258 256 262 262 263 264 265 264 261
