prediction/untitled folder/solar_ghi_19900101_19UT.txt
NCOLS 839
NROWS 679
XLLCORNER 112.025005
YLLCORNER -43.9750009
CELLSIZE 0.0499954
NODATA_VALUE -999
[rows 432 to 503 of 679, columns 576 to 671 of 839]
0 0 0 0 0 0 0 0 0 0 0 0 0 0 0 0 0 0 0 0 0 0 0 0 0 0 0 0 1 2 3 3 4 5 6 7 8 9 10 10 11 12 13 14 15 16 16 17 18 18 20 21 22 22 23 24 25 25 26 27 28 29 29 30 31 32 32 33 34 35 35 36 37 38 38 39 40 40 41 42 43 43 44 45 46 46 47 48 49 49 50 51 51 52 52 52
0 0 0 0 0 0 0 0 0 0 0 0 0 0 0 0 0 0 0 0 0 0 0 0 0 0 0 1 1 2 3 4 5 6 7 7 8 9 10 11 12 12 13 14 15 16 17 18 19 19 20 21 22 23 23 24 25 26 27 27 28 29 30 31 31 32 33 34 34 35 36 36 36 38 39 40 40 41 42 43 43 44 45 45 46 47 48 48 49 50 50 51 52 52 53 53
0 0 0 0 0 0 0 0 0 0 0 0 0 0 0 0 0 0 0 0 0 0 0 0 0 0 0 1 2 3 4 4 5 6 7 8 9 10 11 11 12 13 14 15 16 16 17 18 19 20 21 22 22 23 24 25 25 26 27 28 28 30 30 31 32 33 33 34 35 35 36 37 38 39 39 40 41 41 42 43 44 44 45 46 47 47 48 49 49 50 51 51 52 53 54 54
0 0 0 0 0 0 0 0 0 0 0 0 0 0 0 0 0 0 0 0 0 0 0 0 0 0 1 2 2 3 4 5 6 7 8 8 9 10 11 12 13 14 15 15 16 17 18 19 20 20 21 22 23 23 23 25 26 27 28 28 29 30 30 31 32 33 34 35 35 36 36 37 38 39 40 40 41 42 42 43 44 45 46 46 47 47 48 49 50 50 51 52 53 53 54 54
0 0 0 0 0 0 0 0 0 0 0 0 0 0 0 0 0 0 0 0 0 0 0 0 0 0 1 2 3 4 5 6 6 7 8 9 10 11 11 12 13 14 15 16 17 18 18 19 20 21 22 22 23 23 25 25 26 27 28 29 29 30 31 32 32 33 34 35 36 37 37 38 38 39 40 40 42 42 43 44 44 45 46 47 47 48 49 50 50 51 52 52 53 54 54 54
0 0 0 0 0 0 0 0 0 0 0 0 0 0 0 0 0 0 0 0 0 0 0 0 0 1 2 3 3 4 5 6 7 8 9 9 10 11 12 13 14 15 15 16 17 18 19 20 20 21 22 23 24 24 25 26 27 28 28 29 30 31 32 32 33 34 33 35 36 37 37 38 39 40 40 40 41 43 43 44 45 46 46 47 47 49 49 50 51 51 52 53 53 54 54 55
0 0 0 0 0 0 0 0 0 0 0 0 0 0 0 0 0 0 0 0 0 0 0 0 1 1 2 3 4 5 6 7 7 8 9 10 11 12 12 13 14 15 15 17 18 19 19 20 21 22 23 23 24 25 26 27 27 28 29 30 30 31 32 32 33 33 34 36 37 37 38 39 39 40 41 42 43 43 44 45 45 46 46 47 48 49 50 50 51 52 52 53 54 54 55 56
0 0 0 0 0 0 0 0 0 0 0 0 0 0 0 0 0 0 0 0 0 0 0 0 1 2 3 4 5 5 6 7 8 9 10 10 11 12 13 14 15 16 16 18 18 19 20 21 21 22 23 24 25 26 26 27 28 29 29 30 31 32 33 33 33 34 34 36 37 38 38 38 40 41 41 42 43 44 44 45 45 47 47 48 49 49 50 51 52 52 53 54 52 54 56 56
0 0 0 0 0 0 0 0 0 0 0 0 0 0 0 0 0 0 0 0 0 0 0 1 2 2 3 4 5 6 7 8 8 9 10 11 12 13 13 14 15 16 17 18 18 19 20 21 22 23 24 24 25 26 27 27 28 29 30 30 31 32 33 34 34 35 35 37 38 38 39 39 40 41 42 43 43 44 45 45 46 47 47 48 49 50 50 51 52 53 53 54 53 54 56 57
0 0 0 0 0 0 0 0 0 0 0 0 0 0 0 0 0 0 0 0 0 0 0 1 2 3 4 5 5 6 7 8 9 10 10 11 12 13 14 15 16 16 17 18 19 20 21 22 22 23 24 25 25 26 27 28 28 30 30 31 31 32 33 34 34 35 36 37 38 39 39 40 41 42 42 43 44 45 45 46 46 47 48 49 50 50 51 52 52 53 54 54 55 56 57 57
0 0 0 0 0 0 0 0 0 0 0 0 0 0 0 0 0 0 0 0 0 0 1 2 3 3 4 5 6 7 8 9 9 10 11 12 13 14 15 16 16 17 18 19 20 20 21 22 23 24 24 25 25 27 27 28 29 30 31 31 32 32 33 34 35 36 36 37 38 39 40 41 41 42 43 43 44 45 46 46 47 48 49 49 50 51 51 52 53 53 53 54 56 56 57 58
0 0 0 0 0 0 0 0 0 0 0 0 0 0 0 0 0 0 0 0 0 1 1 2 3 4 5 6 7 7 8 9 10 10 11 13 13 14 15 16 17 17 18 19 20 21 21 22 23 24 25 26 26 27 28 29 29 30 31 32 33 33 34 34 35 36 37 37 38 39 40 41 41 42 43 44 45 45 46 46 48 48 49 50 50 51 52 53 52 52 54 55 56 56 56 58
0 0 0 0 0 0 0 0 0 0 0 0 0 0 0 0 0 0 0 0 0 1 2 3 4 4 5 6 7 8 9 9 10 10 12 13 14 15 15 17 17 18 19 20 21 21 22 23 24 24 25 26 27 28 29 29 30 31 32 32 33 33 35 34 35 37 38 38 38 39 40 41 42 42 44 44 45 45 45 47 48 49 49 49 51 51 50 52 53 54 55 56 56 57 58 59
0 0 0 0 0 0 0 0 0 0 0 0 0 0 0 0 0 0 0 0 1 2 2 3 4 5 6 7 7 8 9 9 11 13 13 14 15 15 16 17 18 19 19 20 21 21 22 23 24 24 25 26 27 27 29 30 30 31 32 33 34 34 35 35 35 37 38 39 40 40 41 42 42 43 44 45 45 45 47 48 48 48 49 51 51 50 52 53 54 55 55 56 56 57 58 59
0 0 0 0 0 0 0 0 0 0 0 0 0 0 0 0 0 0 0 0 1 2 3 4 5 6 6 7 7 8 9 11 11 12 13 14 15 16 17 18 18 19 20 20 21 22 23 24 25 25 26 27 27 28 29 29 31 32 32 33 34 35 36 34 37 37 38 39 40 40 42 42 43 42 43 43 46 46 47 48 49 48 48 51 52 51 51 54 55 55 56 57 57 57 58 59
0 0 0 0 0 0 0 0 0 0 0 0 0 0 0 0 0 0 0 1 2 3 3 4 5 6 7 8 8 8 11 12 12 13 14 15 15 16 17 18 19 20 20 21 22 23 23 24 25 26 27 27 28 29 30 31 32 32 33 33 35 35 36 37 38 38 39 39 40 41 42 42 42 42 44 46 46 46 47 48 49 50 51 51 52 53 54 54 55 55 55 56 58 58 59 59
0 0 0 0 0 0 0 0 0 0 0 0 0 0 0 0 0 0 1 1 2 3 4 5 6 7 7 8 8 10 11 12 13 13 14 15 16 17 18 18 19 20 21 22 23 23 24 25 26 26 27 28 29 30 30 31 32 33 33 34 35 35 36 37 38 39 39 39 39 41 42 43 42 44 45 46 47 46 47 49 49 50 50 52 53 53 54 55 55 56 56 57 58 59 59 59
0 0 0 0 0 0 0 0 0 0 0 0 0 0 0 0 0 0 1 2 3 4 5 5 6 7 8 8 10 10 11 12 13 14 15 16 16 17 18 19 20 21 22 22 23 24 24 26 26 27 28 29 29 30 31 31 32 33 34 35 35 36 36 37 38 39 40 40 40 41 42 44 44 45 46 46 46 46 48 49 50 49 50 51 53 54 54 55 56 56 56 58 59 59 60 60
0 0 0 0 0 0 0 0 0 0 0 0 0 0 0 0 0 1 2 3 3 4 5 6 7 8 8 8 11 11 12 13 13 14 15 16 17 18 19 19 20 21 22 23 24 24 25 26 27 27 28 29 30 31 31 32 32 34 34 34 36 37 36 37 38 39 40 41 42 41 42 44 45 45 46 46 47 47 49 50 50 49 50 52 53 52 53 55 56 57 57 58 59 59 60 61
0 0 0 0 0 0 0 0 0 0 0 0 0 0 0 0 0 1 2 3 4 5 6 6 7 8 9 10 11 11 12 13 14 15 16 17 17 18 19 20 21 22 22 23 23 25 26 26 27 28 29 29 30 30 32 33 33 34 34 36 36 37 37 38 39 39 40 41 42 41 43 43 45 45 45 46 46 47 48 50 50 50 51 53 54 53 55 56 56 57 58 58 59 57 59 62
0 0 0 0 0 0 0 0 0 0 0 0 0 0 0 0 1 2 3 4 4 5 6 7 8 9 10 10 11 12 13 13 14 16 16 17 18 19 19 20 21 22 23 23 24 24 25 27 28 28 29 30 31 32 32 33 34 34 35 36 37 37 38 39 40 40 41 41 42 42 42 43 45 46 46 46 47 49 48 49 50 52 52 52 54 55 56 56 56 58 58 59 59 58 60 62
0 0 0 0 0 0 0 0 0 0 0 0 0 0 0 1 1 2 3 4 5 6 7 7 8 9 10 11 12 13 13 14 15 16 17 17 18 19 20 21 22 22 23 24 25 26 26 27 28 29 30 30 30 31 33 33 33 33 35 35 36 38 39 39 40 41 41 41 41 44 43 45 46 44 46 46 48 49 49 50 50 51 53 54 55 55 56 56 57 58 59 59 60 60 60 62
0 0 0 0 0 0 0 0 0 0 0 0 0 0 0 1 2 3 4 5 5 6 7 8 9 9 10 11 12 13 14 15 16 16 17 18 19 20 20 21 22 23 24 24 25 26 27 28 28 29 30 31 32 32 32 33 35 35 35 36 37 38 39 39 39 39 40 40 42 43 43 45 45 45 47 47 49 50 50 51 52 51 53 53 53 55 56 57 57 56 59 59 61 61 62 63
0 0 0 0 0 0 0 0 0 0 0 0 0 0 1 2 3 3 4 5 6 7 8 8 9 10 11 12 13 13 14 15 16 17 18 19 19 20 21 22 23 23 24 25 26 27 28 28 29 30 30 31 32 32 32 34 35 35 35 36 37 37 38 39 39 40 41 42 43 43 43 45 46 47 47 48 49 49 51 51 50 52 53 53 53 54 56 57 58 59 58 60 61 61 62 63
0 0 0 0 0 0 0 0 0 0 0 0 0 0 1 2 3 4 5 6 6 7 8 9 10 11 12 13 13 14 15 16 17 17 18 19 20 20 21 22 23 24 25 26 26 27 28 29 29 30 31 31 32 33 34 34 35 36 36 37 37 37 38 40 40 42 41 42 43 43 44 46 47 47 48 48 50 50 51 52 50 52 53 53 54 55 57 58 59 59 60 61 61 61 63 63
0 0 0 0 0 0 0 0 0 0 0 0 0 1 2 3 3 4 5 6 7 8 9 9 10 11 12 13 14 15 15 16 17 18 19 20 20 21 22 23 24 24 25 26 27 27 28 29 30 30 31 32 32 34 35 35 36 36 37 38 38 38 39 40 41 43 42 43 44 44 45 47 48 48 48 49 50 50 51 52 52 52 53 54 54 57 58 58 58 60 61 60 59 60 62 64
0 0 0 0 0 0 0 0 0 0 0 0 1 1 2 3 4 5 6 7 7 8 9 10 11 12 13 14 14 15 16 16 17 18 19 20 21 22 22 23 24 25 25 26 27 28 29 29 29 30 32 33 33 34 35 36 35 36 37 38 39 39 40 41 42 43 43 44 45 46 47 47 48 48 49 50 50 51 52 52 52 53 55 55 56 56 56 56 57 59 59 58 59 59 59 63
0 0 0 0 0 0 0 0 0 0 0 0 1 2 3 4 5 6 6 7 8 9 10 11 11 12 13 14 15 16 16 17 18 18 20 21 21 22 23 23 25 25 26 26 28 28 29 29 29 30 31 33 34 34 35 35 35 37 38 38 40 41 41 42 42 42 44 45 45 46 47 47 47 47 49 49 50 52 52 53 54 54 56 55 57 57 58 57 58 59 58 59 60 60 60 57
0 0 0 0 0 0 0 0 0 0 0 1 2 3 3 4 5 6 7 8 9 9 9 11 12 13 13 14 15 16 17 17 19 19 20 21 22 22 23 24 25 26 27 27 28 28 29 29 30 31 32 34 34 35 31 35 36 38 39 40 40 40 41 42 43 43 44 45 45 45 46 48 48 50 50 50 52 52 51 53 55 55 55 56 57 59 58 59 59 60 60 60 60 62 59 62
0 0 0 0 0 0 0 0 0 0 1 1 2 3 4 5 6 7 7 8 9 9 9 11 12 13 14 15 16 17 17 18 19 20 21 21 22 23 24 25 26 26 27 28 29 28 29 30 32 32 33 34 34 34 36 36 38 39 39 40 40 41 42 41 42 44 44 44 45 45 46 47 48 49 50 51 52 53 52 53 55 55 55 54 55 58 59 58 59 61 62 61 60 62 64 62
0 0 0 0 0 0 0 0 0 0 1 2 3 4 4 5 6 7 8 9 9 10 11 12 13 14 15 15 16 17 18 19 20 20 21 22 22 23 24 25 26 27 28 27 29 29 29 32 32 33 34 33 35 36 37 37 38 38 39 39 40 41 41 41 43 43 45 45 45 46 47 49 50 50 50 52 51 52 53 53 54 55 56 57 57 59 59 60 60 62 62 61 64 64 63 65
0 0 0 0 0 0 0 0 0 1 2 2 3 4 5 6 7 8 8 9 10 11 12 13 14 14 15 16 17 18 18 19 20 20 21 22 23 24 25 26 26 27 27 28 29 29 31 31 33 33 34 35 36 36 37 38 38 39 40 40 41 41 42 42 43 44 44 45 46 47 49 50 49 49 51 51 52 52 53 54 54 56 57 58 59 58 58 60 62 63 62 62 65 65 65 66
0 0 0 0 0 0 0 0 0 1 2 3 4 5 6 6 7 8 9 10 11 12 12 13 14 15 16 16 17 18 18 20 20 21 22 23 24 24 25 26 27 27 26 28 29 30 31 32 32 34 35 35 36 37 38 38 39 40 40 41 42 41 43 43 44 45 45 45 47 47 49 50 49 50 52 52 53 54 55 54 55 57 57 58 59 58 57 59 61 62 64 64 64 66 66 65
0 0 0 0 0 0 0 0 1 2 3 3 4 5 6 7 8 9 9 10 11 12 12 13 14 15 16 17 18 19 19 20 21 22 23 23 24 25 26 26 27 28 28 28 29 30 32 32 32 34 35 36 36 37 38 38 39 39 38 40 42 43 42 43 45 45 46 46 48 49 49 50 50 52 52 53 53 54 55 55 55 56 57 59 59 58 58 58 59 59 63 63 64 66 65 67
0 0 0 0 0 0 0 1 1 2 3 4 5 6 6 7 8 9 10 11 12 13 13 14 15 16 16 17 18 19 19 20 21 22 23 24 25 25 26 27 28 28 29 29 30 31 32 33 34 35 35 36 37 37 38 39 39 39 40 41 42 44 44 43 44 45 46 47 48 49 50 50 50 52 53 52 52 53 54 56 56 57 58 60 59 59 61 61 62 64 64 62 64 66 67 68
0 0 0 0 0 0 0 1 2 3 4 4 5 6 7 8 9 10 11 11 12 13 13 15 16 16 17 17 18 20 20 21 22 23 24 24 25 26 27 27 28 28 29 30 31 31 33 34 34 35 36 37 37 37 36 39 40 40 41 42 43 44 44 44 46 47 48 48 48 49 49 51 51 52 52 53 53 54 55 56 57 58 58 60 58 58 60 62 64 64 64 65 65 67 67 67
0 0 0 0 0 0 1 2 3 3 4 5 6 7 8 8 9 10 11 12 13 14 14 15 16 17 18 18 19 20 21 22 22 23 24 25 26 26 27 27 28 29 30 30 31 33 34 34 35 36 36 37 38 39 39 39 39 40 41 42 44 44 44 46 46 47 48 49 49 49 49 50 52 52 53 53 53 55 56 57 58 57 60 59 60 61 61 62 63 65 63 62 64 65 66 69
0 0 0 0 0 0 1 2 3 4 5 6 6 7 8 9 10 11 11 12 13 14 15 15 16 17 18 19 20 21 21 22 23 24 24 25 26 27 27 28 29 30 31 31 32 33 34 35 35 35 37 38 37 38 39 40 40 40 42 43 44 44 45 45 46 47 48 49 48 50 50 49 51 53 54 53 55 55 56 57 59 58 60 60 61 62 62 63 64 65 65 65 65 66 68 69
0 0 0 0 0 1 2 3 4 4 5 6 7 8 9 10 10 11 12 13 14 14 15 16 17 17 18 19 20 21 22 23 23 24 25 26 27 27 28 29 29 31 31 31 33 34 34 35 36 36 37 37 37 38 39 41 40 41 42 43 44 44 45 45 46 48 48 48 49 50 51 51 51 53 54 55 56 55 56 57 57 58 60 61 61 62 62 64 64 65 66 67 67 68 69 70
0 0 0 0 1 1 2 3 4 5 6 7 7 8 9 10 11 12 12 13 14 15 15 16 18 18 19 20 21 22 22 23 24 25 25 26 27 28 28 29 29 30 31 32 33 34 35 35 36 37 37 37 38 38 39 41 41 42 43 43 44 44 45 46 47 48 47 48 50 52 51 52 52 53 53 54 56 57 57 57 55 57 60 60 59 61 62 62 64 65 67 67 67 68 69 70
0 0 0 0 1 2 3 4 4 5 6 7 8 9 10 11 11 12 13 13 14 15 16 17 18 19 20 20 21 22 23 24 24 25 26 27 27 28 28 29 30 31 31 32 34 34 35 36 36 37 38 37 38 38 39 41 42 42 44 44 44 45 46 47 48 47 48 48 50 52 51 52 54 55 53 53 55 58 58 57 57 58 59 60 60 60 64 64 64 64 67 68 69 69 70 71
0 0 0 1 2 3 3 4 5 6 7 7 8 9 10 11 12 13 14 14 15 15 16 17 19 19 20 21 22 22 23 24 25 26 26 26 28 28 28 30 31 32 33 33 34 35 35 36 37 38 37 38 39 39 41 41 42 42 44 44 44 46 46 47 48 48 48 51 50 51 51 52 53 54 55 55 56 57 59 60 59 60 61 60 61 62 65 65 66 65 66 67 69 70 69 70
0 0 1 1 2 3 4 5 5 6 7 8 9 10 11 12 12 13 14 15 15 16 17 18 19 20 21 21 21 22 24 24 25 26 27 28 28 29 30 31 32 32 33 34 35 35 36 37 37 38 38 39 40 41 42 42 43 43 44 45 44 45 46 48 49 49 49 51 50 51 50 52 54 55 55 55 58 58 57 58 58 58 59 60 62 62 65 65 66 66 67 69 69 66 67 68
0 0 1 2 3 3 4 5 6 7 8 9 10 10 11 12 13 14 14 15 16 16 16 18 19 20 21 22 23 23 24 25 26 27 27 28 29 30 30 31 32 33 33 34 35 36 36 37 38 38 38 38 40 42 42 43 43 44 44 44 45 46 47 49 48 50 50 50 51 50 51 53 55 55 57 57 58 59 58 57 59 61 60 62 63 63 65 65 66 67 67 65 69 68 67 70
0 1 1 2 3 4 5 6 7 7 8 9 10 11 12 12 13 14 15 16 16 17 18 19 20 20 21 22 23 24 25 25 26 27 28 29 29 30 31 32 32 33 34 35 35 36 37 37 38 39 40 41 40 42 43 44 43 44 45 45 46 47 48 49 49 51 50 51 51 52 53 55 56 55 57 58 57 57 58 59 58 60 62 63 63 64 64 66 67 67 68 66 69 68 68 71
0 1 2 3 4 5 6 6 7 8 9 10 11 12 12 13 14 15 16 16 17 18 19 20 20 21 22 22 23 24 25 26 27 27 28 29 29 30 31 32 33 34 34 35 36 35 37 38 38 39 40 41 41 42 43 44 44 44 45 45 46 47 48 49 49 51 52 52 52 52 53 55 56 56 56 58 56 56 58 59 60 59 63 63 63 64 64 65 67 68 69 69 70 69 70 70
1 2 2 3 4 5 6 7 7 8 9 10 11 12 13 14 14 15 16 17 18 18 19 20 21 22 22 23 24 24 25 26 27 28 29 29 30 31 32 32 33 34 34 36 36 37 37 38 38 39 40 41 41 43 42 43 43 45 45 47 46 46 48 49 49 50 52 53 54 54 54 55 56 55 55 57 57 58 59 62 61 61 63 64 64 64 65 65 66 67 70 69 71 71 72 71
1 2 3 4 5 6 6 7 7 9 9 11 12 13 13 14 14 16 16 17 18 18 19 21 22 22 23 24 25 25 26 27 28 28 29 30 31 31 32 33 33 33 34 36 37 37 37 38 40 40 41 41 42 43 44 45 43 46 47 48 48 49 49 49 50 50 51 53 53 53 54 55 57 56 57 59 59 59 60 60 62 62 62 64 64 65 65 66 66 67 68 69 71 72 73 73
2 3 4 4 5 6 7 8 8 10 10 11 12 12 12 13 14 15 17 17 18 19 20 21 22 22 24 24 25 26 27 27 28 28 30 30 30 31 33 34 34 35 35 34 37 38 39 39 40 40 41 41 43 43 44 45 45 46 47 47 49 50 50 51 49 50 52 53 54 54 54 55 56 55 58 58 58 59 60 61 62 61 62 65 66 65 66 67 68 70 66 70 71 72 73 73
2 3 4 5 5 7 7 8 9 10 11 12 12 13 14 14 15 15 16 17 19 20 21 22 23 23 24 25 25 26 26 28 28 29 30 31 31 32 32 33 35 36 36 35 37 38 39 39 39 40 41 41 42 43 44 44 47 47 47 49 49 50 51 51 50 51 52 53 54 54 55 57 55 57 58 59 60 59 60 61 61 62 65 65 65 66 66 68 69 69 70 71 72 72 73 74
3 4 5 5 6 7 8 8 9 10 11 12 13 14 15 15 15 16 17 18 19 20 21 22 22 23 24 25 25 26 28 28 29 30 31 31 32 33 33 34 35 35 37 37 38 39 39 39 40 41 41 41 42 44 44 43 47 48 48 48 48 49 51 52 51 52 53 53 54 54 55 57 56 58 58 58 59 60 60 63 64 65 63 64 65 66 66 67 66 68 69 71 70 73 73 72
3 4 5 6 7 8 9 9 10 11 12 13 14 15 15 16 16 17 18 19 20 21 22 22 23 23 24 25 26 27 28 29 30 30 31 32 33 33 34 34 35 35 37 38 38 39 40 41 42 42 42 42 44 45 45 44 47 48 49 49 49 49 50 52 52 54 54 55 54 55 56 57 56 58 59 59 58 60 60 64 64 65 62 63 65 65 66 66 67 68 69 71 72 73 74 73
4 5 5 7 8 8 9 10 11 12 13 14 14 15 16 17 17 18 19 19 20 21 22 23 23 24 24 26 27 28 28 29 30 30 31 32 33 34 35 35 35 36 38 38 38 39 40 41 42 43 43 44 45 45 46 46 47 48 48 49 50 49 50 51 52 54 55 54 55 56 55 57 57 58 59 59 61 62 63 64 62 63 64 67 65 64 65 64 69 71 72 73 73 74 74 73
4 4 5 7 8 9 10 10 11 12 13 14 15 16 16 17 18 18 19 20 21 22 22 24 24 25 25 27 27 28 28 29 30 31 32 33 33 34 35 36 35 37 38 38 39 40 41 42 42 42 44 45 45 45 45 47 48 47 48 50 50 49 51 53 54 53 53 53 56 57 58 57 58 58 59 59 60 63 64 65 64 63 63 66 66 65 65 66 70 71 70 72 74 75 74 72
5 5 6 7 9 9 10 11 12 13 14 15 15 16 17 18 18 19 20 21 22 22 23 24 25 26 26 26 27 28 29 30 30 31 32 32 33 35 36 35 36 38 38 37 38 39 41 42 41 42 44 45 46 46 47 48 47 48 50 51 51 49 53 52 53 55 56 55 55 53 56 56 57 59 61 61 62 62 62 64 64 63 64 68 67 68 69 69 68 67 68 70 73 75 76 74
6 6 7 7 9 10 11 12 12 13 14 15 16 17 17 18 19 20 20 21 22 21 23 25 25 25 26 28 28 29 29 31 31 32 33 34 34 35 36 37 37 36 36 38 39 40 40 41 41 43 40 44 43 45 47 48 48 50 50 50 49 48 50 51 50 50 52 55 56 56 57 57 58 60 61 62 61 63 63 63 64 65 66 67 67 65 67 67 69 71 71 71 72 72 74 76
6 7 8 9 10 10 11 12 13 14 15 15 16 17 18 19 19 20 21 21 22 22 24 25 25 24 27 28 29 30 29 31 32 33 32 34 34 35 36 37 38 39 39 40 40 41 42 43 43 42 43 46 43 45 47 48 49 50 49 50 51 51 51 53 51 48 52 56 57 57 57 58 58 60 62 62 62 62 63 63 63 64 66 68 68 68 70 69 70 72 73 72 71 72 75 72
7 7 8 9 10 11 12 13 13 14 15 16 17 17 18 19 20 21 21 22 23 24 25 26 25 25 27 28 29 30 31 32 32 32 33 34 35 35 36 37 38 39 40 40 39 41 43 43 43 42 44 46 44 46 48 49 50 50 50 51 52 53 53 54 52 51 54 56 57 56 57 59 59 59 60 61 61 62 63 63 63 65 67 66 67 69 71 71 70 71 71 73 72 71 75 67
7 8 9 10 11 11 12 13 14 15 16 16 17 18 19 20 20 21 22 22 24 24 25 26 27 27 28 29 30 30 31 32 32 33 34 35 36 36 37 38 37 39 39 39 38 39 42 43 44 42 43 45 46 47 48 49 49 48 51 52 52 52 52 53 54 54 56 57 59 57 56 59 61 62 61 59 61 63 64 65 64 66 68 67 68 68 72 69 70 71 72 75 72 72 73 70
8 8 9 10 11 11 12 13 14 15 16 17 18 18 19 20 21 22 23 23 24 25 26 27 27 28 29 29 30 30 31 31 33 34 34 35 36 37 38 38 39 40 41 40 39 40 40 43 45 45 44 46 47 47 46 48 49 45 51 53 54 53 52 53 56 56 57 57 58 58 58 60 62 63 63 61 63 64 64 65 65 66 67 68 70 68 71 70 69 72 74 75 76 75 65 72
8 9 10 11 12 12 13 14 15 16 16 17 18 19 20 21 21 22 23 24 24 25 26 27 28 28 29 30 30 30 31 33 34 34 35 36 37 38 38 39 40 40 41 41 41 43 42 40 41 46 47 47 47 47 49 50 51 50 51 53 53 53 54 55 56 56 55 55 57 59 59 60 62 62 62 64 63 63 64 66 66 69 68 69 67 70 73 72 69 70 71 75 73 77 76 74
9 9 10 11 12 13 13 14 15 16 17 18 19 20 20 21 22 22 23 24 25 25 26 26 27 28 29 30 31 31 33 33 34 35 36 36 36 35 37 39 40 41 42 42 42 39 45 42 44 42 43 44 46 47 49 49 50 50 52 52 52 53 54 54 54 57 58 56 57 59 60 60 61 61 62 63 64 64 65 67 69 70 69 71 70 69 70 72 72 71 72 76 76 77 73 73
9 10 11 11 13 13 13 13 15 17 17 18 19 20 20 21 22 23 24 25 25 24 26 27 27 29 30 30 31 31 32 34 35 35 36 36 37 35 37 35 39 41 42 43 44 40 41 44 44 41 41 44 46 49 49 48 50 51 52 53 54 55 56 57 55 56 57 56 57 58 60 61 63 62 63 63 64 65 66 67 69 70 69 71 70 72 71 72 72 71 74 77 76 76 71 71
10 11 12 12 13 14 13 13 15 17 18 19 19 20 21 22 23 24 24 25 26 25 27 28 29 30 30 30 31 31 32 33 33 34 35 37 37 37 38 34 38 41 43 43 44 44 35 31 29 30 34 39 45 49 50 50 49 51 51 53 54 56 57 57 56 57 57 58 58 60 62 62 64 62 63 62 64 65 66 65 67 69 70 72 71 72 73 71 70 70 71 78 75 72 69 69
10 11 12 13 13 13 11 12 15 16 17 19 19 21 22 22 23 23 24 25 26 27 27 28 29 30 31 32 32 32 34 34 34 34 36 37 38 38 39 36 38 41 43 44 44 45 40 27 22 22 25 29 35 45 49 51 50 50 51 53 55 55 57 57 57 58 59 60 60 61 63 63 64 64 63 63 65 67 66 66 68 68 71 71 72 73 74 71 70 68 64 73 76 68 67 69
11 12 12 13 11 10 9 11 14 13 15 19 19 21 21 23 23 23 24 25 26 27 27 29 30 30 31 32 33 34 34 35 36 36 36 37 39 38 39 40 40 41 42 43 43 46 46 46 33 25 22 21 24 41 46 51 52 53 53 52 53 55 57 58 58 59 59 60 60 61 61 63 62 63 64 65 65 66 68 68 68 70 70 71 72 73 74 74 76 71 67 74 75 69 69 70
10 12 13 14 15 10 7 8 11 16 19 19 20 22 22 23 23 23 24 26 26 28 29 30 30 31 32 32 33 34 33 34 35 37 38 39 38 40 41 41 41 41 43 44 43 45 44 47 48 32 24 24 26 33 42 47 52 55 55 52 54 57 57 59 59 60 61 60 59 61 61 63 64 57 55 62 65 65 68 68 70 69 70 71 73 74 75 76 76 72 72 74 74 67 63 60
7 6 6 14 15 12 7 7 11 13 15 18 20 21 22 23 24 23 25 27 28 28 29 30 31 31 33 33 34 35 36 36 37 38 38 38 35 39 39 40 41 43 44 44 45 46 47 48 49 47 45 41 32 33 39 43 46 53 55 53 54 55 58 55 57 60 60 60 60 60 62 63 64 63 64 64 65 67 68 69 69 71 71 72 72 75 76 76 77 77 78 77 69 68 70 64
6 7 7 12 16 15 8 7 10 12 11 20 21 20 22 24 23 24 25 27 27 29 30 31 32 32 33 34 34 35 35 35 37 38 39 39 36 38 33 37 40 43 45 44 45 47 47 48 49 49 50 51 47 49 49 42 32 35 46 52 53 52 54 57 59 60 60 61 61 62 64 65 66 65 66 66 66 68 69 69 70 71 71 72 74 75 76 77 77 78 79 80 74 65 66 64
8 11 14 14 16 17 12 9 10 10 11 18 20 23 24 25 24 26 27 28 26 30 31 31 32 33 33 33 35 35 35 35 36 38 39 40 39 40 32 35 40 43 44 46 46 47 46 47 49 50 51 51 52 53 54 45 32 30 39 51 48 46 49 54 57 60 62 62 60 61 65 66 66 67 67 68 66 68 69 70 71 71 72 73 75 76 76 77 78 79 79 80 77 56 65 65
14 14 15 16 17 18 18 15 12 9 13 15 18 23 24 24 24 26 27 28 27 29 31 31 31 32 33 33 34 35 36 36 37 38 38 40 41 42 35 32 39 43 43 46 47 46 46 45 48 51 51 51 53 53 54 52 40 34 38 45 41 40 46 48 49 55 61 62 57 58 61 63 67 67 68 69 67 67 69 70 71 70 71 74 75 76 77 77 78 79 80 80 78 48 66 62
14 15 16 17 17 18 19 19 15 8 13 18 19 17 18 21 25 25 26 28 29 30 31 32 33 32 34 35 35 36 37 37 38 40 39 39 42 43 32 28 37 45 45 46 45 41 46 48 50 51 52 52 53 54 55 55 50 41 40 42 38 33 43 47 46 50 57 61 56 60 60 63 64 64 66 67 70 66 70 72 71 72 73 75 76 76 77 78 79 79 80 81 79 57 62 62
