prediction/untitled folder/solar_ghi_19900101_08UT.txt
NCOLS 839
NROWS 679
XLLCORNER 112.025005
YLLCORNER -43.9750009
CELLSIZE 0.0499954
NODATA_VALUE -999
[rows 215 to 257 of 679, columns 480 to 575 of 839]
136 133 130 130 123 113 118 122 123 119 126 114 106 120 110 96 102 116 109 108 106 109 109 106 110 110 110 105 110 108 100 102 101 97 100 103 111 90 106 110 104 107 102 92 70 80 104 103 91 82 82 82 82 87 87 83 67 76 93 92 88 92 87 89 92 91 83 87 88 88 86 83 70 85 75 83 83 82 80 77 79 79 75 71 69 70 64 58 71 73 67 64 71 69 68 67
136 129 128 132 124 119 122 127 133 129 132 128 114 115 116 98 102 115 112 111 114 115 111 91 106 111 106 109 109 108 112 116 94 111 87 101 104 105 111 107 108 106 103 98 77 84 104 88 95 94 75 71 94 84 82 87 74 81 95 92 91 91 68 86 88 90 78 87 89 87 83 84 65 84 74 78 73 81 80 55 80 78 75 77 72 56 73 62 57 69 72 71 71 69 68 69
115 135 131 130 129 129 127 131 132 131 130 128 124 118 94 87 96 111 120 113 102 114 117 112 108 109 112 116 115 81 112 114 112 115 111 109 87 99 106 109 107 104 104 95 68 73 106 105 99 94 86 86 94 88 91 96 89 89 87 87 87 94 93 90 90 89 88 90 89 89 86 82 85 81 82 83 47 82 81 77 80 74 63 70 73 77 76 73 72 72 72 72 70 68 67 70
96 134 124 89 104 129 130 132 134 133 132 130 124 120 116 108 89 99 118 121 120 95 108 116 112 108 114 119 114 116 111 115 116 116 113 111 107 106 105 104 104 100 106 102 79 65 96 98 98 86 83 94 91 89 90 96 96 94 77 80 93 95 94 91 91 89 89 90 90 89 87 86 85 85 63 83 84 83 82 81 81 79 77 63 52 74 76 75 72 72 72 72 72 67 66 69
126 130 101 83 128 129 120 126 133 130 127 122 123 123 118 115 120 119 103 114 120 111 112 115 120 113 110 112 119 114 111 107 117 116 113 114 110 106 106 105 102 94 105 99 102 104 83 67 100 84 80 100 101 87 77 90 99 93 89 83 91 95 94 92 91 86 87 89 90 89 87 84 87 86 63 83 83 83 82 82 78 72 77 78 71 58 72 75 75 70 56 58 70 67 68 70
141 137 118 112 129 130 127 130 122 125 130 127 126 124 98 99 104 116 121 127 122 117 106 115 115 115 107 113 115 105 115 112 109 111 114 111 112 110 109 103 106 108 102 79 96 102 101 101 88 77 71 77 100 100 73 77 95 93 88 90 95 95 94 90 89 82 88 58 90 88 88 84 85 86 84 85 75 82 83 82 80 74 76 77 78 75 65 73 73 74 62 53 70 60 57 67
132 139 134 132 138 136 116 114 126 127 130 126 127 121 120 121 122 116 125 123 123 118 111 115 113 113 89 110 113 109 115 114 116 113 114 113 108 113 110 109 97 95 104 109 97 73 88 102 104 101 97 99 97 95 88 84 94 99 76 79 92 96 90 85 94 92 85 91 69 87 89 88 86 85 85 84 55 62 83 83 82 78 71 62 77 77 76 76 74 73 74 71 67 67 68 57
130 133 109 103 135 136 132 122 127 133 129 126 129 128 120 118 119 125 122 122 102 113 118 115 118 119 117 118 113 116 116 111 117 113 110 112 113 113 108 111 105 99 92 101 97 102 99 92 88 91 97 96 98 102 77 65 93 99 97 68 79 96 92 67 89 76 86 88 87 90 85 84 85 86 85 82 85 81 84 80 77 81 78 78 77 77 76 75 75 75 74 74 73 69 68 56
135 134 127 108 112 134 132 128 130 128 127 128 118 124 126 125 121 122 127 123 119 119 119 118 118 115 117 118 117 113 116 115 114 117 115 109 113 109 109 111 108 106 107 105 101 99 103 102 103 103 91 73 88 102 83 76 75 86 96 65 67 87 95 95 94 91 90 89 90 89 89 86 61 84 53 86 85 82 69 80 81 79 77 77 78 76 75 77 76 75 72 74 74 73 71 71
137 130 132 129 126 137 134 133 133 130 126 127 126 122 126 129 125 124 123 127 121 123 122 121 118 118 121 118 114 113 116 115 115 114 116 112 112 112 111 108 104 101 106 102 106 105 93 65 60 79 98 85 93 102 99 98 95 93 96 93 88 91 94 93 94 93 93 92 90 90 90 86 80 71 86 72 86 85 84 82 80 82 81 77 72 51 77 71 72 76 75 74 73 73 72 72
139 134 141 141 136 135 135 135 133 136 134 131 132 127 127 131 125 126 127 128 122 125 123 120 121 122 123 119 118 117 120 119 116 114 114 111 113 113 109 110 113 112 108 107 108 107 102 98 94 101 86 61 79 103 102 101 96 100 76 81 92 97 89 85 75 86 93 92 92 90 88 87 86 87 87 67 86 85 84 80 75 82 80 80 79 77 77 76 76 76 75 74 73 73 72 72
141 138 139 141 138 134 134 134 110 125 126 124 132 123 125 132 128 126 127 128 123 125 127 122 117 120 120 120 122 118 120 116 119 118 117 114 112 113 109 107 110 109 106 106 108 106 105 83 75 100 101 91 81 92 98 95 97 99 97 90 94 97 93 92 94 92 93 93 92 91 90 84 79 77 87 54 67 86 82 82 83 77 77 69 80 80 77 70 77 75 74 74 72 72 72 71
140 139 138 137 139 136 135 129 124 127 128 133 132 129 133 129 131 127 126 124 125 120 123 123 123 122 99 121 120 118 121 116 119 118 118 114 114 112 111 112 112 107 107 108 107 106 106 102 94 96 103 105 100 95 98 98 94 95 98 97 93 95 79 90 91 90 94 91 88 85 82 90 89 75 87 75 85 83 73 82 81 78 78 66 78 80 78 77 77 76 74 74 73 74 73 72
130 132 143 140 141 136 137 133 134 133 129 133 128 127 129 127 131 131 124 119 126 128 92 113 120 125 116 120 121 118 117 117 116 118 118 114 113 112 111 113 112 110 109 111 109 108 109 109 103 104 103 101 97 97 100 98 97 98 99 97 93 95 91 87 83 92 93 91 89 89 90 84 84 88 88 83 82 83 81 83 75 82 67 60 81 80 79 75 77 76 68 59 74 74 74 73
134 128 137 140 141 138 138 137 134 130 132 132 130 126 130 133 125 131 128 116 125 126 113 117 122 123 125 113 122 122 118 117 118 116 119 114 114 113 110 113 112 111 111 108 104 101 108 104 105 104 104 104 104 101 100 98 98 99 98 97 96 97 92 90 93 94 93 92 93 89 92 89 84 86 89 83 84 75 75 74 84 60 76 49 76 80 79 78 78 77 75 73 75 75 73 73
133 132 137 138 124 131 138 138 135 137 133 134 133 129 130 131 132 112 129 125 124 125 124 123 126 114 124 124 123 123 120 121 120 117 117 115 115 116 112 113 114 112 111 111 108 107 103 107 106 108 107 103 103 102 102 100 97 98 99 100 97 97 95 92 94 94 95 93 81 85 92 90 83 89 84 85 86 81 68 78 85 81 83 78 77 78 78 79 78 75 75 74 73 73 73 73
139 140 140 137 127 134 140 136 135 138 135 134 128 133 125 129 133 106 128 131 128 123 106 127 122 85 121 119 114 123 120 121 120 118 119 116 115 115 113 114 110 112 111 109 110 109 107 102 100 105 105 105 104 102 101 101 102 97 97 99 86 99 97 94 92 93 94 90 93 93 89 91 91 89 79 88 87 85 63 81 77 82 82 82 81 81 76 79 77 77 75 74 75 75 74 73
140 139 139 137 136 138 138 136 130 133 134 135 132 133 127 126 133 100 128 131 114 113 117 128 126 104 120 125 120 123 119 119 120 118 119 117 116 115 116 114 112 111 112 109 108 109 109 106 106 108 107 104 103 103 103 102 100 97 97 75 88 96 97 98 97 93 83 68 91 93 64 88 91 90 85 89 85 84 73 82 85 85 82 67 82 82 78 80 79 78 73 74 76 75 74 72
138 141 136 138 139 140 135 140 134 134 132 132 127 133 135 106 130 121 132 131 121 114 118 128 127 116 122 125 122 120 120 121 121 120 119 118 118 116 116 114 112 111 112 112 113 111 108 108 109 108 107 105 105 104 102 102 103 100 97 91 93 71 87 98 94 91 91 89 94 94 82 74 90 83 87 89 88 85 78 76 80 84 82 79 78 79 74 79 80 77 75 76 76 74 74 73
132 142 137 139 139 140 139 139 138 136 136 131 114 127 135 96 99 127 132 131 127 126 124 128 124 118 119 124 122 123 123 121 121 120 120 119 118 118 117 116 114 112 111 111 108 108 108 108 107 107 108 107 104 105 105 104 103 100 99 98 96 88 94 95 95 77 93 71 85 90 93 87 89 81 88 89 84 82 86 84 85 83 84 83 81 79 80 79 79 79 78 77 75 75 75 74
125 136 141 142 142 137 142 141 138 135 139 138 126 123 126 122 110 128 132 130 130 121 124 125 126 127 124 123 116 121 123 119 119 119 120 118 117 118 117 115 112 112 113 112 109 109 108 109 109 109 108 106 105 106 105 102 101 101 102 100 100 100 93 92 90 90 92 83 72 92 92 90 90 91 88 90 86 86 88 87 86 86 84 82 83 82 82 78 78 78 78 78 75 72 71 75
143 138 135 142 144 113 136 142 137 129 139 138 138 115 127 135 127 133 132 128 131 122 121 103 123 125 126 125 121 123 122 120 121 119 119 119 119 117 116 115 114 113 113 111 110 108 108 111 110 107 107 104 104 106 103 103 95 98 102 98 99 99 97 93 93 93 95 93 90 93 90 88 88 92 89 89 85 82 88 87 87 85 79 81 82 82 82 80 80 80 77 78 77 75 75 73
142 143 102 135 144 109 133 142 118 131 129 135 135 124 132 132 132 132 133 129 132 127 124 112 125 122 123 126 123 123 122 120 122 121 118 120 120 117 115 114 115 114 113 111 112 99 102 112 111 107 107 105 106 106 105 105 99 98 101 98 101 100 98 94 95 94 95 92 95 83 90 87 89 92 89 88 86 89 88 88 86 86 82 83 80 83 81 81 81 79 79 78 78 75 75 68
119 143 91 110 145 125 139 142 107 140 126 119 133 137 127 131 132 131 130 129 126 129 130 129 128 126 122 123 126 121 121 120 121 122 120 120 119 117 117 114 113 114 113 113 110 91 94 112 109 108 108 105 105 105 106 106 104 104 90 94 100 97 97 98 98 98 97 95 94 91 94 87 86 91 92 72 72 89 89 86 85 86 84 78 82 83 78 79 78 80 79 79 77 77 74 71
131 141 125 111 145 109 136 137 134 135 134 114 112 135 124 134 129 132 127 129 121 110 129 128 121 124 117 121 126 123 121 122 121 122 120 119 119 116 117 116 117 115 112 113 112 103 104 110 109 109 108 104 104 103 100 104 105 103 93 91 94 90 92 94 94 98 98 95 94 96 95 91 91 92 90 77 81 90 86 85 87 84 82 79 83 82 80 81 79 74 80 77 78 77 75 75
144 140 110 132 131 135 140 129 136 103 135 140 106 135 122 134 136 135 129 131 127 103 123 126 119 126 121 124 124 125 123 122 123 122 120 118 117 113 115 118 117 115 114 115 113 110 110 109 110 109 107 106 106 96 86 101 106 104 102 96 95 95 93 89 94 97 97 94 95 94 93 94 94 93 89 88 90 90 83 86 88 83 83 83 84 84 81 81 77 77 80 77 79 77 74 71
141 146 138 122 127 126 144 135 137 96 134 133 137 138 122 129 125 135 131 130 119 119 120 130 118 126 128 127 123 124 123 122 122 121 120 118 119 118 116 118 116 114 115 114 112 111 111 109 110 109 109 105 107 99 94 101 106 105 103 102 100 99 98 95 96 94 98 97 93 93 93 92 93 93 90 89 89 89 85 86 85 87 85 82 85 84 81 78 78 81 81 80 78 78 75 72
141 145 122 145 136 145 145 132 137 130 131 126 128 125 138 125 112 133 133 127 111 112 120 127 108 112 129 128 123 123 123 123 121 121 121 120 121 118 118 117 117 117 115 112 113 113 113 110 110 111 108 106 106 105 99 101 106 105 101 102 99 90 97 94 89 94 99 96 92 92 92 90 94 94 91 90 90 88 88 88 84 86 83 82 84 84 82 75 79 79 81 79 77 75 77 76
133 146 105 139 101 142 145 136 135 135 121 135 117 112 134 135 119 134 133 131 126 115 128 127 118 104 127 124 124 123 122 123 122 120 121 121 121 119 118 117 118 116 117 116 115 114 114 112 109 110 108 106 105 102 97 103 106 104 101 101 103 93 98 94 93 95 96 97 97 93 96 92 91 93 93 91 91 89 89 87 86 84 81 84 82 84 84 79 79 79 79 79 76 75 78 76
103 139 148 143 130 134 145 135 137 133 136 133 127 136 133 138 115 129 132 133 128 121 129 126 127 126 126 126 124 123 124 125 121 121 121 120 118 119 120 119 117 116 115 115 116 114 113 112 111 110 107 109 108 105 104 104 107 104 101 101 103 101 100 101 98 96 91 97 94 93 96 93 90 91 93 90 90 90 89 87 88 85 84 84 82 85 84 82 80 81 79 77 71 75 76 76
150 146 145 142 111 103 145 145 139 136 127 128 137 136 128 129 121 129 130 131 132 134 132 127 127 130 128 125 126 125 123 124 123 122 120 123 118 118 119 118 118 116 114 114 114 113 113 114 111 109 108 108 110 108 106 103 107 105 101 102 101 101 101 101 101 97 93 95 90 94 96 93 94 92 94 90 91 90 89 85 87 88 84 84 84 84 85 81 82 81 79 77 75 75 66 76
146 144 144 148 141 116 142 140 136 134 139 135 141 140 130 129 133 137 136 124 114 134 133 129 132 130 130 127 128 124 123 122 122 119 119 121 121 120 119 118 118 117 116 117 116 114 113 111 112 112 110 108 109 110 107 105 108 104 103 103 104 101 100 100 98 99 100 95 96 98 95 93 93 92 93 93 90 91 89 85 89 88 85 85 85 83 84 84 82 81 77 79 79 75 61 74
147 146 143 149 145 141 142 145 128 115 122 96 137 117 112 131 125 134 129 111 93 131 127 125 132 131 128 129 127 127 125 124 124 120 121 122 121 120 119 119 120 119 119 117 115 113 112 111 112 113 112 111 109 110 107 107 107 105 106 105 104 101 99 100 95 100 98 98 97 98 96 95 96 92 94 93 90 92 89 88 89 87 88 85 86 85 85 85 82 80 79 77 79 78 74 74
141 98 135 138 148 147 135 140 139 144 139 139 128 111 108 118 133 132 126 123 130 119 110 108 133 130 130 130 127 127 126 125 124 123 122 122 121 120 120 119 120 117 117 116 114 113 112 112 113 112 112 112 110 111 105 104 108 107 105 104 103 102 102 102 100 101 98 99 96 97 95 92 96 94 94 92 90 92 89 87 87 85 87 85 87 84 85 84 82 81 82 77 77 78 80 77
150 129 73 107 147 142 140 134 125 126 127 138 142 142 140 134 133 125 120 133 136 121 107 124 131 124 129 130 128 125 128 127 125 123 123 121 121 122 121 121 120 118 117 118 116 115 113 113 112 110 111 111 111 111 98 101 107 107 104 104 105 103 103 101 101 97 98 99 94 98 95 92 95 94 93 93 92 90 90 87 88 87 84 85 88 82 82 80 81 81 82 76 77 78 77 75
137 146 150 147 149 138 143 146 146 133 120 131 114 124 113 137 139 113 86 127 134 119 101 126 133 126 125 129 128 127 128 127 127 124 125 124 122 121 120 119 119 118 119 117 117 117 116 114 113 112 110 109 110 111 111 106 104 106 104 106 105 103 101 100 101 99 101 100 98 97 97 95 95 94 93 93 91 91 92 90 88 87 78 86 88 83 79 75 81 77 81 82 80 79 72 75
141 141 134 146 143 113 87 142 144 145 140 129 109 136 133 130 134 139 136 117 121 132 119 128 130 132 131 129 130 126 123 126 126 126 125 121 119 121 122 120 119 120 118 117 116 114 114 114 115 113 112 109 110 110 111 108 106 106 105 105 104 104 104 103 103 99 100 96 98 96 98 97 96 95 94 92 90 93 93 90 89 89 82 86 87 85 83 86 84 79 77 80 76 81 79 75
148 148 145 146 149 140 144 143 119 122 103 142 135 133 137 118 103 139 134 127 137 136 129 127 130 131 128 128 130 128 125 123 120 121 123 124 124 123 122 120 119 120 118 117 115 116 116 114 113 111 111 110 109 110 107 107 109 109 106 105 106 102 99 101 99 99 102 99 99 95 98 97 96 95 96 95 94 93 92 92 91 90 90 84 86 88 87 84 84 78 80 78 74 82 78 77
145 146 149 151 132 113 142 145 133 111 134 142 141 129 129 128 128 134 113 104 133 136 135 135 134 133 128 129 129 126 125 125 125 123 124 123 118 121 122 122 121 121 118 118 117 116 117 115 114 115 114 112 111 110 108 107 108 108 107 105 105 106 103 103 95 101 102 99 99 98 95 94 96 95 94 95 93 92 93 90 90 89 89 87 85 88 87 85 85 81 78 79 82 82 80 78
133 117 144 137 138 139 135 138 140 131 122 123 107 141 142 134 133 128 123 108 87 102 124 123 129 130 130 128 129 130 127 125 127 122 119 120 121 123 120 122 122 121 118 118 114 113 112 116 114 115 114 109 111 111 107 111 108 104 105 107 102 103 104 103 103 103 102 101 99 100 98 98 96 95 95 96 95 91 93 90 89 84 90 81 76 86 86 86 82 85 82 75 81 76 78 76
145 139 142 145 150 147 127 115 141 141 138 135 130 137 142 109 100 139 139 138 128 123 128 130 134 134 133 132 130 128 122 122 128 125 122 121 122 124 117 117 120 121 119 117 114 115 116 115 110 114 115 112 108 110 112 108 108 108 107 107 104 103 104 103 104 101 101 102 99 99 97 97 97 93 95 94 94 93 94 93 92 88 91 86 87 88 88 87 84 83 84 83 82 80 77 77
150 149 144 147 142 139 145 126 121 142 146 145 134 132 139 131 97 98 126 133 135 133 130 123 120 128 133 132 129 127 126 127 125 122 120 124 125 122 118 119 117 115 116 117 117 117 113 116 112 114 112 109 112 109 109 111 107 108 109 108 107 105 106 102 104 103 100 98 101 99 98 95 95 98 97 93 96 95 94 93 90 86 86 79 85 85 85 88 86 82 80 84 82 78 81 81
135 153 151 151 143 140 141 138 112 117 146 131 126 138 141 126 116 132 137 135 133 115 118 132 127 127 130 131 127 127 130 128 129 128 125 123 122 123 122 123 121 117 118 118 116 109 110 111 115 115 115 114 114 111 109 110 107 108 107 105 103 105 103 105 102 103 103 100 99 99 100 86 95 98 91 96 96 95 94 93 90 88 89 86 88 61 88 86 87 70 77 84 81 76 81 80
