prediction/untitled folder/solar_ghi_19900101_03UT.txt
NCOLS 839
NROWS 679
XLLCORNER 112.025005
YLLCORNER -43.9750009
CELLSIZE 0.0499954
NODATA_VALUE -999
[rows 468 to 506 of 679, columns 87 to 173 of 839]
1033 1000 1056 1067 1068 1056 1034 1028 971 955 928 729 857 954 1026 1047 949 932 1043 1071 1071 1061 1050 1027 1003 1004 966 988 979 971 962 921 892 838 903 911 662 730 783 856 909 931 1016 1036 1053 1057 1049 1043 1047 1060 1059 1053 1047 1045 1047 1038 1039 1052 1065 1051 1058 1060 1048 1041 1062 1062 1062 1061 1061 1061 1061 1045 1037 1016 987 989 1020 1018 991 985 962 913 885 887 736 611 626
1020 1018 868 965 1061 1068 1050 1059 1066 1033 944 817 770 688 730 864 956 822 1002 1037 1062 1071 1061 1028 1017 1009 994 981 1017 1010 969 927 913 901 989 997 913 707 659 789 749 807 988 1047 1042 1047 1053 1051 1065 1054 1049 1055 1050 1044 1062 1059 1052 1061 1064 1063 1063 1063 1062 1061 1061 1062 1062 1062 1060 1061 1061 1060 1057 1056 1023 993 1030 1043 1030 1022 990 913 808 831 677 590 566
949 946 936 922 1051 1068 1067 1047 1031 1053 1031 966 822 646 648 874 912 907 1015 1037 982 969 1037 1070 1070 1070 1070 1062 1032 963 962 969 984 1002 1009 1029 944 853 830 856 925 950 960 995 1045 1025 1044 1053 1053 1029 1049 1066 1054 1053 1051 1061 1047 1051 1063 1062 1058 1050 1061 1062 1062 1062 1062 1061 1057 1060 1060 1060 1060 1060 1011 991 990 962 982 936 933 864 672 521 487 491 522
853 921 840 708 714 1036 1044 1035 1025 1039 1026 1039 1032 995 885 937 956 999 1020 1008 858 701 634 621 692 899 844 959 1070 1070 1011 996 999 1001 1012 1006 979 962 908 882 921 945 987 1019 1027 1034 1019 1031 963 987 1066 1066 1059 1055 1047 1060 1051 1048 1062 1062 1062 1056 1046 1050 1062 1061 1062 1045 1061 1060 1059 1059 1059 1050 955 900 913 963 978 979 967 860 652 521 457 479 463
798 931 815 721 759 919 1034 1038 973 961 1051 957 1005 1027 1024 1027 1046 1021 1004 970 875 659 528 528 545 573 944 795 884 1009 1057 995 974 988 1005 1020 987 966 933 909 907 942 1001 1031 1036 1037 1045 1031 1045 1036 1045 1065 1036 1049 1063 1062 1062 1062 1062 1062 1061 1060 1053 1062 1062 1062 1062 1058 1060 1059 1057 1058 1057 1042 921 871 999 1002 987 1005 976 902 853 711 577 516 484
808 919 942 921 867 903 1000 1027 964 1023 1027 1000 888 1001 1045 1069 1069 963 1006 1025 997 875 603 596 506 509 562 509 645 900 1029 1067 1055 1038 1038 1010 974 988 989 964 949 947 979 1017 935 967 1016 1004 1034 1063 1065 1065 1051 1044 1063 1033 1050 1062 1056 1062 1061 1061 1061 1061 1061 1062 1048 1054 1057 1059 996 1031 1058 1056 1054 1048 1028 934 905 953 1005 998 1034 939 759 636 617
737 750 866 992 967 946 956 973 992 1027 1041 1032 999 1027 1031 1047 1045 1041 1051 1021 1034 1008 922 772 535 483 451 458 521 569 686 861 1006 1064 1069 1039 1020 1008 992 1013 974 926 920 941 779 841 836 842 926 1046 1042 1041 1063 1066 1031 1053 1061 1062 1061 1061 1061 1062 1062 1061 1061 1057 1049 1058 1056 1050 1031 1054 1057 1058 1057 1055 1037 941 833 954 1037 1045 1033 970 857 837 880
923 957 952 920 956 961 877 871 946 1019 1051 1049 1043 1043 1050 1048 1048 1046 1039 1006 930 999 1013 948 859 537 452 441 466 444 498 628 859 1014 1069 1034 1017 1019 1023 1028 993 977 996 970 900 673 585 626 812 968 1032 1037 1043 1046 1051 1056 1038 1052 1062 1061 1062 1062 1062 1061 1060 1059 1056 1058 1057 1058 1058 1057 1058 1058 1057 1056 1057 1038 1030 985 1020 1028 1003 966 840 916 936
832 955 966 994 954 812 668 684 788 917 999 1029 1039 1011 1000 1054 1043 1052 1069 1069 1030 973 990 895 679 561 435 494 486 445 445 516 652 866 1005 1057 983 1018 972 918 934 990 943 1017 1007 722 463 587 791 951 1033 1039 1028 1039 1041 1042 1039 1063 1045 1028 1042 1055 1057 1061 1044 1048 1058 1058 1058 1057 1057 1058 1058 1058 1057 1057 1055 1055 1057 1025 918 946 1009 1029 996 890 871
624 738 890 884 744 569 496 564 627 660 778 999 990 810 929 1036 1016 980 1001 1026 1018 930 919 890 826 607 475 547 603 508 436 457 555 579 821 1000 942 988 919 887 896 924 884 878 824 779 768 766 885 922 981 1031 1047 1031 1036 1019 1036 1064 1030 1044 1048 1030 996 963 1030 1051 1056 1058 1058 1058 1058 1058 1058 1057 1057 1057 1057 1057 1055 1048 1011 1001 1035 1029 996 890 871
513 572 690 747 617 508 472 483 543 632 787 891 917 937 942 951 855 685 699 939 985 935 863 959 836 567 510 534 490 528 570 532 456 438 611 777 845 932 994 943 957 962 941 929 901 909 902 907 979 992 837 825 966 1065 1040 966 1028 1055 1053 1061 1061 1030 974 963 1044 1056 1057 1057 1058 1058 1058 1058 1058 1057 1057 1057 1057 1057 1055 1056 1056 1037 1035 1035 996 890 871
475 511 561 592 558 489 467 503 595 720 763 712 719 844 1014 959 692 572 606 855 911 889 948 994 891 599 519 493 520 568 588 522 476 470 525 519 749 999 1035 1034 1040 1023 1023 1022 978 983 946 991 1031 980 1008 1004 1020 1020 1000 1014 1009 1029 1061 1061 1058 1020 999 1013 1039 1058 1056 1058 1058 1058 1058 1058 1058 1057 1057 1057 1057 1057 1056 1056 1056 1037 1037 1035 1035 890 871
403 447 459 495 504 466 496 549 610 668 723 685 737 871 964 944 808 587 508 489 551 886 1012 1017 944 716 503 514 556 593 508 535 574 605 564 458 497 589 834 1024 1056 1023 1028 1018 987 976 960 1023 1014 999 1035 1033 1031 1018 1024 1028 1036 981 960 983 1006 965 1025 1012 1014 1035 1053 1058 1058 1058 1058 1058 1058 1057 1057 1057 1057 1056 1056 1056 1056 1037 1037 1037 1035 890 871
362 382 398 418 422 453 489 495 523 589 694 768 823 903 891 819 730 565 514 485 490 586 701 798 843 722 529 502 601 584 548 585 780 698 570 513 457 483 778 990 996 1007 1048 971 888 893 973 1028 987 981 1021 1038 1038 1029 973 992 1043 1058 1031 1038 1040 1038 1036 967 938 1035 1053 1053 1058 1058 1058 1058 1058 1057 1057 1057 1057 1056 1056 1056 1056 1037 1037 1037 1037 890 871
346 353 373 394 394 399 423 460 481 522 616 762 891 928 822 705 585 525 533 543 535 539 613 808 738 525 458 522 573 812 728 651 893 660 605 582 587 649 969 987 984 971 930 823 918 950 997 1021 928 998 1034 1048 1045 1029 805 838 969 1052 1045 1045 1053 1052 1030 967 938 938 1053 1053 1053 1058 1058 1058 1058 1057 1057 1057 1057 1056 1056 1056 1056 1037 1037 1037 1037 1037 871
334 361 390 405 386 375 379 403 437 477 539 674 845 917 825 609 531 529 585 627 509 495 556 801 812 583 583 597 567 808 643 764 835 636 512 780 956 969 964 914 919 811 756 806 654 542 597 793 957 1040 1051 1043 1032 962 707 739 920 1025 1054 1058 1055 1055 1043 1043 938 938 938 1053 1053 1053 1058 1058 1058 1058 1057 1057 1056 1056 1056 1056 1056 1037 1037 1037 1037 1037 871
341 373 406 394 374 370 350 371 402 456 523 621 720 796 778 617 576 598 623 594 513 519 636 740 676 764 616 591 616 610 664 763 680 524 464 764 929 970 948 870 836 573 601 605 528 471 531 661 847 951 941 962 1009 984 901 865 917 1024 1054 1058 1046 1046 1043 1043 1043 938 938 1053 1053 1053 1053 1058 1058 1058 1057 1057 1056 1056 1056 1056 1056 1037 1037 1037 1037 1037 1037
345 364 382 365 369 370 354 370 391 433 476 525 595 634 603 571 604 634 771 802 749 733 760 646 616 618 582 592 613 656 677 758 758 750 641 546 905 1003 1004 932 714 497 566 544 513 516 612 759 921 910 842 961 988 906 857 892 974 1047 1051 1042 1026 999 999 999 1043 1043 938 938 1053 1053 1053 1058 1058 1058 1057 1057 1056 1056 1056 1056 1056 1037 1037 1037 1037 1037 1037
361 360 361 361 362 374 385 386 394 398 432 473 518 556 571 566 566 598 711 793 814 770 716 752 530 518 569 548 674 672 667 711 787 764 710 812 962 1028 1065 1050 892 704 723 576 597 694 828 896 944 787 789 813 682 587 699 848 922 945 1038 1031 927 872 872 872 872 872 1043 938 1053 1053 1053 1053 1058 1058 1058 1056 1056 1056 1056 1056 1056 1037 1037 1037 1037 1037 1037
341 341 349 361 362 382 385 394 406 386 402 428 468 508 531 542 569 615 665 730 678 683 746 776 667 516 502 559 695 671 652 694 756 775 890 919 749 632 896 989 975 978 975 976 963 866 841 834 725 616 617 561 526 546 715 857 875 889 959 995 927 872 872 872 872 872 872 872 872 1053 1053 1053 1058 1058 1058 1056 1056 1056 1056 1056 1056 1037 1037 1037 1037 1037 1037
333 333 341 361 382 386 370 394 398 386 391 394 440 482 511 549 576 598 617 630 612 645 736 787 672 451 469 569 745 686 674 700 767 837 888 880 645 710 938 1021 973 1014 1023 963 734 546 557 546 518 490 617 561 526 535 640 829 660 647 959 864 864 872 872 872 872 872 872 872 872 872 1053 1053 1053 1058 1058 1056 1056 1056 1056 1056 1056 1037 1037 1037 1037 1037 1037
331 333 333 361 378 385 394 395 403 415 430 450 511 526 533 546 557 587 598 604 605 614 712 765 640 512 532 708 780 785 844 665 644 696 793 879 921 974 1021 1004 899 679 863 761 621 661 659 535 497 490 490 561 535 535 640 829 660 647 647 864 864 864 872 872 872 872 872 872 872 872 872 1053 1053 1053 1053 1053 1058 1058 -999 -999 -999 -999 -999 -999 -999 -999 -999
333 338 347 360 381 397 409 411 412 435 461 481 496 534 537 540 565 619 627 600 583 579 638 727 663 638 683 797 767 784 776 735 697 793 923 1009 1034 1029 1030 982 717 519 710 549 654 850 813 535 497 497 490 490 535 535 640 829 660 647 647 864 864 864 864 872 872 872 872 872 872 872 872 872 1053 1053 1053 1053 1053 -999 -999 -999 -999 -999 -999 -999 -999 -999 -999
355 372 369 363 380 397 413 420 432 462 480 500 522 532 537 565 565 535 526 558 527 525 555 651 705 757 783 766 754 758 761 719 689 853 906 922 958 1016 1056 1020 727 560 520 454 620 835 919 919 497 497 497 490 535 535 640 829 660 647 647 864 864 864 864 864 872 872 872 872 872 872 872 872 938 938 938 -999 -999 -999 -999 -999 -999 -999 -999 -999 -999 -999 -999
354 359 355 356 365 382 402 424 448 461 454 495 506 513 523 521 497 476 464 459 469 449 476 538 618 698 712 706 738 777 785 700 738 889 951 905 866 886 947 950 876 535 413 387 468 719 919 919 919 497 497 497 535 535 640 829 660 647 647 864 864 864 864 864 864 872 872 872 872 872 872 872 1043 -999 -999 -999 -999 -999 -999 -999 -999 -999 -999 -999 -999 -999 -999
370 362 339 363 375 378 384 403 403 391 396 437 458 476 488 492 477 476 456 441 447 413 430 467 508 556 601 658 739 802 805 725 818 911 942 874 818 791 781 789 787 535 457 387 468 719 719 919 919 919 497 497 535 535 640 829 660 647 647 864 864 864 864 864 864 864 872 872 872 872 872 872 1043 -999 -999 -999 -999 -999 -999 -999 -999 -999 -999 -999 -999 -999 -999
373 362 346 362 362 351 351 367 379 379 391 391 364 429 470 483 488 509 465 456 446 423 405 427 448 473 505 624 689 766 820 826 862 881 899 881 816 703 755 808 763 535 457 457 468 719 719 719 919 919 919 497 535 535 640 829 660 647 647 864 864 864 864 864 864 864 864 872 872 872 872 872 -999 -999 -999 -999 -999 -999 -999 -999 -999 -999 -999 -999 -999 -999 -999
369 358 350 346 354 331 343 358 367 379 395 399 399 403 384 446 491 506 472 478 462 437 415 393 409 441 491 570 650 766 800 825 863 859 879 845 766 711 873 889 763 763 457 457 457 719 719 719 719 919 919 919 535 535 640 829 660 647 647 864 864 864 864 864 864 864 864 864 872 872 872 872 -999 -999 -999 -999 -999 -999 -999 -999 -999 -999 -999 -999 -999 -999 -999
353 354 338 342 350 335 351 347 355 383 402 410 439 449 428 418 489 517 509 486 467 453 422 396 404 437 487 536 605 722 728 793 845 837 791 799 781 801 862 930 930 930 763 457 457 719 719 719 719 719 919 919 919 535 640 829 660 647 647 864 864 864 864 864 864 864 864 864 864 872 872 872 -999 -999 -999 -999 -999 -999 -999 -999 -999 -999 -999 -999 -999 -999 -999
353 369 353 354 354 357 362 346 362 379 390 413 442 452 445 433 442 455 467 481 484 465 437 416 416 447 470 509 565 643 659 695 747 737 663 577 607 672 777 890 890 890 890 890 457 719 719 719 719 719 719 919 919 535 640 829 660 647 647 864 864 864 864 864 864 864 864 864 864 864 -999 -999 -999 -999 -999 -999 -999 -999 -999 -999 -999 -999 -999 -999 -999 -999 -999
349 369 357 373 374 389 401 397 362 354 370 394 402 421 425 418 414 407 443 464 462 447 441 427 433 437 430 489 529 566 582 574 630 594 553 535 607 672 777 890 890 890 890 890 890 457 719 719 719 719 719 719 919 919 640 829 660 647 647 864 864 864 864 864 864 864 864 864 864 864 -999 -999 -999 -999 -999 -999 -999 -999 -999 -999 -999 -999 -999 -999 -999 -999 -999
349 357 357 357 342 389 401 393 374 355 355 355 359 359 395 414 407 399 426 433 426 419 415 412 422 426 427 433 443 502 520 518 529 594 553 535 535 672 777 890 890 890 890 890 890 890 719 719 719 719 719 719 719 919 919 919 497 497 497 -999 -999 -999 -999 -999 -999 -999 -999 -999 -999 -999 -999 -999 -999 -999 -999 -999 -999 -999 -999 -999 -999 -999 -999 -999 -999 -999 -999
357 357 357 357 342 389 401 393 374 355 355 355 359 359 395 414 407 399 426 433 426 404 400 396 411 426 427 433 422 502 520 518 529 529 553 535 535 535 777 890 890 890 890 890 890 890 890 719 719 719 719 719 719 719 919 919 919 -999 -999 -999 -999 -999 -999 -999 -999 -999 -999 -999 -999 -999 -999 -999 -999 -999 -999 -999 -999 -999 -999 -999 -999 -999 -999 -999 -999 -999 -999
357 357 357 357 342 389 401 393 374 355 355 355 359 359 395 414 407 399 426 433 404 404 400 396 411 411 427 422 422 494 494 494 529 529 529 535 535 535 777 890 890 890 890 890 890 890 890 890 719 719 719 719 719 719 719 919 919 -999 -999 -999 -999 -999 -999 -999 -999 -999 -999 -999 -999 -999 -999 -999 -999 -999 -999 -999 -999 -999 -999 -999 -999 -999 -999 -999 -999 -999 -999
357 357 357 357 342 389 401 393 374 355 355 355 359 359 395 414 407 399 426 404 404 404 400 396 411 411 411 422 422 494 494 494 494 529 529 535 535 535 777 890 890 890 890 890 890 890 890 890 890 719 719 719 719 719 719 719 -999 -999 -999 -999 -999 -999 -999 -999 -999 -999 -999 -999 -999 -999 -999 -999 -999 -999 -999 -999 -999 -999 -999 -999 -999 -999 -999 -999 -999 -999 -999
357 357 357 357 342 389 401 393 374 355 355 355 359 359 395 414 407 399 426 404 404 404 400 396 411 411 411 422 494 494 494 494 494 494 529 535 535 535 535 890 890 890 890 890 890 890 890 890 890 890 457 457 457 -999 -999 -999 -999 -999 -999 -999 -999 -999 -999 -999 -999 -999 -999 -999 -999 -999 -999 -999 -999 -999 -999 -999 -999 -999 -999 -999 -999 -999 -999 -999 -999 -999 -999
357 357 357 357 342 389 401 393 374 355 355 355 359 359 395 414 407 399 426 404 404 404 400 396 411 411 411 422 494 494 494 494 494 494 494 529 535 535 535 890 890 890 890 890 890 890 890 890 890 890 763 -999 -999 -999 -999 -999 -999 -999 -999 -999 -999 -999 -999 -999 -999 -999 -999 -999 -999 -999 -999 -999 -999 -999 -999 -999 -999 -999 -999 -999 -999 -999 -999 -999 -999 -999 -999
357 357 357 357 342 389 401 393 374 355 355 355 359 359 395 414 407 399 404 404 404 404 400 396 411 411 411 494 494 494 494 494 494 494 494 494 535 535 535 890 890 890 890 890 890 890 890 890 890 890 -999 -999 -999 -999 -999 -999 -999 -999 -999 -999 -999 -999 -999 -999 -999 -999 -999 -999 -999 -999 -999 -999 -999 -999 -999 -999 -999 -999 -999 -999 -999 -999 -999 -999 -999 -999 -999
357 357 357 357 342 389 401 393 374 355 355 355 359 359 395 414 407 399 404 404 404 404 400 396 411 411 411 494 494 494 494 494 494 494 494 494 494 535 535 535 890 890 890 890 890 890 890 890 890 890 -999 -999 -999 -999 -999 -999 -999 -999 -999 -999 -999 -999 -999 -999 -999 -999 -999 -999 -999 -999 -999 -999 -999 -999 -999 -999 -999 -999 -999 -999 -999 -999 -999 -999 -999 -999 -999
