prediction/untitled folder/solar_ghi_19900101_23UT.txt
NCOLS 839
NROWS 679
XLLCORNER 112.025005
YLLCORNER -43.9750009
CELLSIZE 0.0499954
NODATA_VALUE -999
[rows 210 to 251 of 679, columns 94 to 187 of 839]
429 429 429 304 215 215 215 215 215 301 301 323 323 383 439 307 307 307 250 312 312 312 132 217 217 341 366 322 260 370 434 332 435 452 453 454 455 456 362 311 447 458 460 453 463 463 448 461 466 466 466 468 469 464 459 454 439 387 451 457 406 350 426 468 453 284 258 249 276 381 457 407 345 417 427 458 469 490 465 481 483 491 493 477 486 496 496 492 491 488 487 493 503 483
429 429 429 304 304 215 215 215 301 301 301 323 323 383 439 307 307 307 250 267 312 312 132 132 207 257 214 173 254 402 275 218 426 439 454 452 223 310 131 167 443 460 451 462 459 455 440 455 464 458 458 468 469 463 462 463 464 469 457 458 459 439 478 478 479 412 406 395 441 448 432 398 390 453 461 452 472 491 457 492 450 476 486 478 478 488 480 493 500 494 493 502 460 346
429 429 429 304 304 215 215 215 301 301 286 323 323 383 439 440 307 307 250 267 312 312 189 133 140 182 125 99 178 260 197 228 394 453 454 279 101 176 172 310 460 461 445 454 462 448 455 462 466 457 459 467 463 466 465 471 462 472 475 470 475 478 479 479 478 463 469 472 472 470 465 446 435 453 445 429 480 488 482 454 444 492 477 478 427 454 481 474 482 492 484 494 478 444
429 429 316 304 304 221 178 190 301 301 286 323 323 383 439 440 307 307 250 267 302 363 212 186 101 138 120 106 129 113 165 341 406 454 454 248 253 198 271 449 460 365 385 452 463 448 457 465 467 459 460 468 459 468 466 469 473 474 370 332 471 427 325 395 459 463 464 465 474 477 469 451 465 460 434 446 485 491 483 396 381 410 366 453 462 471 482 496 479 482 488 502 504 495
282 225 316 417 352 204 130 105 114 207 286 323 323 383 439 440 325 148 145 227 291 391 358 300 210 173 142 142 124 98 208 326 334 305 282 275 327 200 292 133 180 355 396 422 437 424 425 450 467 461 460 460 469 468 466 469 473 469 466 476 477 413 360 403 463 480 481 482 478 481 474 461 453 463 454 466 484 490 476 362 329 372 347 368 434 479 489 498 476 492 478 501 421 399
164 171 252 253 291 230 218 141 129 106 95 161 250 183 387 439 269 156 203 227 286 412 445 370 293 228 91 106 160 92 157 158 149 178 210 265 224 92 92 169 201 373 441 398 346 355 407 439 468 468 457 459 471 464 463 468 474 468 475 329 327 159 180 469 480 482 483 484 485 483 482 477 462 461 461 476 482 479 474 425 393 383 382 363 430 471 482 497 496 500 485 491 404 465
248 192 151 126 262 304 407 206 90 97 130 152 117 99 315 440 314 234 392 408 361 405 407 286 179 135 129 133 130 95 152 132 150 168 130 140 254 360 376 349 258 429 387 439 422 459 456 458 465 458 468 461 470 472 466 469 474 466 476 468 476 320 333 446 482 474 483 485 485 486 487 486 487 488 474 485 480 475 491 494 461 392 360 395 463 464 474 492 500 502 502 488 498 508
301 219 129 98 177 368 301 206 132 91 91 141 128 135 259 391 238 405 443 434 387 356 332 264 159 154 226 147 98 110 161 145 103 139 211 298 372 443 427 318 330 388 452 445 390 449 456 458 454 460 470 464 471 471 463 465 458 475 450 477 255 154 305 454 482 483 481 476 477 478 487 487 488 485 473 474 478 482 483 491 494 410 375 408 439 475 483 484 500 504 505 488 495 494
350 314 224 152 194 286 370 363 347 127 309 306 367 381 342 217 133 275 324 327 237 300 296 295 228 259 248 146 104 116 208 96 103 124 170 230 301 225 163 280 448 461 439 431 446 456 450 464 457 469 470 466 460 460 461 456 471 475 476 477 240 139 346 456 423 451 485 486 479 486 488 488 488 487 487 477 475 488 484 495 496 484 460 456 479 482 476 485 503 503 503 504 507 509
408 401 343 321 340 387 421 420 405 347 219 259 173 174 264 211 110 96 117 126 160 405 296 247 196 219 252 179 124 119 117 199 143 116 153 210 274 256 294 427 462 461 401 404 458 465 453 467 465 467 470 470 470 469 467 470 471 476 477 469 356 259 144 440 478 485 486 484 484 487 489 489 488 486 482 472 482 490 484 496 496 498 480 489 498 481 474 486 493 501 504 505 508 509
411 400 407 418 427 426 428 421 422 414 391 276 91 269 401 247 192 125 96 123 202 288 192 256 248 227 296 194 143 134 109 118 170 92 172 300 237 163 130 181 300 277 295 417 465 466 458 466 469 469 470 469 464 472 473 474 475 477 478 460 447 406 368 379 465 467 486 435 451 479 488 486 486 484 472 480 490 484 492 491 481 496 491 491 498 498 492 501 505 505 500 505 507 508
428 409 401 418 426 427 427 428 422 423 422 400 327 251 261 266 209 149 117 103 126 207 254 313 401 299 210 194 137 129 92 94 156 171 167 189 118 97 92 92 129 257 397 465 466 463 466 465 463 469 469 472 471 473 474 475 476 477 478 478 470 464 465 448 459 479 487 414 394 465 487 479 471 471 480 488 490 491 486 485 481 481 499 492 499 502 503 495 504 501 496 508 509 510
424 417 409 420 419 418 420 420 423 423 422 423 408 384 441 442 245 167 150 106 107 147 244 310 317 254 159 211 149 129 100 100 134 203 193 112 92 94 92 125 138 243 238 271 275 351 348 334 437 461 463 471 473 473 474 461 474 477 477 469 477 473 473 475 485 478 468 302 352 463 486 489 479 479 480 481 490 483 484 481 475 474 496 501 492 503 504 503 495 489 507 509 501 508
426 425 418 418 413 420 419 421 424 424 423 424 432 440 441 360 182 142 91 110 92 137 234 271 280 288 286 316 265 158 121 92 137 162 132 102 92 92 122 141 95 233 96 93 155 249 111 200 421 455 466 472 474 475 475 468 477 471 474 477 481 482 483 479 476 470 470 475 461 472 470 479 486 480 491 493 483 491 488 485 487 481 497 501 484 503 504 504 504 481 499 504 510 510
431 422 418 419 421 420 414 407 422 422 424 424 440 440 316 198 220 145 159 107 91 134 197 219 269 284 265 274 271 298 269 152 157 117 93 92 115 292 432 270 129 147 93 97 289 204 93 262 432 451 470 474 472 475 476 468 471 478 479 480 482 483 484 477 485 478 464 460 472 488 489 490 491 492 493 477 494 496 494 497 499 496 497 497 485 495 504 504 504 491 496 502 505 504
400 410 419 419 427 420 415 429 422 437 436 436 425 425 321 258 263 264 308 243 91 186 218 201 217 154 122 165 284 356 289 209 252 117 105 127 92 92 148 247 263 136 93 196 229 111 126 380 443 454 472 467 476 476 477 478 478 479 480 481 476 473 482 480 483 486 486 471 482 489 489 491 492 489 483 463 483 497 497 499 500 497 484 492 493 491 497 505 505 498 500 501 511 508
387 426 418 418 428 429 428 435 436 423 430 439 440 441 362 294 253 272 371 356 248 262 319 305 283 216 196 253 310 365 362 345 373 308 115 164 140 92 92 135 163 93 93 175 111 93 191 404 351 444 457 470 462 474 477 478 479 479 477 476 480 484 485 486 485 486 487 485 484 486 485 479 478 481 483 477 481 497 498 493 499 496 483 478 490 493 494 499 506 498 495 511 505 507
378 433 402 412 428 436 431 435 421 424 434 425 416 441 386 332 289 302 372 432 416 400 437 436 387 386 396 365 392 430 454 440 446 410 281 216 97 92 114 142 115 100 93 93 126 167 246 305 311 454 473 475 463 475 474 479 478 473 478 475 483 482 486 482 485 486 487 485 486 489 490 489 490 490 491 485 479 489 482 479 499 498 494 483 482 499 504 501 508 509 506 494 512 513
275 302 362 402 403 410 426 432 434 425 428 429 415 365 383 319 370 420 437 441 440 440 449 449 444 432 436 451 453 446 440 440 448 418 362 328 164 137 92 132 130 93 93 93 126 167 209 313 393 435 475 474 465 465 472 479 472 480 478 471 480 485 485 475 486 481 482 485 490 490 491 492 490 490 494 495 484 482 483 482 491 497 494 489 500 494 503 499 508 510 501 509 513 513
217 242 292 307 347 435 424 419 429 436 360 334 423 423 386 425 416 438 443 440 429 441 449 442 451 441 444 449 451 437 438 446 452 434 427 409 344 313 271 194 202 252 131 93 132 139 124 193 288 340 466 466 468 475 473 474 480 480 473 469 484 484 477 477 481 477 488 488 489 490 492 493 494 495 494 492 498 494 500 500 499 501 493 500 502 492 507 508 502 509 509 511 498 504
174 202 236 256 333 356 310 345 436 435 421 422 386 369 424 425 418 416 414 444 436 447 439 426 450 443 453 438 438 440 443 453 456 457 443 444 429 414 425 418 247 100 272 123 146 130 163 183 206 311 442 471 474 478 469 477 480 475 472 475 484 484 476 475 483 482 487 489 491 492 493 494 495 496 496 497 498 497 499 501 498 498 501 504 495 495 506 508 492 496 485 500 498 506
126 190 234 270 314 357 365 412 412 269 337 345 376 429 431 424 430 421 428 437 438 448 435 433 435 443 444 436 445 444 453 452 456 457 458 449 442 463 465 439 287 204 114 105 93 93 143 131 234 373 463 477 471 476 469 479 481 482 465 479 476 466 475 486 487 488 489 476 483 493 485 495 496 489 498 498 499 498 499 495 495 499 503 501 506 504 488 509 508 509 502 488 495 498
116 209 215 228 245 244 270 317 332 317 408 415 430 435 434 437 432 425 427 432 448 435 411 425 441 442 436 443 452 456 453 447 457 454 460 461 462 463 352 320 348 212 93 149 121 93 110 201 354 463 446 428 466 474 473 481 481 482 464 465 458 466 485 487 488 487 488 491 492 493 494 486 473 497 498 486 494 500 501 490 492 494 498 499 495 490 499 510 509 508 500 496 503 507
185 247 175 167 174 169 244 349 375 376 417 437 437 435 439 440 438 440 435 431 439 449 436 425 433 433 444 454 456 430 367 454 451 459 460 461 439 340 371 413 404 411 410 303 143 93 179 165 340 467 356 373 437 471 480 481 482 482 480 466 482 480 485 486 475 485 482 491 493 493 492 487 486 494 498 482 482 491 498 493 491 485 502 500 497 498 506 510 501 511 490 510 484 513
352 301 246 153 179 151 266 369 399 422 440 425 428 439 438 440 433 435 442 443 436 441 446 447 440 441 451 454 379 250 286 418 456 460 460 461 449 406 447 449 450 464 341 161 96 147 152 137 328 380 364 381 446 479 480 481 482 483 483 477 485 480 476 486 479 473 474 484 484 488 482 475 489 498 496 486 498 500 501 493 497 488 498 506 508 508 506 501 502 511 498 496 501 508
346 394 339 208 132 151 200 280 360 408 394 380 426 432 443 440 441 431 437 443 438 437 438 446 451 450 453 455 219 163 239 341 459 435 301 372 386 397 465 465 451 450 333 291 227 174 122 93 170 426 461 478 470 477 481 482 482 484 484 483 474 470 479 482 488 487 482 483 493 494 495 490 488 498 499 495 491 500 500 503 501 502 490 504 507 508 508 509 509 513 514 511 516 516
312 395 395 243 121 104 108 175 322 408 409 417 432 443 440 428 427 428 429 429 436 445 443 445 448 438 438 454 246 201 247 329 448 286 156 234 341 352 439 466 457 468 469 323 267 272 177 122 244 459 461 478 462 480 481 482 474 484 484 476 482 483 487 487 489 490 492 493 485 495 487 488 497 487 481 481 473 497 498 499 503 504 503 499 497 498 507 511 512 507 514 513 500 512
225 341 362 213 121 151 221 148 262 373 416 431 442 443 444 434 431 441 443 444 445 444 439 440 447 449 443 429 344 295 353 385 459 250 167 197 246 289 318 466 459 467 411 284 355 351 240 205 309 452 458 468 438 479 481 467 471 475 480 482 481 482 487 488 489 488 490 479 481 493 469 485 484 486 487 488 489 490 501 499 504 505 498 499 506 499 492 509 513 514 513 498 509 516
174 278 263 176 199 299 300 196 255 411 428 423 442 435 397 372 405 436 422 444 431 446 449 448 452 453 449 442 451 445 446 459 460 268 247 176 223 275 311 448 464 460 458 459 461 472 470 450 441 448 466 458 453 472 469 464 458 466 475 481 483 483 485 485 490 491 491 492 485 465 489 492 493 492 495 500 501 502 500 504 505 506 501 505 502 508 492 512 495 511 515 510 508 508
155 156 145 213 164 215 254 196 271 425 401 435 434 364 315 342 421 440 404 430 449 449 444 434 453 454 455 450 451 453 458 453 448 358 340 301 359 374 400 448 453 454 457 460 460 468 462 455 463 467 471 473 463 456 462 462 458 481 473 485 482 487 484 486 490 489 483 487 485 485 490 493 493 479 499 500 502 502 503 501 504 495 496 498 499 511 492 508 505 512 514 517 509 516
170 128 114 225 91 144 191 142 192 309 313 423 328 258 232 273 360 396 403 445 429 442 447 434 443 450 451 451 453 458 458 455 456 453 430 444 445 452 460 462 462 463 457 454 455 455 460 474 475 470 473 462 463 468 476 479 480 484 482 486 486 484 485 489 488 483 473 473 490 490 493 497 498 499 499 501 499 503 504 501 496 488 489 499 507 507 500 508 510 512 516 517 510 511
170 153 173 164 91 144 187 94 145 274 293 340 358 201 186 242 292 402 449 449 439 425 371 427 438 450 446 445 450 457 454 448 451 452 451 460 452 459 466 467 463 463 464 470 471 469 473 464 475 476 464 473 466 472 475 481 482 483 483 484 486 488 477 490 487 478 489 492 494 495 494 489 479 479 496 481 493 492 504 501 500 488 496 502 499 511 511 513 512 513 515 518 510 514
242 224 195 139 113 213 149 109 216 263 227 228 231 137 125 252 369 352 340 356 394 440 418 372 420 450 451 446 452 449 447 449 445 451 458 460 464 460 464 455 468 469 470 467 472 473 474 475 476 477 462 475 479 480 481 473 469 481 482 477 484 488 478 490 491 487 492 489 486 487 477 493 499 494 472 472 485 503 501 497 490 495 504 499 499 510 509 513 505 506 512 518 512 517
199 195 206 175 137 193 126 210 302 233 156 125 105 91 100 193 199 221 114 206 290 282 269 283 329 429 453 450 458 440 448 449 443 450 459 462 464 463 467 448 460 459 452 453 454 462 459 472 475 469 474 479 480 480 482 478 483 480 482 483 478 484 485 480 486 492 493 494 483 484 487 498 496 486 495 501 502 504 501 506 507 506 503 499 508 505 501 510 511 513 518 519 515 511
298 262 264 223 157 153 205 226 264 143 152 147 114 117 123 116 140 137 91 180 233 208 173 159 249 382 454 453 404 425 441 442 457 459 461 452 455 465 461 463 461 468 467 459 455 455 463 475 475 467 477 476 472 481 481 483 484 485 486 487 488 489 490 479 488 478 493 494 476 496 497 499 496 499 501 501 503 505 502 505 507 508 506 507 512 510 510 510 515 517 518 520 517 523
362 310 291 222 166 187 220 200 159 116 150 122 194 157 127 98 91 108 92 138 92 107 119 131 280 416 453 368 296 425 434 443 451 452 453 453 462 459 456 461 459 464 471 471 468 454 464 450 442 459 467 469 468 465 480 479 484 486 487 488 489 489 490 490 489 469 481 494 496 497 499 499 498 497 501 503 504 501 502 499 507 509 506 510 510 514 514 506 517 518 520 519 522 523
413 416 367 256 219 224 215 213 214 164 137 125 171 154 163 91 93 125 92 92 182 248 271 108 285 411 445 447 457 459 449 443 452 444 452 461 462 454 463 468 455 451 466 468 473 471 460 465 466 474 475 469 469 470 471 478 482 487 488 488 486 490 491 492 489 488 494 495 497 498 475 487 500 501 498 504 504 505 502 490 497 506 507 512 507 513 514 515 510 518 520 512 522 524
435 437 399 285 268 252 233 256 258 210 185 202 146 143 101 122 119 102 92 115 228 311 385 105 377 420 457 458 459 457 420 436 458 452 461 456 461 449 467 468 459 458 467 469 468 462 476 476 476 465 475 480 479 464 457 460 474 476 479 488 485 491 492 492 493 494 495 485 491 492 499 499 501 502 503 503 501 506 507 507 507 509 510 511 509 514 515 516 506 510 520 516 519 524
407 392 415 420 366 352 342 310 287 282 262 215 178 127 116 140 91 91 97 149 162 172 244 236 362 415 453 458 449 323 303 380 454 459 457 456 464 455 468 469 464 466 467 468 475 475 476 477 478 467 476 472 472 479 477 466 450 468 479 489 474 487 491 493 494 494 495 494 496 495 495 500 501 503 489 505 506 507 508 508 506 511 512 503 504 514 515 517 510 507 519 522 522 524
400 429 436 439 430 410 434 401 439 417 278 232 211 155 130 114 91 175 135 139 158 173 194 255 320 346 458 428 415 170 195 323 441 453 448 454 462 449 469 470 465 466 461 466 464 472 473 466 467 460 475 480 480 482 483 478 477 479 485 486 485 485 480 493 494 495 496 497 498 499 500 501 502 503 504 505 506 507 508 505 510 504 504 512 503 511 516 517 519 518 519 523 524 525
405 434 418 401 394 400 410 412 443 381 316 323 295 227 137 99 117 201 121 132 122 168 170 161 110 130 395 256 247 92 211 365 446 453 449 462 467 456 469 467 471 467 454 460 470 461 469 472 475 466 460 478 482 484 484 485 486 475 476 484 488 491 484 494 490 495 497 498 499 500 501 502 503 504 503 503 490 491 509 509 508 508 509 510 511 516 516 518 518 508 509 514 524 526
390 356 360 338 349 360 378 428 419 345 427 396 332 296 221 179 193 148 132 163 119 119 131 232 214 232 266 191 129 115 304 438 445 454 454 467 456 434 459 451 467 467 465 455 464 466 467 466 466 472 468 470 483 484 484 481 486 468 485 490 488 488 493 494 488 496 495 497 500 501 502 502 494 494 504 504 504 502 509 499 511 501 502 510 515 514 510 515 507 505 510 515 525 522
