prediction/untitled folder/solar_ghi_19900101_05UT.txt
NCOLS 839
NROWS 679
XLLCORNER 112.025005
YLLCORNER -43.9750009
CELLSIZE 0.0499954
NODATA_VALUE -999
[rows 252 to 293 of 679, columns 744 to 836 of 839]
666 664 662 656 661 655 664 664 663 662 661 660 659 658 658 656 656 655 644 648 652 650 650 645 649 648 646 646 645 644 640 640 642 642 642 642 642 642 642 642 642 642 -999 -999 -999 -999 -999 -999 -999 -999 -999 -999 -999 -999 -999 -999 -999 -999 -999 -999 -999 -999 -999 -999 -999 -999 -999 -999 -999 -999 -999 -999 -999 -999 -999 -999 -999 -999 -999 -999 -999 -999 -999 -999 -999 -999 -999 -999 -999 -999 -999 -999 -999
669 664 663 662 661 653 661 662 663 662 661 660 659 658 658 654 656 655 650 652 646 647 650 650 649 648 647 647 646 645 643 642 642 642 642 642 642 642 642 642 642 642 -999 -999 -999 -999 -999 -999 -999 -999 -999 -999 -999 -999 -999 -999 -999 -999 -999 -999 -999 -999 -999 -999 -999 -999 -999 -999 -999 -999 -999 -999 -999 -999 -999 -999 -999 -999 -999 -999 -999 -999 -999 -999 -999 -999 -999 -999 -999 -999 -999 -999 -999
666 668 667 666 666 655 656 650 645 658 654 660 659 658 658 657 656 656 655 650 651 648 649 648 649 648 647 647 646 645 632 642 642 642 642 642 642 642 642 642 642 642 -999 -999 -999 -999 -999 -999 -999 -999 -999 -999 -999 -999 -999 -999 -999 -999 -999 -999 -999 -999 -999 -999 -999 -999 -999 -999 -999 -999 -999 -999 -999 -999 -999 -999 -999 -999 -999 -999 -999 -999 -999 -999 -999 -999 -999 -999 -999 -999 -999 -999 -999
669 668 667 666 666 663 656 650 649 651 652 660 660 659 658 657 653 654 655 654 647 643 650 649 648 648 647 640 646 645 630 630 630 642 642 642 642 642 642 642 642 642 -999 -999 -999 -999 -999 -999 -999 -999 -999 -999 -999 -999 -999 -999 -999 -999 -999 -999 -999 -999 -999 -999 -999 -999 -999 -999 -999 -999 -999 -999 -999 -999 -999 -999 -999 -999 -999 -999 -999 -999 -999 -999 -999 -999 -999 -999 -999 -999 -999 -999 -999
669 665 667 666 666 663 659 660 662 656 653 659 653 655 658 657 655 655 653 654 651 650 651 649 649 647 646 643 642 645 630 630 630 630 630 642 642 642 642 642 642 642 -999 -999 -999 -999 -999 -999 -999 -999 -999 -999 -999 -999 -999 -999 -999 -999 -999 -999 -999 -999 -999 -999 -999 -999 -999 -999 -999 -999 -999 -999 -999 -999 -999 -999 -999 -999 -999 -999 -999 -999 -999 -999 -999 -999 -999 -999 -999 -999 -999 -999 -999
669 668 666 664 660 662 661 663 662 653 660 660 654 652 658 656 653 656 649 654 646 643 643 647 646 648 647 643 646 645 626 626 626 626 626 626 626 626 626 642 642 642 -999 -999 -999 -999 -999 -999 -999 -999 -999 -999 -999 -999 -999 -999 -999 -999 -999 -999 -999 -999 -999 -999 -999 -999 -999 -999 -999 -999 -999 -999 -999 -999 -999 -999 -999 -999 -999 -999 -999 -999 -999 -999 -999 -999 -999 -999 -999 -999 -999 -999 -999
669 669 666 666 666 665 661 655 655 655 660 660 655 657 657 652 656 649 645 644 641 642 649 651 642 644 648 647 646 641 626 626 626 626 626 626 626 626 626 626 626 642 -999 -999 -999 -999 -999 -999 -999 -999 -999 -999 -999 -999 -999 -999 -999 -999 -999 -999 -999 -999 -999 -999 -999 -999 -999 -999 -999 -999 -999 -999 -999 -999 -999 -999 -999 -999 -999 -999 -999 -999 -999 -999 -999 -999 -999 -999 -999 -999 -999 -999 -999
669 665 668 664 666 660 660 657 658 661 661 660 659 658 655 657 656 646 654 642 651 642 640 644 647 641 641 639 644 621 621 624 624 624 624 624 624 624 624 624 624 642 -999 -999 -999 -999 -999 -999 -999 -999 -999 -999 -999 -999 -999 -999 -999 -999 -999 -999 -999 -999 -999 -999 -999 -999 -999 -999 -999 -999 -999 -999 -999 -999 -999 -999 -999 -999 -999 -999 -999 -999 -999 -999 -999 -999 -999 -999 -999 -999 -999 -999 -999
667 667 668 667 656 663 647 661 663 662 661 660 659 658 658 649 656 651 655 653 651 652 648 649 650 647 647 647 643 621 624 624 624 624 624 624 624 624 624 624 624 628 628 628 628 628 628 628 628 628 -999 -999 -999 -999 -999 -999 -999 -999 -999 -999 -999 -999 -999 -999 -999 -999 -999 -999 -999 -999 -999 -999 -999 -999 -999 -999 -999 -999 -999 -999 -999 -999 -999 -999 -999 -999 -999 -999 -999 -999 -999 -999 -999
669 668 668 663 656 665 651 663 661 658 659 661 660 655 651 647 655 646 653 654 653 652 650 647 650 649 648 642 635 630 624 624 624 624 624 624 624 624 624 628 628 628 628 628 628 628 628 628 628 628 -999 -999 -999 -999 -999 -999 -999 -999 -999 -999 -999 -999 -999 -999 -999 -999 -999 -999 -999 -999 -999 -999 -999 -999 -999 -999 -999 -999 -999 -999 -999 -999 -999 -999 -999 -999 -999 -999 -999 -999 -999 -999 -999
659 668 668 664 666 661 654 659 648 648 652 655 658 659 659 658 657 651 650 653 653 652 652 651 648 649 648 647 642 636 636 620 620 620 620 620 620 620 626 628 628 628 628 628 628 628 628 628 628 628 -999 -999 -999 -999 -999 -999 -999 -999 -999 -999 -999 -999 -999 -999 -999 -999 -999 -999 -999 -999 -999 -999 -999 -999 -999 -999 -999 -999 -999 -999 -999 -999 -999 -999 -999 -999 -999 -999 -999 -999 -999 -999 -999
666 668 667 667 666 666 665 658 659 657 659 660 659 659 653 650 655 653 652 649 648 653 652 649 650 649 648 647 647 637 620 620 620 620 620 620 620 620 626 628 628 628 628 628 628 628 628 628 628 628 630 -999 -999 -999 -999 -999 -999 -999 -999 -999 -999 -999 -999 -999 -999 -999 -999 -999 -999 -999 -999 -999 -999 -999 -999 -999 -999 -999 -999 -999 -999 -999 -999 -999 -999 -999 -999 -999 -999 -999 -999 -999 -999
669 668 667 665 663 666 665 664 658 656 656 661 660 657 649 647 655 656 655 651 648 644 644 650 650 648 637 643 647 641 621 621 621 621 621 621 621 637 626 628 628 628 628 628 628 628 628 628 628 628 630 -999 -999 -999 -999 -999 -999 -999 -999 -999 -999 -999 -999 -999 -999 -999 -999 -999 -999 -999 -999 -999 -999 -999 -999 -999 -999 -999 -999 -999 -999 -999 -999 -999 -999 -999 -999 -999 -999 -999 -999 -999 -999
669 668 667 667 666 662 665 664 663 659 661 660 660 659 658 657 651 651 655 654 654 648 647 651 650 646 637 635 647 632 625 625 625 625 625 625 641 637 626 628 628 628 628 628 628 628 628 628 628 628 630 -999 -999 -999 -999 -999 -999 -999 -999 -999 -999 -999 -999 -999 -999 -999 -999 -999 -999 -999 -999 -999 -999 -999 -999 -999 -999 -999 -999 -999 -999 -999 -999 -999 -999 -999 -999 -999 -999 -999 -999 -999 -999
670 669 668 665 663 662 665 664 662 661 661 660 656 652 658 658 657 647 648 653 654 653 645 644 646 647 645 637 640 636 619 619 619 632 632 641 641 637 626 628 628 628 628 628 628 628 628 628 628 628 630 -999 -999 -999 -999 -999 -999 -999 -999 -999 -999 -999 -999 -999 -999 -999 -999 -999 -999 -999 -999 -999 -999 -999 -999 -999 -999 -999 -999 -999 -999 -999 -999 -999 -999 -999 -999 -999 -999 -999 -999 -999 -999
669 665 668 665 666 666 665 664 663 662 661 660 660 654 655 658 657 642 646 647 654 646 652 639 642 637 649 639 640 635 631 631 632 632 632 641 641 637 626 628 628 628 628 628 628 628 628 628 628 628 630 613 -999 -999 -999 -999 -999 -999 -999 -999 -999 -999 -999 -999 -999 -999 -999 -999 -999 -999 -999 -999 -999 -999 -999 -999 -999 -999 -999 -999 -999 -999 -999 -999 -999 -999 -999 -999 -999 -999 -999 -999 -999
669 668 667 666 666 665 665 664 663 662 662 661 660 649 653 658 648 656 639 644 648 653 642 641 644 648 645 643 639 634 633 632 632 632 637 641 641 637 626 628 628 628 628 628 628 628 628 628 628 628 630 613 610 -999 -999 -999 -999 -999 -999 -999 -999 -999 -999 -999 -999 -999 -999 -999 -999 -999 -999 -999 -999 -999 -999 -999 -999 -999 -999 -999 -999 -999 -999 -999 -999 -999 -999 -999 -999 -999 -999 -999 -999
669 668 668 667 666 666 664 664 663 662 661 655 660 660 655 657 655 648 643 652 643 652 652 648 650 648 646 638 637 646 637 631 631 637 625 641 641 637 626 628 628 628 628 628 628 628 628 628 630 630 630 610 610 615 -999 -999 -999 -999 -999 -999 -999 -999 -999 -999 -999 -999 -999 -999 -999 -999 -999 -999 -999 -999 -999 -999 -999 -999 -999 -999 -999 -999 -999 -999 -999 -999 -999 -999 -999 -999 -999 -999 -999
664 667 667 667 666 665 664 664 663 662 661 661 660 660 656 653 650 649 650 652 641 644 645 650 643 647 646 645 634 640 621 620 637 637 625 641 641 637 626 628 628 628 628 628 628 630 630 630 630 630 623 623 623 623 623 623 623 623 623 623 -999 -999 -999 -999 -999 -999 -999 -999 -999 -999 -999 -999 -999 -999 -999 -999 -999 -999 -999 -999 -999 -999 -999 -999 -999 -999 -999 -999 -999 -999 -999 -999 -999
669 663 668 667 665 664 664 664 663 662 661 661 660 660 656 658 647 649 655 654 648 652 647 648 645 638 644 647 637 634 614 617 626 623 625 626 634 624 623 636 636 636 630 630 630 630 630 630 630 623 623 623 623 623 623 623 623 623 623 623 627 -999 -999 -999 -999 -999 -999 -999 -999 -999 -999 -999 -999 -999 -999 -999 -999 -999 -999 -999 -999 -999 -999 -999 -999 -999 -999 -999 -999 -999 -999 -999 -999
669 668 666 660 666 664 663 663 663 662 661 661 660 659 659 658 655 654 655 654 652 651 643 648 647 648 644 642 640 629 626 616 619 617 628 635 639 635 638 636 636 630 630 630 630 630 630 630 630 623 623 623 623 623 623 623 623 623 623 627 627 -999 -999 -999 -999 -999 -999 -999 -999 -999 -999 -999 -999 -999 -999 -999 -999 -999 -999 -999 -999 -999 -999 -999 -999 -999 -999 -999 -999 -999 -999 -999 -999
668 668 662 666 661 665 664 663 663 662 661 661 660 659 659 658 657 656 656 654 652 641 640 639 642 650 646 639 637 631 628 622 632 624 634 634 633 633 637 633 630 630 630 630 630 630 630 630 623 623 623 623 623 623 623 623 623 623 627 627 627 624 624 -999 -999 -999 -999 -999 -999 -999 -999 -999 -999 -999 -999 -999 -999 -999 -999 -999 -999 -999 -999 -999 -999 -999 -999 -999 -999 -999 -999 -999 -999
669 668 667 666 664 665 664 663 663 663 662 657 660 659 653 658 657 657 656 655 654 646 643 644 646 648 639 629 632 633 624 637 632 634 643 632 622 628 637 625 622 622 622 622 622 622 610 632 623 623 623 623 623 623 623 623 623 627 627 627 624 624 624 626 -999 -999 -999 -999 -999 -999 -999 -999 -999 -999 -999 -999 -999 -999 -999 -999 -999 -999 -999 -999 -999 -999 -999 -999 -999 -999 -999 -999 -999
667 668 666 666 666 665 664 663 662 662 662 661 656 656 655 658 657 656 656 655 654 653 646 651 650 649 649 640 636 636 638 642 636 637 641 632 634 633 633 625 622 622 622 613 613 610 610 632 623 623 623 623 623 623 623 623 627 627 627 624 624 624 626 626 -999 -999 -999 -999 -999 -999 -999 -999 -999 -999 -999 -999 -999 -999 -999 -999 -999 -999 -999 -999 -999 -999 -999 -999 -999 -999 -999 -999 -999
664 667 664 661 666 665 664 663 661 662 662 661 660 659 656 658 657 656 656 655 654 653 652 651 650 643 649 649 643 645 641 642 643 641 640 633 636 636 637 630 622 622 613 613 610 610 632 632 623 623 623 623 623 623 623 627 627 627 624 624 624 626 626 626 625 -999 -999 -999 -999 -999 -999 -999 -999 -999 -999 -999 -999 -999 -999 -999 -999 -999 -999 -999 -999 -999 -999 -999 -999 -999 -999 -999 -999
668 667 667 666 665 665 664 663 663 662 662 658 660 659 658 657 658 657 656 655 655 653 653 651 651 648 649 644 643 644 645 640 643 643 640 632 630 628 625 615 617 613 613 610 610 615 632 632 623 623 623 623 623 623 627 627 627 624 624 624 626 626 626 626 625 -999 -999 -999 -999 -999 -999 -999 -999 -999 -999 -999 -999 -999 -999 -999 -999 -999 -999 -999 -999 -999 -999 -999 -999 -999 -999 -999 -999
668 667 661 666 665 663 664 663 663 662 659 661 661 660 659 658 657 657 656 655 654 654 653 652 651 650 649 640 643 642 644 639 638 642 642 637 627 625 633 628 628 624 610 610 615 632 632 632 623 623 623 623 623 627 627 627 624 624 624 626 626 626 626 626 625 -999 -999 -999 -999 -999 -999 -999 -999 -999 -999 -999 -999 -999 -999 -999 -999 -999 -999 -999 -999 -999 -999 -999 -999 -999 -999 -999 -999
663 656 664 666 665 664 664 664 663 663 660 661 661 660 659 658 658 657 656 655 655 654 653 652 651 650 649 648 648 647 646 645 645 642 635 632 637 636 631 629 628 620 611 615 615 632 632 624 623 623 623 623 627 627 627 624 624 624 626 626 626 626 626 626 625 626 -999 -999 -999 -999 -999 -999 -999 -999 -999 -999 -999 -999 -999 -999 -999 -999 -999 -999 -999 -999 -999 -999 -999 -999 -999 -999 -999
668 666 664 666 663 664 664 664 663 657 662 656 655 660 659 658 657 656 656 655 654 648 653 652 651 650 649 649 648 647 647 646 643 644 643 642 642 625 628 627 632 620 619 610 626 632 632 624 623 623 623 627 627 627 624 624 624 626 626 626 626 626 626 626 625 626 624 -999 -999 -999 -999 -999 -999 -999 -999 -999 -999 -999 -999 -999 -999 -999 -999 -999 -999 -999 -999 -999 -999 -999 -999 -999 -999
668 658 667 666 665 664 663 663 663 660 662 658 660 660 657 658 657 656 656 655 654 651 653 652 651 645 649 649 642 647 642 641 642 639 643 642 640 636 630 606 626 638 627 622 610 632 632 624 624 621 627 627 627 624 624 624 626 626 626 626 626 626 625 625 625 624 624 624 -999 -999 -999 -999 -999 -999 -999 -999 -999 -999 -999 -999 -999 -999 -999 -999 -999 -999 -999 -999 -999 -999 -999 -999 -999
668 668 667 658 656 663 663 663 664 663 662 662 661 660 660 655 658 657 656 655 654 654 653 652 651 650 649 649 648 647 647 646 645 634 640 642 633 634 638 627 634 637 627 627 625 635 634 632 628 626 629 629 624 624 624 626 626 626 626 626 625 625 625 625 625 624 624 624 624 -999 -999 -999 -999 -999 -999 -999 -999 -999 -999 -999 -999 -999 -999 -999 -999 -999 -999 -999 -999 -999 -999 -999 -999
668 667 667 666 665 665 664 663 663 663 659 662 661 660 658 658 658 657 647 644 654 654 653 652 651 645 646 648 648 646 646 646 644 640 643 642 634 631 635 639 637 634 637 627 624 631 634 633 632 631 625 629 624 624 626 626 626 626 625 625 625 625 625 625 625 624 624 624 624 623 -999 -999 -999 -999 -999 -999 -999 -999 -999 -999 -999 -999 -999 -999 -999 -999 -999 -999 -999 -999 -999 -999 -999
668 668 667 666 665 665 664 663 663 654 662 661 661 660 659 659 656 657 656 655 655 654 653 653 651 650 649 648 648 647 646 645 645 644 643 643 640 636 632 633 626 629 629 629 628 628 627 633 632 631 629 620 608 626 626 626 625 625 625 625 625 625 625 625 624 624 618 618 618 618 618 528 528 528 528 528 528 528 528 528 528 528 528 528 528 528 528 528 528 528 528 -999 -999
668 667 667 666 666 665 663 663 662 662 662 662 655 660 659 659 658 657 656 656 655 654 653 652 652 645 650 649 644 647 646 645 645 644 643 643 635 641 640 634 639 635 634 637 633 623 622 628 627 632 631 629 616 623 623 625 625 625 625 625 625 625 624 624 624 618 618 620 620 620 620 528 528 528 528 528 528 528 528 528 528 528 528 528 528 528 528 528 528 528 528 -999 -999
668 668 667 666 666 665 664 664 663 662 662 662 661 660 659 658 658 657 656 656 655 654 651 647 650 651 650 649 648 647 646 645 645 644 643 643 642 640 640 637 629 638 637 636 633 635 631 633 630 632 631 630 623 608 625 625 625 625 625 625 624 624 624 624 624 618 618 620 620 620 620 528 528 528 528 528 528 528 528 528 528 528 528 528 528 528 528 528 528 528 528 -999 -999
669 668 668 667 666 665 664 664 663 662 662 662 661 660 659 659 658 657 653 655 655 655 653 653 649 651 650 649 648 647 646 645 644 643 642 642 642 641 640 640 639 638 635 636 636 635 634 633 633 632 631 627 629 623 625 625 625 626 626 624 624 624 624 624 618 618 620 620 620 620 620 620 528 528 528 528 528 528 528 528 528 528 528 528 528 528 528 528 528 528 528 -999 -999
669 668 668 667 666 665 664 662 663 663 657 661 661 660 660 659 658 657 656 655 654 654 653 653 652 651 651 650 648 647 646 645 644 643 643 642 642 639 640 640 638 634 632 633 633 635 634 633 633 629 631 627 629 629 627 627 626 626 624 624 624 624 624 618 618 618 620 620 620 620 620 620 460 528 528 528 528 528 528 528 528 528 528 528 528 528 528 528 528 528 528 -999 -999
669 668 668 667 666 665 665 664 662 662 661 662 661 660 659 659 658 657 654 650 654 653 651 653 652 651 650 649 648 647 646 646 644 643 643 642 642 641 640 640 639 638 637 636 633 632 634 633 633 632 628 631 630 629 623 626 626 624 624 624 624 624 624 618 618 620 620 620 620 620 620 619 460 460 528 528 528 528 528 528 528 528 528 528 528 528 528 528 528 528 528 599 -999
669 668 668 667 666 665 665 664 661 662 660 659 661 660 660 659 658 657 656 655 654 653 653 652 651 649 650 650 649 648 647 646 645 644 643 642 642 641 640 639 639 638 634 636 635 635 633 634 633 632 631 631 630 624 623 623 624 624 624 624 624 624 618 618 618 620 620 620 620 620 619 619 460 460 460 528 528 528 528 528 528 528 528 528 528 528 528 528 528 528 528 599 -999
669 668 668 667 666 665 665 664 663 661 661 656 661 660 659 658 658 657 653 655 654 653 653 649 652 651 650 649 645 648 647 646 640 644 644 643 641 641 640 639 639 638 636 637 635 635 635 634 633 632 632 631 630 627 628 627 626 624 624 624 624 623 618 618 620 620 620 620 620 619 619 619 460 460 460 460 528 528 528 528 528 528 528 528 528 528 528 528 528 528 528 599 -999
669 668 667 667 666 665 665 664 663 657 661 661 661 660 659 658 658 657 651 654 654 653 653 652 652 651 650 649 648 648 643 646 645 644 644 643 642 641 640 640 639 638 637 637 636 635 635 634 633 632 632 631 629 622 624 627 618 625 624 624 623 618 618 618 620 620 620 620 619 619 619 619 460 460 460 460 460 528 528 528 528 528 528 528 528 528 528 528 528 528 528 599 -999
669 663 667 667 666 665 665 664 664 663 662 661 660 660 658 659 658 657 656 654 654 653 652 652 651 648 650 649 648 647 645 646 645 644 642 643 642 642 641 640 639 638 637 637 636 635 635 634 633 632 632 631 619 626 629 628 624 626 625 623 623 618 618 620 620 620 620 619 619 619 619 619 460 460 460 460 460 460 528 528 528 528 528 528 528 528 528 528 528 528 528 599 -999
