prediction/untitled folder/solar_ghi_19900101_09UT.txt
NCOLS 839
NROWS 679
XLLCORNER 112.025005
YLLCORNER -43.9750009
CELLSIZE 0.0499954
NODATA_VALUE -999
[rows 220 to 274 of 679, columns 96 to 191 of 839]
193 183 189 183 183 189 190 189 189 188 187 186 185 185 184 183 182 181 182 181 180 179 178 173 172 171 176 175 174 171 171 171 169 168 169 168 168 167 166 166 163 164 164 163 160 159 158 155 155 155 157 155 155 155 154 153 152 152 151 150 150 147 148 146 142 146 145 139 139 141 138 139 141 140 140 139 138 137 136 136 135 131 131 118 128 131 130 130 127 126 123 101 96 119 125 124
147 150 169 164 171 182 182 187 189 188 187 186 186 185 184 183 182 182 181 182 180 179 178 177 173 174 176 175 172 173 172 172 171 168 168 167 167 167 165 166 152 164 165 159 160 159 158 158 152 138 146 156 156 155 154 153 153 150 151 151 150 149 147 148 145 146 140 120 126 143 142 142 141 140 140 139 138 137 136 136 135 133 132 133 132 132 129 130 130 129 128 119 120 124 125 125
121 138 157 160 165 172 182 190 189 188 188 187 186 185 184 183 184 183 182 182 180 179 179 179 175 177 177 176 174 173 170 172 171 170 167 167 168 167 165 162 153 162 155 145 160 157 159 151 147 149 151 157 156 155 154 154 153 152 152 151 150 149 149 148 147 144 132 120 138 144 143 142 141 141 140 139 138 138 137 136 136 135 134 133 133 132 131 131 130 129 128 128 127 126 126 125
106 123 135 146 157 165 184 188 189 188 188 187 186 185 184 184 184 184 182 181 181 180 180 179 177 178 177 175 174 174 173 172 171 171 170 169 168 168 167 166 165 165 162 162 162 161 161 160 159 158 158 157 156 156 155 154 153 153 152 151 151 150 149 148 147 147 146 145 145 144 143 142 142 141 140 140 139 138 137 137 136 135 135 134 133 132 129 131 130 129 129 128 127 120 126 123
155 166 180 187 188 191 191 190 189 189 188 187 186 185 185 184 183 182 182 181 180 179 179 178 177 177 176 175 174 174 173 172 172 171 170 169 169 168 167 167 158 149 156 164 162 163 161 160 159 159 158 157 157 156 148 143 154 153 152 147 151 145 144 149 148 131 130 141 141 142 144 143 142 141 141 140 139 138 138 137 136 136 135 134 133 133 130 131 131 130 129 128 128 127 126 126
189 196 195 191 191 190 191 190 190 189 188 187 187 186 185 180 184 184 183 180 176 181 179 180 179 178 176 177 175 174 173 173 172 171 170 170 167 162 165 163 150 147 158 163 163 162 161 161 160 159 158 157 157 156 155 155 154 153 153 152 151 150 150 149 148 147 147 146 145 145 144 143 142 142 141 140 139 139 138 137 137 136 135 134 134 133 132 132 131 130 129 129 128 127 127 126
178 189 190 189 191 192 192 191 190 189 188 188 187 186 185 184 184 183 182 181 181 180 179 178 178 177 176 176 175 174 173 173 172 171 171 170 169 168 168 167 166 165 165 164 163 162 161 161 160 159 159 158 157 156 156 155 154 154 153 152 151 151 150 149 148 148 147 146 145 145 144 143 143 142 141 140 140 139 138 138 137 136 136 135 134 133 133 132 131 130 130 129 128 128 127 126
197 196 195 194 194 193 192 191 190 189 189 188 187 186 185 185 184 183 182 182 181 180 179 179 178 177 177 176 175 175 174 173 172 172 171 170 169 168 168 167 166 166 165 164 163 162 162 161 160 160 159 158 157 157 156 155 155 154 153 152 152 151 150 149 149 148 147 147 146 145 144 144 143 142 142 141 140 139 139 138 137 137 136 135 134 134 133 132 132 131 130 129 129 128 127 126
197 196 195 194 194 193 192 191 191 190 189 188 187 187 186 185 184 183 183 182 181 180 180 179 178 177 177 176 175 175 174 173 172 172 171 170 170 169 168 167 167 166 165 165 164 163 162 158 157 160 159 159 158 140 119 129 155 154 153 153 146 138 103 113 147 148 148 147 146 145 145 142 72 137 142 141 140 140 139 138 137 137 132 126 128 129 129 132 132 131 124 127 127 123 122 123
197 196 196 195 194 193 192 192 191 190 189 188 188 187 186 185 185 184 183 182 182 181 180 179 175 141 148 178 177 172 161 174 174 173 168 169 170 165 162 163 163 162 164 157 161 161 157 139 128 150 156 158 154 143 140 147 150 114 154 153 151 138 140 146 149 149 148 147 147 144 134 144 142 139 142 136 141 140 137 137 138 137 126 118 126 127 130 132 132 131 116 128 127 125 128 120
197 187 193 193 195 194 193 189 184 190 190 190 189 187 187 186 185 185 184 183 182 179 178 181 179 160 170 177 176 177 172 168 171 174 173 172 170 147 158 164 163 164 158 152 160 164 158 144 126 135 141 156 158 158 157 154 150 144 152 133 141 143 132 150 144 147 137 138 147 133 94 105 139 112 137 138 141 140 108 130 133 138 137 136 135 129 129 133 133 130 121 131 130 127 128 121
198 194 196 196 195 194 193 185 185 191 190 190 189 187 187 186 186 185 185 184 182 181 181 180 180 132 170 178 177 175 171 167 171 174 173 171 171 170 168 166 165 167 163 162 165 162 154 140 143 106 142 161 152 154 150 140 139 144 136 117 137 138 129 151 145 149 147 141 131 138 127 126 136 130 122 103 114 139 109 121 139 138 137 137 133 135 135 132 133 128 126 131 128 130 129 128
196 197 192 193 195 194 193 192 192 191 191 190 189 188 187 186 186 186 185 184 183 182 181 181 180 171 171 178 176 176 176 153 155 174 173 171 167 170 170 164 164 165 164 164 165 160 143 129 139 133 159 161 151 153 149 104 104 139 135 125 131 120 115 144 149 150 148 143 144 103 130 129 113 108 122 118 103 137 140 140 139 138 138 135 127 136 135 135 134 133 132 131 131 130 129 128
196 194 194 194 195 194 193 193 192 191 191 190 190 188 187 187 187 185 185 184 183 182 181 181 181 179 173 178 178 177 176 172 175 174 174 170 167 171 162 147 169 161 167 166 164 163 152 154 160 160 161 160 159 159 158 138 145 155 155 154 153 149 152 151 151 150 149 148 148 147 146 146 145 144 143 143 142 141 141 140 139 139 138 137 136 136 135 134 134 133 132 132 131 130 129 129
196 189 190 196 195 194 194 193 192 191 190 189 189 188 187 186 186 185 184 184 183 182 182 181 180 179 179 178 177 176 176 175 174 173 172 172 171 170 170 169 168 168 167 166 165 165 164 163 163 162 159 155 158 159 157 154 155 156 148 151 154 153 143 145 151 150 150 149 144 145 147 146 141 144 144 141 124 131 141 140 140 139 138 135 112 137 137 135 134 128 132 132 131 130 130 129
198 198 197 196 195 194 194 193 192 191 190 190 189 188 187 187 186 185 185 184 183 182 182 181 180 179 179 178 177 177 176 175 174 175 174 174 173 171 170 169 170 168 167 167 166 165 163 162 160 157 145 142 154 159 154 154 155 156 150 155 154 153 149 152 151 150 150 149 148 148 147 146 145 145 144 143 143 142 141 141 140 139 138 138 137 136 136 135 134 134 133 132 132 131 130 130
199 198 172 192 195 193 176 184 192 190 191 190 189 188 188 187 186 185 185 184 183 182 182 181 181 180 179 178 178 177 176 175 175 174 173 172 172 171 170 169 169 168 167 167 166 165 165 164 163 162 162 161 160 160 159 158 157 156 156 155 154 153 153 152 151 151 150 149 149 148 147 147 146 145 144 144 143 142 142 141 140 140 139 138 137 137 136 135 135 134 133 133 132 131 131 130
199 198 197 197 196 195 194 193 193 192 191 190 189 188 188 187 187 186 185 184 184 183 182 181 181 180 179 179 178 177 176 176 175 174 173 173 172 171 170 170 169 168 168 167 166 165 165 164 163 163 162 161 161 160 159 158 157 157 156 155 155 154 153 152 152 151 150 150 149 148 147 147 146 145 145 144 143 143 142 141 141 140 139 138 138 137 136 136 135 134 134 133 132 131 131 130
199 198 197 197 196 195 194 193 193 192 191 191 190 189 188 187 187 186 185 184 184 183 182 182 181 180 180 179 178 177 176 176 175 174 174 173 172 171 171 170 169 169 168 167 166 166 165 164 164 163 162 161 161 160 158 157 158 157 154 156 155 152 151 153 152 151 151 150 149 144 148 145 146 146 145 144 142 143 142 142 129 140 140 139 137 136 121 111 127 136 135 135 133 130 131 131
200 199 198 197 196 196 195 194 193 192 192 191 190 189 188 188 187 186 185 185 184 183 182 182 182 179 180 179 178 177 177 176 175 175 174 173 173 173 172 170 171 169 168 169 168 168 167 166 160 152 157 162 157 141 135 136 156 143 139 144 146 145 148 153 152 152 151 150 150 143 144 142 147 146 138 137 144 144 143 140 136 139 140 140 137 131 131 103 127 133 136 134 131 134 132 131
200 194 191 183 187 185 174 173 172 193 181 176 182 185 189 188 181 170 186 185 185 185 178 180 172 173 180 180 178 178 179 178 176 176 174 175 174 173 172 171 171 170 169 169 169 166 167 163 149 152 159 158 152 159 157 158 151 150 148 139 150 155 154 153 153 152 149 151 148 149 146 138 131 142 136 141 144 134 127 135 142 141 141 137 124 135 138 129 133 136 135 129 131 133 132 129
200 199 198 196 197 196 181 162 169 171 135 161 186 187 187 188 166 170 186 185 183 182 170 184 175 175 179 181 180 179 179 178 177 177 176 175 173 173 169 172 172 171 170 170 167 168 164 108 141 160 158 133 138 149 146 150 142 135 143 155 156 155 154 154 153 150 149 149 148 150 147 141 119 147 146 120 140 142 139 141 142 141 131 126 133 121 118 138 138 103 132 135 115 129 130 129
132 191 199 116 190 196 195 194 192 177 164 185 173 151 165 180 188 187 186 181 178 180 174 184 183 149 177 181 180 179 179 177 177 177 175 176 175 173 173 172 172 171 169 168 169 168 165 138 87 158 163 155 139 144 153 156 155 138 113 151 156 155 155 150 149 148 145 146 145 142 144 141 142 147 147 134 123 145 144 143 142 140 135 136 118 96 135 134 122 128 136 135 132 128 130 132
128 167 195 161 105 157 194 195 194 153 144 182 182 141 116 165 188 187 186 177 178 184 180 184 180 151 182 181 180 179 178 178 178 177 176 173 170 174 173 173 169 172 169 169 169 168 168 164 159 163 162 157 156 158 155 157 156 141 138 155 156 156 155 145 154 146 138 144 141 141 133 135 141 124 133 146 136 142 140 144 143 142 142 127 121 131 138 133 121 118 130 136 134 134 134 127
122 164 170 130 98 81 167 195 176 100 133 120 136 183 181 172 188 188 187 186 186 175 178 183 182 182 181 180 179 179 178 179 178 178 177 173 172 172 174 170 172 170 170 169 169 156 155 167 167 166 163 162 142 160 157 155 158 114 117 150 155 154 148 151 154 149 145 130 147 145 133 139 134 129 137 141 138 145 143 144 142 142 142 137 138 129 133 138 138 137 136 136 135 135 134 131
170 176 155 146 110 110 190 195 193 182 153 106 147 162 180 189 188 188 187 186 166 148 178 183 183 182 182 178 180 180 180 179 177 176 177 173 173 174 174 171 167 172 170 171 168 166 152 159 166 161 155 160 163 164 161 161 160 82 117 144 152 140 123 143 150 144 136 123 142 151 128 145 143 146 148 135 134 146 146 143 143 138 142 142 141 138 137 136 134 135 137 136 136 135 132 134
157 103 124 179 186 195 196 196 195 185 102 76 76 140 190 189 189 188 185 140 94 174 184 184 183 182 180 180 180 181 179 178 177 177 177 173 175 174 172 169 170 172 172 165 169 156 165 167 166 166 166 165 164 164 162 161 160 152 136 132 151 148 149 154 143 135 153 151 138 146 99 148 127 145 148 135 141 146 146 143 141 141 136 113 135 140 108 131 139 138 137 137 136 131 130 131
137 92 60 179 197 193 196 196 195 186 104 59 58 136 190 190 189 188 136 94 149 179 185 184 183 181 182 181 181 180 175 179 179 178 174 174 173 172 171 173 170 172 172 168 171 165 168 167 167 166 154 134 149 164 162 161 155 131 126 144 152 157 134 146 147 151 150 141 136 135 131 148 121 147 146 141 147 146 139 138 144 144 136 128 139 135 93 140 139 138 138 137 136 136 135 135
114 111 87 164 160 108 173 196 195 184 103 80 104 156 191 190 189 190 85 81 138 187 185 184 184 162 182 181 181 180 179 178 179 179 178 174 176 174 170 171 170 173 167 164 171 170 166 161 167 167 161 134 156 161 164 162 161 153 122 114 158 157 91 139 154 155 132 98 101 116 135 151 150 145 126 148 147 147 133 142 145 129 124 128 132 133 121 140 140 139 138 138 137 133 136 135
103 137 152 155 90 79 138 186 194 186 90 91 146 168 191 190 189 189 79 133 178 186 185 184 184 183 182 179 181 180 179 180 179 178 174 175 174 173 168 172 170 172 167 169 171 171 169 168 168 167 167 155 162 161 164 162 138 101 107 142 158 150 108 123 153 153 149 152 105 104 140 149 150 142 123 146 141 147 144 146 145 127 111 121 135 137 136 141 140 139 139 138 137 137 136 136
116 108 156 121 79 63 91 137 140 177 129 161 178 191 191 190 190 182 180 166 185 186 185 185 184 183 182 182 181 181 180 179 179 179 178 174 176 173 172 171 168 173 171 170 171 170 168 168 168 168 167 163 166 165 159 156 152 91 123 148 142 151 154 147 130 143 155 150 80 133 130 144 147 144 145 139 138 145 147 145 125 140 125 135 130 123 132 141 140 140 139 138 138 132 136 136
166 128 172 136 105 84 84 100 121 188 185 172 151 182 180 147 122 129 126 146 160 186 186 185 150 170 183 182 182 181 180 174 179 178 179 174 174 174 175 172 169 174 172 171 170 171 170 170 169 168 168 167 166 160 139 156 160 151 130 145 152 157 158 155 149 148 151 110 124 151 127 148 122 136 142 143 144 143 147 141 113 140 138 141 122 125 129 136 140 132 133 139 138 137 137 136
203 203 201 156 187 103 82 93 162 193 182 166 184 191 183 147 95 101 130 145 188 187 186 94 134 180 184 183 182 181 174 152 179 179 175 178 177 177 176 175 175 174 172 171 170 171 170 170 169 169 164 162 161 161 156 153 156 156 155 134 136 149 109 128 155 144 118 99 88 153 153 150 151 151 148 149 149 148 147 147 141 141 130 132 135 143 132 139 141 125 131 132 134 138 137 137
201 192 171 154 190 99 82 136 197 196 190 194 193 193 190 177 111 93 83 108 179 187 186 184 185 185 184 183 182 181 180 178 176 177 176 176 175 176 176 176 174 173 172 172 171 171 169 169 169 167 164 164 163 163 162 154 132 147 161 155 126 152 139 148 157 156 130 86 109 152 151 145 152 151 131 146 147 148 148 147 146 139 128 122 136 117 120 133 124 126 135 129 136 138 137 137
204 182 165 181 152 90 88 193 197 196 196 194 194 193 192 183 108 93 131 165 166 133 140 186 185 184 184 183 182 182 181 140 126 157 170 168 177 176 176 176 175 173 172 172 172 170 170 171 170 169 168 146 159 166 162 156 156 160 161 161 151 80 149 151 155 157 141 111 128 146 141 141 150 149 147 140 149 145 148 147 142 141 137 135 127 92 107 105 101 134 140 123 124 135 138 130
199 198 195 180 129 87 89 198 197 196 195 186 191 193 192 152 82 93 160 183 116 93 107 165 185 185 184 170 179 182 175 143 106 144 174 175 176 177 176 175 174 173 173 172 172 172 170 171 170 169 166 146 164 166 155 160 163 162 162 161 157 148 157 154 152 157 154 154 149 98 82 120 138 119 111 151 148 132 146 146 137 142 138 137 132 134 130 110 127 141 138 120 125 132 138 129
158 166 149 140 107 92 131 198 196 188 182 184 192 185 178 101 58 81 169 189 171 167 179 186 186 185 184 184 183 178 158 162 111 168 161 170 172 169 175 175 174 174 173 172 172 171 171 170 169 170 169 168 162 167 111 149 161 163 162 161 161 160 147 117 156 157 157 156 153 129 91 133 150 115 99 145 150 143 123 148 133 141 132 141 125 134 141 143 142 142 139 134 127 122 136 138
88 83 127 192 195 185 192 194 182 157 160 195 193 166 145 58 58 82 151 179 189 188 187 187 186 185 185 184 183 176 149 126 145 87 173 167 137 152 172 175 175 174 174 173 174 173 171 171 170 170 158 152 165 162 134 156 159 163 162 162 161 160 150 149 158 156 153 144 150 151 150 154 138 140 150 149 140 133 130 148 143 118 124 143 145 136 139 138 138 140 141 132 108 107 128 138
104 105 116 176 201 200 199 192 161 153 182 195 191 155 119 58 58 84 132 169 172 180 188 187 186 185 185 184 153 117 101 84 80 111 168 148 163 153 163 174 175 174 174 173 172 173 172 172 171 170 144 153 165 164 165 165 162 163 163 162 161 161 160 147 149 154 151 149 152 153 140 144 149 153 148 111 131 148 145 145 146 141 147 146 146 142 144 126 134 138 142 134 108 99 124 139
97 135 172 186 199 200 199 197 179 188 195 194 171 114 86 59 58 58 87 122 123 155 188 187 186 186 123 180 156 94 96 87 79 107 172 168 178 165 158 174 176 175 174 173 173 172 172 171 169 171 170 169 163 165 167 165 164 164 163 162 162 161 148 145 155 158 151 149 146 132 125 134 154 153 153 150 151 146 148 147 123 122 147 147 144 141 145 144 143 143 142 142 128 117 128 139
165 151 132 158 195 196 188 154 142 183 188 176 109 84 75 59 58 58 79 86 79 145 188 186 174 156 124 181 175 102 99 84 85 121 171 180 178 167 133 152 177 175 174 174 173 173 173 172 172 171 170 170 158 163 168 165 165 164 163 163 162 161 151 158 159 159 156 153 149 141 126 117 144 149 140 152 152 151 142 145 119 131 148 144 144 146 145 144 144 143 142 142 136 133 136 136
171 147 174 197 174 164 168 125 132 194 176 144 128 114 86 59 58 77 81 87 86 154 174 118 137 165 163 185 177 118 85 78 56 90 164 179 172 168 175 161 176 175 165 175 173 174 172 173 172 170 170 167 129 169 166 166 165 164 164 163 162 162 161 160 160 159 158 150 151 152 148 144 131 120 149 149 152 151 151 145 139 146 143 130 127 128 132 145 142 135 143 142 142 141 140 128
201 200 203 203 202 197 193 191 184 173 188 152 124 166 94 86 88 83 87 159 139 139 116 87 172 179 181 185 179 133 83 75 56 106 127 150 151 170 178 177 176 176 176 174 173 173 173 173 171 170 169 169 170 169 168 166 167 165 164 163 163 162 161 161 160 159 159 152 157 157 148 151 137 136 149 153 152 152 151 148 141 146 141 134 142 146 135 134 144 144 143 143 142 141 140 126
205 204 204 203 202 201 199 196 192 191 195 182 148 155 166 100 126 129 164 153 102 110 89 96 156 177 186 185 183 126 81 89 116 106 82 80 146 179 178 173 160 169 175 171 174 174 173 172 171 171 170 169 168 168 167 166 166 167 165 164 163 162 162 159 160 160 159 158 158 157 152 156 145 134 146 153 153 152 151 151 143 116 149 145 147 144 146 145 145 144 144 143 139 142 141 140
205 205 204 203 202 201 199 196 186 190 179 152 144 159 188 166 116 179 191 137 105 107 106 91 111 183 186 186 185 127 100 111 83 56 116 131 169 180 179 176 150 158 176 171 159 162 173 173 171 171 170 171 169 168 169 168 166 167 165 164 163 163 162 161 161 160 159 159 158 158 157 156 114 139 152 154 153 152 152 143 127 139 126 137 132 147 147 146 145 144 144 143 143 142 141 141
206 205 204 203 203 202 201 197 193 197 177 129 118 161 194 190 186 172 179 171 181 184 147 97 103 160 182 186 185 172 137 123 78 62 99 164 180 178 179 176 169 170 174 176 173 172 175 172 172 171 166 171 169 169 169 169 166 168 163 164 164 163 163 160 161 161 160 157 154 158 155 138 110 155 155 154 153 153 152 145 146 137 123 142 146 148 147 146 146 145 144 144 143 142 142 141
206 205 204 204 203 202 201 200 200 197 198 183 136 144 174 179 173 189 168 192 191 190 159 86 80 105 148 166 186 168 134 153 96 85 128 177 180 179 179 176 170 175 176 174 174 172 172 171 164 171 171 170 171 170 170 168 168 168 167 165 164 163 161 158 162 161 160 155 154 158 151 136 135 155 155 154 154 153 152 141 143 127 120 138 148 148 147 146 146 145 145 144 143 143 142 142
206 205 205 204 201 202 201 201 200 199 198 198 171 171 181 178 178 182 184 192 191 191 185 58 70 89 102 144 174 147 157 168 141 159 177 182 181 180 177 167 153 178 177 174 175 175 174 173 173 172 171 170 170 169 168 168 167 167 168 165 165 164 163 163 162 161 161 160 159 159 158 149 148 156 155 152 146 153 153 144 150 142 135 141 149 148 148 147 146 146 145 144 144 143 143 142
206 205 205 204 203 202 202 201 200 199 198 198 195 187 191 194 192 178 184 192 191 191 183 80 74 99 160 167 172 181 182 184 183 183 182 182 158 163 173 144 112 158 177 176 175 107 168 173 173 172 170 171 170 171 169 168 167 167 167 166 165 164 164 163 162 162 161 160 160 159 158 153 154 156 156 152 146 154 153 152 152 146 146 150 149 149 148 147 147 146 145 145 144 144 143 142
207 206 205 204 203 203 202 201 200 199 199 198 197 197 168 136 192 190 190 192 192 191 152 85 97 149 181 135 144 158 171 184 181 177 181 158 88 154 160 82 83 151 177 175 132 133 174 174 173 173 172 171 171 170 169 168 168 167 167 166 165 164 164 163 162 162 159 161 160 159 159 127 152 157 156 148 146 154 153 153 152 149 151 150 150 149 148 148 147 146 146 145 144 144 143 143
207 206 205 204 204 203 202 201 200 199 199 198 197 190 148 112 163 194 193 193 192 140 125 152 147 175 184 153 153 159 168 178 173 173 176 128 90 174 123 56 76 127 169 139 115 157 175 174 173 173 172 172 171 171 171 169 168 168 167 166 166 165 164 164 163 156 153 161 160 160 156 112 156 155 156 140 148 152 145 144 152 152 151 151 150 146 146 148 147 147 146 145 145 144 144 143
207 206 205 205 204 203 202 202 201 172 185 198 198 153 109 115 158 188 194 193 192 185 181 186 190 189 188 183 136 128 151 183 178 177 183 174 154 171 118 82 86 133 140 108 101 127 157 168 174 173 172 170 163 172 168 167 168 168 167 167 166 165 165 164 163 163 154 157 161 160 159 159 158 150 157 156 151 150 138 142 153 152 152 151 150 150 146 148 148 147 146 146 145 144 144 143
207 206 206 205 204 203 203 200 199 189 191 163 177 129 102 128 177 191 186 192 192 192 191 191 190 189 178 122 79 57 101 183 176 184 183 183 182 177 164 163 174 141 109 97 85 99 130 164 174 173 173 171 147 128 152 168 170 169 168 167 166 166 165 164 164 142 158 162 161 160 160 159 158 158 157 157 149 155 155 151 153 153 152 151 151 150 149 149 148 147 147 146 146 145 144 144
198 207 206 205 193 194 189 200 201 200 175 135 187 157 153 167 189 191 186 185 184 181 187 187 190 172 180 167 83 68 155 174 163 184 183 143 160 182 181 181 170 147 99 108 102 106 151 142 161 174 173 172 163 155 143 170 169 169 168 167 167 166 165 165 164 163 163 162 161 161 160 159 159 158 153 150 156 156 148 154 154 153 152 152 151 150 150 149 149 148 147 147 146 145 145 144
162 203 206 183 147 166 203 202 201 201 182 175 185 189 195 190 191 185 167 154 161 178 185 191 190 188 189 108 72 68 78 79 99 184 180 56 106 166 181 174 137 103 108 132 143 150 176 81 129 173 173 173 172 167 143 170 170 169 168 168 167 166 166 165 164 164 163 163 159 159 160 160 159 134 108 133 156 156 155 154 154 153 153 152 151 151 150 149 149 148 148 147 146 146 145 144
