prediction/untitled folder/solar_ghi_19900101_07UT.txt
NCOLS 839
NROWS 679
XLLCORNER 112.025005
YLLCORNER -43.9750009
CELLSIZE 0.0499954
NODATA_VALUE -999
[rows 126 to 167 of 679, columns 376 to 469 of 839]
123 137 184 229 259 266 279 411 344 259 311 381 391 334 359 309 209 187 222 243 228 226 234 219 227 231 243 237 256 250 289 336 352 369 379 237 143 187 232 260 370 383 382 271 254 145 312 208 205 361 278 224 227 286 364 370 365 347 266 220 179 181 196 202 195 159 172 168 145 145 144 192 215 196 184 174 173 176 175 174 149 140 148 151 137 126 126 123 109 112 108 109 104 116
134 165 206 222 245 246 318 385 349 299 300 339 358 370 399 367 268 260 197 220 210 202 238 240 257 237 243 252 265 258 276 321 359 372 353 235 153 183 229 244 344 364 382 250 311 221 277 273 220 285 366 288 209 193 257 352 365 357 327 233 140 168 194 196 186 172 172 178 142 125 106 159 224 225 197 177 176 175 182 161 152 143 161 151 141 138 129 123 107 101 106 106 106 109
149 176 219 218 267 291 314 317 277 276 327 353 278 295 401 400 359 260 198 193 197 175 219 253 251 243 257 289 274 268 280 334 380 389 366 234 181 218 236 242 289 266 368 311 246 231 134 175 168 290 339 335 248 175 178 256 350 371 355 258 137 172 214 219 184 182 160 171 174 125 92 162 234 223 199 199 185 178 180 162 155 152 151 150 154 152 146 128 123 108 106 106 111 109
185 206 239 235 277 283 258 257 245 282 356 355 271 291 400 395 389 306 225 183 189 196 199 239 247 240 259 309 325 308 319 354 386 390 382 313 276 304 308 295 317 292 358 347 330 209 146 112 139 130 287 312 297 190 133 198 293 356 346 327 214 156 181 197 198 203 160 162 171 119 96 138 215 224 207 217 201 204 204 207 174 164 155 160 171 169 149 133 130 116 103 108 113 113
267 240 268 278 304 261 199 226 317 324 307 303 337 389 407 406 406 311 300 240 182 206 208 245 269 267 248 282 333 353 368 388 391 391 389 383 367 364 364 348 360 357 374 337 298 126 129 122 100 91 204 307 287 212 159 187 240 281 320 337 313 153 110 148 184 206 192 181 158 111 117 127 200 194 184 223 219 209 219 213 184 175 168 151 150 162 162 129 123 116 112 101 106 107
314 276 316 342 326 267 146 173 248 298 310 349 398 408 407 407 406 322 398 321 205 205 238 270 282 312 284 274 296 336 361 387 392 391 390 379 373 382 382 369 370 380 369 355 308 251 251 137 112 110 117 216 203 184 168 184 187 225 285 328 351 206 111 108 139 188 199 210 164 113 125 116 149 181 164 196 229 219 235 225 203 184 178 152 147 150 156 137 123 121 118 110 106 102
301 285 313 315 306 269 149 149 107 104 171 311 366 376 408 408 402 368 405 393 286 238 185 317 285 313 339 322 287 292 348 378 391 391 390 389 383 383 377 372 371 370 370 358 310 216 173 166 190 206 142 95 129 175 181 188 228 202 279 351 360 277 122 90 122 185 206 213 175 126 133 121 135 143 122 164 217 216 241 248 223 221 189 154 141 150 152 139 126 125 120 120 115 104
296 288 314 313 298 272 235 210 88 88 139 244 265 275 358 369 388 380 405 404 362 321 243 325 285 279 332 344 288 282 299 353 387 392 391 379 384 378 362 372 381 370 370 360 354 255 129 140 226 278 258 144 120 159 214 228 199 264 334 337 259 243 85 101 134 145 179 201 212 218 177 153 129 118 126 164 189 185 203 224 244 233 207 182 159 156 156 136 131 125 118 122 122 113
270 273 302 305 292 264 235 244 159 88 172 133 174 236 258 309 371 400 405 399 353 397 356 307 294 324 305 318 347 327 325 356 374 379 392 390 380 371 368 377 371 365 384 339 277 263 337 283 277 355 272 222 146 143 199 246 283 330 338 338 299 305 130 85 108 154 170 183 188 215 224 210 198 178 165 188 180 160 163 188 221 214 220 215 188 166 162 148 148 133 123 123 125 119
243 261 295 289 304 269 236 235 149 105 129 116 125 210 210 258 330 347 385 404 394 402 402 375 369 369 345 368 371 332 332 373 378 377 391 391 384 335 363 372 371 367 371 295 239 267 259 282 287 274 281 251 299 183 188 242 347 373 373 341 222 301 250 93 85 187 196 173 165 178 200 223 226 228 234 227 184 142 149 172 168 187 207 212 191 173 166 152 145 136 130 123 125 124
230 252 290 281 304 273 209 198 117 88 108 197 135 203 176 229 263 275 363 399 401 403 402 402 401 389 378 378 383 355 336 365 335 274 393 386 390 359 349 365 358 371 355 285 243 257 257 235 237 297 309 275 304 266 210 191 322 374 373 297 201 242 243 130 85 171 219 169 143 129 152 202 223 242 225 216 177 155 136 166 158 140 166 190 174 172 168 165 149 136 136 127 125 124
224 246 294 276 287 275 179 121 89 89 88 247 229 175 140 165 198 197 274 365 404 404 403 402 401 390 352 314 377 345 319 381 349 336 383 392 391 370 354 364 357 371 327 244 243 245 263 266 219 273 308 285 259 139 145 188 228 373 373 291 284 314 263 164 85 115 205 180 125 100 134 187 226 235 189 169 166 140 128 164 168 165 164 183 173 169 171 172 158 145 139 131 125 132
226 246 288 287 295 309 155 97 89 89 88 191 260 185 123 165 168 200 229 290 389 404 403 402 402 395 328 339 361 315 259 248 298 357 370 392 392 366 370 364 365 382 345 293 278 166 146 203 292 329 318 329 340 287 152 188 308 348 373 334 372 332 264 218 147 151 167 157 100 85 88 114 235 245 160 137 159 123 138 150 146 168 161 176 163 166 173 168 165 161 145 131 125 141
247 261 277 314 333 352 114 106 89 89 88 131 187 185 162 150 148 190 217 260 340 398 404 403 401 375 281 321 291 298 265 137 318 394 393 378 391 370 366 349 376 369 361 360 359 224 214 272 323 349 342 350 323 364 354 203 240 308 356 373 373 361 265 259 238 210 184 142 85 98 93 85 219 249 179 140 174 133 144 138 137 162 171 161 147 153 160 162 161 158 148 133 130 138
245 279 291 342 376 358 108 89 97 99 89 88 108 164 146 135 137 176 216 247 286 351 404 404 403 314 342 266 259 263 274 272 297 392 394 382 387 371 350 339 352 355 362 277 239 304 352 288 335 350 331 330 323 368 363 243 231 229 318 351 366 371 303 336 333 319 255 208 102 85 88 101 184 233 151 157 191 168 180 160 153 156 186 177 148 130 125 132 145 151 148 139 135 144
256 274 310 365 405 312 108 89 114 99 94 88 93 120 123 135 125 129 161 216 220 302 405 404 404 285 275 238 255 178 268 339 306 348 383 394 372 328 339 299 234 162 224 332 300 237 231 262 278 348 340 350 346 370 370 225 274 217 254 349 373 372 371 370 366 351 337 275 151 111 85 125 173 208 121 118 211 216 203 207 173 166 190 205 167 119 104 112 127 140 154 153 144 151
276 274 315 376 409 298 112 89 112 106 99 105 93 106 136 138 125 117 142 153 170 258 378 405 383 293 277 353 216 277 272 398 360 390 365 394 388 382 366 339 247 93 147 387 374 299 296 304 327 349 363 337 349 360 349 279 295 226 244 319 373 371 363 371 370 359 355 340 232 149 121 117 142 170 136 104 192 274 223 191 173 166 189 215 188 128 102 100 108 119 142 162 167 186
281 278 310 394 399 344 182 89 118 103 108 92 88 88 128 147 166 134 122 124 193 264 341 386 312 299 376 354 263 201 372 398 394 397 390 388 389 388 377 370 261 123 192 367 387 386 374 363 370 368 369 355 365 355 360 338 247 190 219 299 341 372 372 371 370 365 359 363 320 240 181 160 123 124 128 84 199 280 240 179 149 181 182 209 192 145 111 103 98 110 131 158 179 213
288 289 324 383 405 383 264 117 114 112 101 89 89 88 104 143 197 188 145 175 231 273 352 359 350 221 300 376 342 347 340 362 389 386 390 375 379 382 367 356 316 111 123 258 341 382 382 354 339 363 384 373 355 334 364 333 248 210 215 263 335 354 367 357 365 368 369 368 365 336 266 211 150 110 104 84 206 239 271 222 143 158 187 194 175 133 113 109 91 83 106 140 170 190
294 310 329 379 397 381 314 178 110 110 95 89 101 91 97 135 181 202 191 241 258 291 371 379 377 343 270 259 335 340 363 378 387 387 380 374 375 382 387 366 338 141 87 87 232 371 382 385 370 385 384 383 342 351 349 330 274 238 249 293 312 311 327 348 357 355 361 368 368 347 267 223 181 88 84 98 178 194 256 266 198 175 206 177 154 147 128 117 114 83 83 120 147 136
295 326 362 386 407 370 312 205 102 90 99 94 88 88 97 117 170 189 209 247 244 321 370 398 382 368 266 403 370 379 390 381 386 389 382 374 379 384 385 377 361 269 102 95 207 261 353 385 386 385 384 384 353 335 325 302 294 258 294 314 292 255 250 291 345 363 355 366 367 342 261 244 184 114 90 97 126 151 215 245 208 194 200 177 168 176 148 158 163 83 83 88 126 144
284 318 357 391 407 364 308 225 107 89 90 104 99 88 89 112 138 153 208 220 250 283 374 406 355 404 349 387 398 391 401 400 394 383 386 371 366 379 380 377 376 235 104 87 123 255 332 373 386 386 385 384 376 334 305 273 296 300 329 313 289 266 238 244 317 373 369 369 369 351 276 268 193 146 142 85 94 139 190 220 183 149 169 194 180 170 160 194 173 107 91 83 97 142
269 306 355 391 413 370 313 225 123 95 89 112 114 88 93 108 151 135 176 235 241 299 310 402 321 404 399 398 392 401 400 399 398 398 397 392 334 320 373 388 379 286 115 87 117 254 249 333 364 380 385 384 384 376 332 275 289 343 338 326 314 297 304 300 339 373 371 370 369 368 318 301 210 160 199 92 84 146 188 203 189 150 170 162 151 167 189 203 190 173 174 85 97 98
263 295 350 393 408 382 279 186 115 100 89 116 116 101 119 151 158 170 222 253 276 294 393 408 379 293 377 387 377 392 400 399 399 388 392 397 391 364 371 374 373 221 104 87 147 262 189 246 316 331 268 384 383 367 356 303 296 329 325 305 293 300 318 320 330 345 364 371 369 368 350 347 275 224 227 158 113 129 178 177 193 177 174 132 121 151 192 215 225 172 172 144 140 126
269 298 332 387 408 356 244 149 119 107 89 119 94 111 127 143 165 143 235 289 290 319 403 387 369 294 295 283 311 371 391 396 400 399 398 383 387 390 374 365 346 299 127 120 136 245 184 169 226 250 213 264 343 313 347 340 307 293 282 256 262 268 284 270 266 271 293 316 350 369 368 357 361 307 294 220 148 125 166 151 173 193 180 135 123 145 173 209 229 189 186 167 166 169
264 295 324 374 393 360 217 138 123 113 100 106 106 125 129 140 169 191 222 302 327 356 409 409 358 293 336 351 366 371 361 354 389 400 399 398 392 381 369 379 301 333 216 183 196 227 218 125 156 204 188 169 293 340 341 321 286 260 244 226 233 253 256 227 224 231 221 228 286 346 350 349 367 360 306 232 175 138 172 155 161 182 182 143 139 157 153 178 211 199 190 189 186 183
263 283 319 350 373 367 251 151 138 117 104 89 101 172 166 156 168 210 245 284 328 336 410 409 347 321 368 359 292 276 330 344 380 400 399 398 391 354 369 377 357 316 273 326 278 331 325 222 172 144 139 156 248 273 341 294 276 243 237 220 213 228 223 203 200 200 207 208 226 246 284 301 352 362 299 244 204 183 208 200 192 184 192 155 154 167 176 172 184 179 186 204 213 210
262 271 288 321 343 366 315 238 168 123 95 106 89 124 187 172 186 231 224 244 298 325 368 355 273 273 370 390 375 334 336 364 402 401 400 399 392 386 387 386 376 277 240 294 380 374 350 287 206 121 99 155 248 273 284 284 272 252 246 232 221 222 210 190 189 192 199 202 206 204 224 231 269 324 341 308 285 281 273 247 227 212 203 181 182 179 204 181 170 186 195 216 214 230
267 270 273 292 321 353 343 314 191 165 95 111 89 94 181 162 217 241 218 211 277 333 319 367 258 203 302 372 394 365 349 371 403 402 399 390 398 391 390 385 381 365 348 367 381 357 312 263 245 144 86 155 155 273 253 253 237 235 246 249 229 217 211 191 186 193 201 207 209 196 201 206 217 260 319 345 341 336 309 274 243 221 202 192 186 180 216 205 192 183 183 199 199 172
261 270 271 274 290 331 365 348 268 180 127 93 100 110 123 153 221 211 233 226 301 307 322 346 255 163 168 245 265 307 324 376 403 402 401 400 399 383 397 393 386 375 375 392 376 354 278 285 272 183 101 101 94 216 216 216 212 216 235 263 246 230 213 196 195 202 201 218 216 207 213 218 215 217 247 312 338 344 340 301 270 246 221 199 204 194 206 237 201 180 142 147 180 156
256 269 271 271 281 305 322 326 257 224 193 127 134 116 170 195 196 213 283 282 279 269 312 319 265 201 147 163 202 257 359 389 389 375 401 400 400 388 398 392 393 382 374 394 373 354 350 320 260 188 111 94 94 94 216 216 185 186 214 237 249 241 216 208 196 201 201 215 228 224 218 227 225 221 220 253 295 345 349 311 305 309 292 269 278 274 282 294 243 210 114 124 140 152
259 254 252 260 281 282 305 338 292 249 224 193 163 200 224 249 242 249 314 347 347 293 297 311 302 256 225 187 182 231 295 356 348 357 364 361 369 373 387 378 355 338 357 383 357 360 351 311 265 213 126 89 89 89 144 144 157 167 182 212 238 236 226 213 201 207 209 215 231 232 225 232 237 235 224 233 263 325 366 351 351 356 351 360 354 344 343 333 310 217 122 113 128 131
260 253 237 247 261 271 294 318 311 290 233 186 182 205 216 252 274 292 341 360 359 370 363 325 304 307 276 232 181 213 235 267 324 382 376 368 358 353 367 365 295 364 370 378 384 382 375 344 285 231 137 89 89 135 120 120 144 160 168 196 221 219 213 202 201 212 203 222 238 241 235 242 251 255 240 223 228 286 367 366 365 364 351 362 354 354 343 336 282 223 182 141 142 133
241 248 255 239 251 270 283 324 306 341 316 243 233 237 229 254 289 333 339 364 379 398 393 373 308 337 342 242 251 282 333 343 399 387 379 392 390 386 395 383 365 369 368 370 390 380 378 342 276 181 111 103 112 135 124 119 141 153 153 179 206 218 210 210 203 199 199 222 242 259 250 248 260 263 256 225 215 242 284 338 348 364 363 362 357 351 346 323 305 200 176 127 142 145
229 247 267 234 221 252 293 321 315 379 407 371 285 267 252 238 281 348 360 361 372 377 387 369 354 314 270 270 254 343 261 359 393 359 404 396 386 391 396 385 397 382 364 376 395 380 373 359 301 159 101 112 127 143 136 121 128 144 147 168 193 216 221 233 225 210 207 226 251 262 244 228 235 236 246 229 225 236 265 294 288 352 363 362 362 359 349 329 314 235 159 124 169 218
247 239 268 245 230 242 275 306 321 391 425 423 363 289 272 258 277 323 336 369 383 345 376 399 368 374 275 313 327 291 407 406 363 290 404 398 396 400 389 383 395 398 380 371 382 379 370 360 314 214 148 142 147 159 154 139 121 144 154 168 182 205 213 232 238 227 222 226 239 257 238 212 219 229 228 226 229 235 265 270 272 320 357 353 361 341 326 295 301 251 198 140 126 155
256 252 241 243 230 218 251 268 313 386 425 425 364 287 278 287 302 312 321 358 391 383 371 370 370 379 277 320 350 307 408 397 351 370 404 398 403 395 390 389 392 394 394 378 367 379 385 371 345 298 229 184 164 172 158 147 121 145 161 167 160 191 202 216 227 235 230 222 236 249 234 207 209 222 214 224 233 243 247 256 280 322 333 338 356 341 340 301 333 290 239 167 104 94
275 279 265 227 208 233 239 246 268 343 416 426 363 279 267 282 310 357 389 346 356 374 381 368 375 406 411 410 337 381 363 379 368 385 400 398 397 402 394 399 394 383 393 375 339 363 388 368 353 305 238 191 189 204 172 161 136 148 154 160 163 187 201 213 221 235 228 218 226 240 234 207 207 224 217 221 232 246 246 251 260 302 298 324 342 341 354 336 357 347 301 247 201 145
262 285 291 237 191 224 248 237 251 289 308 349 327 284 270 285 296 343 401 364 367 360 345 354 335 369 390 411 308 346 369 365 321 401 394 389 393 398 400 400 399 382 387 398 364 368 385 366 320 301 233 197 206 217 203 190 155 148 147 164 185 188 192 193 206 215 214 204 215 229 232 214 200 209 215 224 246 269 256 254 269 269 291 292 321 336 346 361 360 344 292 219 175 171
280 277 252 223 200 222 223 224 248 258 262 262 248 256 266 256 286 363 420 419 417 416 302 324 308 307 364 357 366 388 307 348 401 395 400 394 395 403 402 395 389 380 384 388 387 382 386 372 325 310 244 215 217 216 214 208 168 164 164 163 187 187 184 179 185 195 201 200 202 208 214 204 194 190 202 220 246 248 237 249 244 249 277 245 279 320 346 362 362 349 306 242 195 199
284 293 265 222 212 219 230 241 247 247 239 207 204 224 240 249 270 359 420 419 418 417 416 409 394 392 386 267 390 410 359 296 398 391 394 390 393 399 397 392 389 391 389 392 386 385 385 357 356 324 260 236 224 230 215 211 175 174 174 181 194 194 198 181 181 194 197 199 210 209 201 191 180 187 205 225 239 232 230 239 239 256 310 311 336 337 363 363 357 347 334 324 238 213
277 300 276 227 221 238 250 240 227 230 217 185 199 207 235 224 255 342 420 420 419 418 417 416 405 395 365 333 405 411 395 395 399 396 382 373 386 398 392 391 391 399 388 388 377 387 385 364 345 268 272 246 244 227 222 216 190 183 184 194 200 206 202 191 194 202 208 208 214 210 212 198 188 194 205 209 217 211 228 249 270 318 339 354 363 359 362 361 345 343 337 328 251 221
