prediction/untitled folder/solar_ghi_19900101_01UT.txt
NCOLS 839
NROWS 679
XLLCORNER 112.025005
YLLCORNER -43.9750009
CELLSIZE 0.0499954
NODATA_VALUE -999
[rows 273 to 311 of 679, columns 264 to 351 of 839]
972 977 974 971 972 972 973 975 980 980 974 969 981 983 984 980 976 978 973 974 975 981 981 973 981 990 990 990 983 992 988 977 977 986 995 995 991 987 996 988 996 997 985 989 991 992 986 992 991 995 999 994 999 1000 1000 983 979 994 1001 992 980 993 1000 984 998 1003 990 990 995 983 991 993 996 992 992 998 999 989 1006 1007 1006 1008 1008 996 995 988 995 996
969 970 966 971 979 980 980 980 981 977 967 966 974 982 983 975 974 977 973 974 975 987 977 976 976 977 978 977 978 984 976 977 986 994 994 976 978 996 995 984 996 992 983 984 985 986 995 991 995 1000 1000 993 987 987 992 994 989 992 992 988 986 1000 996 985 998 995 1001 988 995 987 989 983 994 995 990 1006 1006 1001 1006 1006 1006 1006 1006 1008 1008 983 989 993
965 971 977 978 972 967 980 980 981 980 965 972 976 979 984 976 974 977 970 975 987 988 987 989 989 982 982 979 978 986 987 979 980 987 989 972 978 990 983 983 997 981 981 984 985 981 1000 999 1000 1000 982 984 989 987 973 980 1000 1000 991 990 992 992 990 989 995 994 1003 988 986 992 995 997 1000 993 1001 1006 995 997 1006 1004 990 990 990 986 996 987 1003 1000
970 977 978 979 979 972 973 973 973 975 974 975 976 973 983 974 975 978 974 979 988 981 981 982 988 989 979 973 975 978 979 969 968 980 981 980 982 983 993 991 984 985 983 989 985 978 987 987 987 999 999 988 1000 999 987 992 991 989 985 983 988 996 992 993 1001 998 995 988 990 1000 1004 992 997 990 997 997 1006 1004 1006 995 989 992 999 991 1008 1008 1007 1003
977 974 970 969 975 979 980 969 963 967 974 970 966 971 976 972 976 985 975 975 976 985 986 975 977 989 989 979 978 990 991 981 980 979 982 994 994 995 995 996 996 990 986 982 986 991 991 982 988 999 1000 992 986 992 995 999 993 987 987 984 988 993 993 993 1002 998 985 991 1004 1005 1002 997 998 990 995 995 994 981 994 1005 989 989 995 982 1007 1008 1003 1008
970 971 971 972 972 973 972 962 971 976 968 966 974 984 977 973 978 985 979 970 971 980 981 976 981 989 985 985 977 984 979 979 975 986 993 986 988 989 989 988 989 990 997 990 989 986 998 999 999 990 988 1000 992 992 1000 999 999 993 991 979 988 993 980 989 991 990 995 1002 1003 997 996 1004 996 998 1006 1001 993 984 993 998 985 990 995 992 1000 1007 1000 1008
974 978 978 979 980 969 973 969 974 980 981 978 984 978 972 972 971 975 983 987 974 975 980 976 978 988 981 990 981 978 982 976 987 994 993 989 981 979 986 984 983 989 989 989 999 994 1000 1000 1000 1000 984 988 993 993 993 999 987 987 1000 990 993 988 984 987 989 990 990 996 986 986 992 994 997 996 1006 1003 994 994 991 998 1005 994 1000 996 1007 996 998 1001
978 979 979 979 968 969 973 979 977 978 968 962 969 974 972 982 979 987 986 987 976 970 980 987 978 989 983 978 986 978 971 975 977 981 980 987 989 987 987 984 989 997 990 986 992 998 999 999 999 1000 983 989 982 998 998 991 991 992 992 1000 989 984 990 1002 995 1002 1002 993 969 978 982 989 992 993 1005 996 994 996 994 997 1001 994 995 1000 987 995 1000 996
966 971 979 979 972 968 980 980 980 982 972 983 973 965 982 986 986 986 975 976 972 972 980 988 981 989 982 985 980 987 977 972 989 995 986 978 988 983 989 983 989 993 993 994 998 994 998 999 999 999 999 999 986 978 987 978 992 985 983 985 1000 997 991 1003 994 990 991 986 978 974 971 989 992 994 1002 1000 995 997 993 994 994 996 992 986 993 995 1000 1000
968 969 975 979 973 965 973 969 981 971 983 967 967 972 979 969 975 976 986 983 972 977 981 984 981 981 983 990 984 978 979 979 989 980 989 990 984 986 980 985 991 990 997 995 985 982 986 1000 997 995 1000 999 991 991 999 992 994 992 986 1001 1001 988 988 1003 990 1002 994 991 1003 1003 1003 1004 1004 1004 994 1003 1004 997 998 1005 1004 1006 998 994 994 1004 1000 991
971 969 967 974 973 975 974 963 981 972 975 977 963 960 973 980 982 987 987 979 972 972 978 978 981 986 989 990 990 983 977 981 981 976 994 978 980 983 996 997 997 997 998 993 990 985 994 999 999 992 992 999 987 992 992 988 1001 993 1002 1001 1000 988 987 989 1003 985 1002 1003 1002 1004 1003 996 999 997 991 1000 1005 994 998 1005 1006 1005 1000 990 995 999 999 999
973 964 972 974 973 973 972 981 974 964 975 984 962 970 975 982 975 974 977 975 975 975 980 982 981 989 982 986 991 991 988 979 986 975 995 982 979 989 984 983 977 984 997 982 981 990 1000 1000 1000 992 988 988 984 993 994 1000 1001 1001 1000 1001 999 978 991 1001 982 982 1002 995 984 993 995 994 995 997 995 997 1005 998 999 1006 1006 1005 996 990 994 991 995 991
967 973 980 980 980 975 973 981 977 982 975 965 965 972 973 975 975 976 974 976 987 980 975 988 981 987 977 990 991 991 964 980 987 994 995 982 982 995 984 983 983 987 989 980 982 983 987 986 994 983 986 987 993 1000 1001 988 993 994 992 993 991 989 993 1001 1002 1003 1002 986 990 995 995 1005 994 1003 997 994 998 996 999 999 1007 1005 1000 1005 1000 990 991 990
975 975 979 981 980 968 973 981 981 972 975 973 973 970 973 973 962 976 987 983 986 975 981 988 989 985 976 989 982 969 964 979 981 988 985 978 989 987 983 980 983 982 972 999 985 998 987 986 999 992 987 992 1000 1000 996 984 994 1000 989 1001 1001 1002 1002 985 987 990 990 1000 1003 1003 993 1002 1004 1003 989 992 1001 998 994 1002 1006 1007 1007 1007 995 995 995 991
969 973 970 969 970 973 981 971 970 971 979 975 976 977 970 973 976 975 987 971 980 980 980 982 989 979 977 977 970 973 974 975 977 976 985 989 979 978 997 985 990 981 996 995 994 991 987 988 991 993 992 997 992 992 988 988 993 992 997 995 989 994 990 990 989 994 998 993 991 1004 991 991 1004 996 992 997 1001 1004 1005 997 1005 1006 1005 1005 999 997 995 996
973 980 980 973 973 974 974 975 976 983 982 976 974 968 973 980 979 983 974 970 976 988 971 972 978 982 989 982 983 979 978 980 975 977 980 990 988 983 989 976 989 984 980 999 982 986 987 977 999 988 1000 995 987 987 987 987 989 990 1001 1000 993 985 990 999 995 1001 995 1003 1003 991 991 1004 1004 996 1002 993 1000 1004 998 1005 1006 1006 996 998 998 997 1006 991
975 969 979 980 981 974 980 978 982 981 976 971 974 974 972 986 982 982 988 982 987 987 981 987 968 989 990 982 978 981 984 977 978 979 983 995 996 995 972 979 991 981 981 982 975 991 992 992 1000 999 987 995 986 974 983 987 993 993 997 988 988 993 993 987 995 994 995 1004 1004 1004 1003 1004 1004 1004 999 988 996 1005 991 997 1004 997 998 1005 994 995 1000 994
973 969 980 981 980 981 971 977 971 979 977 973 984 972 966 978 981 974 974 977 980 980 967 976 987 981 990 977 983 980 979 983 982 982 987 996 983 971 965 975 985 993 981 972 971 1000 1000 984 999 987 980 988 992 978 978 988 1000 992 993 989 991 1000 993 989 1001 1002 1003 999 996 993 1004 1004 991 1005 1004 1002 997 996 995 985 994 1000 1000 997 987 993 1000 996
963 975 981 981 981 981 974 974 963 967 969 972 978 980 972 974 978 976 988 988 988 988 988 984 989 980 988 985 991 987 974 986 993 987 983 985 979 965 969 992 998 999 998 995 993 995 988 984 1001 1000 989 988 988 980 980 989 1000 995 989 989 994 995 1001 1002 996 1002 1002 996 1002 1004 995 988 992 996 997 984 987 988 990 986 999 993 997 990 998 993 995 991
973 972 981 981 981 976 982 972 970 975 981 977 980 984 968 971 970 987 988 988 989 988 988 988 981 988 989 990 991 978 970 982 994 994 982 978 990 973 982 998 997 998 992 993 998 998 982 983 999 993 974 993 992 986 986 1000 1000 979 988 993 989 993 995 995 992 991 995 997 1003 996 992 994 993 994 997 999 993 997 1004 991 1005 990 1004 993 993 1003 990 993
978 973 981 977 981 976 981 974 982 978 983 978 983 985 977 974 960 976 982 981 987 980 988 978 981 982 979 983 991 981 975 979 988 981 995 983 982 995 997 990 981 985 986 986 992 986 986 992 987 977 980 1000 1000 987 987 1000 1000 988 988 997 989 994 987 988 995 996 991 995 996 995 995 996 996 988 989 993 995 998 1005 1000 998 990 1005 994 990 1005 990 989
965 964 969 976 982 983 981 972 975 975 983 969 984 985 975 969 958 983 980 980 987 988 988 977 972 978 986 990 991 983 989 986 982 976 995 983 982 991 978 979 983 997 984 995 1000 1000 999 986 982 981 982 983 990 987 983 988 998 993 983 993 985 981 984 989 1002 1002 986 986 995 995 995 1004 993 994 1005 997 986 989 989 985 989 990 1001 1005 990 998 998 1000
969 963 969 977 982 983 978 970 975 979 976 971 977 984 976 969 981 988 987 987 987 988 988 976 977 990 991 982 985 979 981 993 981 977 987 995 987 988 961 960 980 989 990 998 994 989 995 987 991 991 987 994 987 983 987 985 988 984 990 1002 984 981 990 1001 994 990 994 1000 995 987 990 998 994 991 1000 1001 1004 1000 989 1004 1006 998 1000 999 999 999 999 1007
971 979 981 966 969 975 970 972 975 975 982 984 983 976 985 969 987 987 976 988 985 976 981 977 973 970 972 974 983 991 993 977 987 994 989 982 981 982 970 963 976 984 999 999 985 993 988 996 1001 991 984 992 999 992 994 1001 988 982 1000 989 981 989 989 993 981 986 1003 995 991 988 997 992 997 1001 1004 1002 992 984 985 989 997 998 1003 995 991 999 995 1000
979 963 971 981 972 975 974 982 977 970 971 984 984 968 978 974 974 972 981 987 987 988 981 978 982 979 973 978 991 987 975 981 994 988 977 974 984 984 991 983 983 982 999 985 999 990 994 1001 989 982 981 987 986 983 985 988 988 979 984 1000 988 989 989 992 986 990 1002 995 995 999 989 991 1003 996 996 996 1004 1000 997 998 997 999 1000 998 999 1000 999 999
967 967 969 973 974 974 981 970 974 972 983 983 976 977 978 982 975 981 988 987 980 976 988 989 987 982 982 982 978 992 993 987 981 987 982 984 984 981 988 988 983 989 995 982 999 976 985 986 991 999 983 979 999 999 984 992 1000 988 988 1001 1001 1001 1000 985 981 992 1002 1002 995 991 997 990 993 992 992 997 1002 996 993 985 985 994 1004 1005 986 988 1005 1007
962 979 977 960 973 965 961 973 975 983 984 983 972 975 986 984 975 986 980 979 975 971 985 989 979 971 978 991 978 992 984 985 986 986 989 989 983 978 989 996 989 999 999 999 999 973 981 991 986 999 986 983 988 981 979 992 993 999 992 988 988 993 989 989 985 990 1001 995 991 991 996 992 1001 992 992 1003 997 992 989 988 992 997 992 1005 1005 990 988 995
971 971 967 959 960 980 972 963 975 971 983 983 969 970 978 978 978 980 970 974 979 971 977 988 981 982 964 977 991 992 992 981 975 985 995 994 989 987 982 991 998 997 992 999 999 986 991 993 981 982 975 978 980 989 992 987 993 987 979 988 993 988 985 990 1002 994 986 990 987 992 991 1003 996 1003 992 1004 997 992 992 1000 997 997 997 993 991 998 997 991
969 978 971 975 970 980 958 981 976 975 983 983 974 974 984 984 985 985 980 978 986 970 987 976 979 981 981 968 990 991 992 991 980 982 982 983 977 980 982 983 984 983 983 989 990 986 981 996 985 991 982 981 998 999 987 983 991 992 992 996 1000 1000 995 993 1000 987 985 986 987 994 987 995 990 1003 989 1002 996 1003 997 1002 992 997 995 995 990 998 995 989
964 971 975 967 963 973 969 965 974 981 967 967 976 976 980 976 985 985 981 978 978 980 987 980 982 988 989 974 990 991 991 970 973 986 980 980 985 983 981 986 988 984 978 986 992 985 984 998 985 994 985 989 986 977 977 982 982 989 989 1000 988 988 993 988 985 985 985 990 982 995 986 986 987 1001 998 992 996 1002 992 1002 997 988 997 998 998 998 985 995
964 971 978 978 970 966 973 965 982 981 966 971 976 969 983 983 983 977 978 978 975 979 981 987 986 988 976 976 973 983 978 974 984 980 981 986 985 984 985 994 994 982 974 979 988 984 992 996 978 997 976 988 977 977 977 985 986 986 987 983 979 980 969 981 993 989 994 1000 1000 1001 1001 986 983 991 1001 987 988 1003 992 1002 985 993 991 999 1004 1002 986 994
977 971 971 972 968 972 976 981 981 974 968 968 975 975 971 976 980 977 977 977 978 975 976 983 987 987 980 980 981 973 982 971 979 975 991 982 991 992 990 989 982 982 978 976 975 986 995 986 986 989 979 987 992 981 977 993 990 990 990 979 987 992 992 988 985 998 996 994 1001 1001 999 978 982 991 991 991 996 1003 1003 1002 997 997 985 1001 1002 996 990 994
977 977 976 967 965 968 975 956 949 981 974 974 966 968 982 967 983 983 973 979 985 986 980 979 982 987 986 988 981 964 985 989 983 970 975 992 981 981 980 981 993 986 979 977 981 985 983 983 987 982 982 992 987 989 985 997 990 982 982 991 991 985 987 986 984 987 993 989 965 907 927 974 986 986 995 992 992 997 998 992 1002 999 993 997 997 996 989 990
977 977 977 971 964 971 980 959 969 981 976 979 976 970 981 967 972 982 977 977 985 986 979 985 987 986 987 986 982 968 978 982 972 985 991 981 979 972 993 982 974 983 969 969 970 976 980 978 979 975 983 987 986 980 985 994 981 989 980 982 983 981 987 998 991 997 984 969 932 889 943 985 986 990 992 987 992 996 992 995 996 1001 992 989 989 998 996 998
962 976 977 971 971 968 970 969 980 980 981 979 969 970 971 959 975 975 972 972 975 984 982 980 981 987 986 985 981 976 977 975 978 989 979 983 969 971 977 992 982 992 973 970 973 978 978 978 978 979 984 987 990 980 987 987 985 994 992 985 989 975 986 986 979 979 969 957 938 956 984 990 986 986 995 990 988 983 991 995 996 991 992 992 988 998 1002 998
961 976 977 977 978 978 973 974 973 976 980 973 974 970 977 981 981 971 964 974 969 971 977 970 986 986 985 980 971 972 977 974 988 982 989 980 978 975 971 976 982 970 913 971 969 993 981 973 967 971 988 991 988 986 987 981 985 993 981 988 988 977 978 990 963 969 972 988 984 986 998 993 985 990 994 995 991 986 995 1000 1000 987 991 992 997 997 997 993
969 967 976 977 972 973 979 979 960 966 979 974 976 974 974 974 971 982 982 982 968 970 978 965 986 979 979 975 971 977 977 979 981 982 982 983 981 986 975 979 975 965 921 960 992 966 964 974 986 979 981 993 988 989 989 981 991 989 985 995 986 993 981 987 978 983 983 983 982 979 989 984 985 989 994 994 990 990 995 998 996 991 995 996 988 996 990 992
975 975 970 976 972 965 980 979 978 978 979 966 975 974 969 974 968 971 981 982 982 982 977 978 978 977 978 975 980 986 986 979 981 982 988 982 978 979 990 986 978 972 891 896 889 925 974 978 977 977 975 979 979 985 986 989 994 990 989 994 992 993 985 994 979 979 980 988 987 976 980 989 993 991 996 994 994 990 990 990 991 995 991 988 992 996 988 993
976 975 964 972 978 973 966 978 977 961 979 969 980 980 979 974 974 971 968 978 973 971 978 983 975 977 984 983 970 979 987 987 986 981 980 977 976 976 986 984 979 975 955 990 981 979 977 989 984 964 989 974 974 982 988 991 984 986 986 990 989 989 986 986 982 978 982 991 979 982 988 992 982 981 993 999 1000 994 999 995 991 991 991 991 991 991 987 992
