prediction/untitled folder/solar_ghi_19900101_21UT.txt
NCOLS 839
NROWS 679
XLLCORNER 112.025005
YLLCORNER -43.9750009
CELLSIZE 0.0499954
NODATA_VALUE -999
[rows 387 to 429 of 679, columns 288 to 383 of 839]
174 174 175 173 174 175 176 176 175 180 179 178 178 180 184 185 185 186 183 187 183 184 183 187 188 188 191 192 192 193 193 195 196 197 196 197 198 200 200 201 202 202 203 204 203 205 206 207 206 207 209 209 210 211 209 212 213 212 213 212 215 216 215 216 217 219 220 221 221 221 223 220 225 225 226 227 228 228 229 230 231 231 232 233 234 235 235 237 232 218 223 230 236 241 241 241
174 175 175 176 176 178 178 178 178 178 179 182 183 182 183 185 185 176 182 187 188 188 183 187 191 191 192 193 193 193 193 195 196 197 198 197 198 200 198 200 201 199 203 204 200 206 204 205 206 208 207 207 209 211 212 212 212 212 212 215 214 216 217 217 216 219 220 221 222 223 223 219 225 226 224 227 228 229 227 228 231 232 232 233 234 235 231 236 237 232 230 233 240 240 239 242
174 175 176 176 177 179 179 179 181 178 179 180 183 184 184 185 184 181 185 185 188 189 190 185 191 192 192 193 190 191 194 195 196 197 198 198 199 197 197 198 196 199 203 204 200 205 205 207 208 209 207 207 211 212 211 211 213 212 213 215 215 216 217 218 219 220 220 221 222 222 223 224 225 226 224 222 228 229 228 231 231 232 233 233 234 235 235 232 237 238 235 239 238 235 240 243
176 176 175 175 178 179 178 179 181 179 179 182 183 184 185 185 186 187 187 185 186 189 190 191 191 191 193 192 193 193 195 196 197 197 198 193 200 200 199 195 199 199 203 205 203 202 207 207 208 209 208 210 209 210 211 210 212 214 213 214 216 217 217 218 218 220 220 218 219 223 224 224 223 223 227 224 225 227 224 228 230 232 233 232 233 233 236 233 238 238 235 240 240 239 240 243
176 176 177 178 179 179 180 181 182 181 181 183 181 181 184 186 186 187 186 184 186 189 189 191 192 192 193 194 193 195 195 196 197 198 199 194 194 200 201 201 201 202 203 205 204 204 207 204 205 209 207 210 211 207 210 211 212 215 214 216 214 217 218 219 219 219 220 221 222 223 224 224 226 226 227 228 225 226 227 228 229 230 232 233 235 236 235 237 238 238 239 240 241 239 240 241
174 174 175 178 179 178 178 178 182 182 182 182 179 180 182 185 186 187 187 187 188 190 190 190 192 193 193 194 195 195 196 197 195 196 199 200 194 200 201 201 202 203 204 205 205 205 206 203 207 207 210 210 211 210 213 213 214 215 216 216 215 218 219 219 220 221 221 222 223 223 222 220 221 227 227 224 225 230 230 231 232 233 234 234 235 236 237 237 238 234 239 240 236 240 243 243
170 174 175 179 179 176 161 176 179 180 180 181 183 182 181 183 184 185 188 186 189 189 190 188 189 192 192 194 195 193 194 197 198 198 197 199 200 201 202 202 202 204 204 203 205 206 206 208 207 204 210 211 212 212 212 214 214 212 214 215 217 217 218 218 220 221 221 222 223 223 224 224 225 227 228 228 225 226 231 231 232 232 232 232 234 236 233 236 237 237 238 236 240 242 243 242
174 177 171 166 167 178 179 170 179 181 181 182 182 185 184 185 186 187 187 188 187 187 189 191 189 190 194 195 195 192 195 197 195 199 197 195 199 201 202 196 203 204 205 201 204 207 208 208 208 205 205 211 212 208 209 214 214 214 216 214 215 215 218 219 220 219 222 222 223 224 225 224 225 227 228 229 227 227 231 232 233 233 233 235 236 236 237 238 238 238 240 241 241 242 242 243
174 175 175 174 167 168 169 180 181 181 184 180 180 185 186 184 187 189 186 186 190 191 192 192 191 192 194 192 193 193 195 195 195 199 199 198 199 199 199 202 204 204 201 202 203 207 208 208 206 207 207 208 208 213 211 214 215 216 217 217 215 219 219 220 221 217 222 223 223 222 225 225 226 227 226 229 230 230 228 232 233 232 232 234 235 237 238 238 239 236 240 240 241 241 244 242
176 177 175 177 177 178 179 180 183 182 182 181 176 183 187 185 188 189 187 190 191 192 192 193 189 191 193 193 196 194 196 193 196 199 200 200 201 202 203 202 204 205 200 204 205 206 205 206 210 211 209 212 213 212 213 214 212 213 216 218 217 217 220 220 221 217 222 223 224 224 225 222 227 225 228 229 230 231 231 231 231 233 233 235 234 237 237 238 240 240 241 242 241 243 242 245
178 176 176 177 177 178 179 179 178 182 182 183 184 183 184 185 184 185 188 191 191 192 193 192 188 189 191 195 196 197 198 197 197 199 198 199 199 202 203 203 201 205 205 202 206 206 207 209 209 210 210 211 211 213 211 216 216 216 218 215 219 219 217 218 218 220 223 223 224 225 226 224 222 228 228 228 229 228 232 232 232 234 234 236 234 235 238 238 240 240 241 242 243 244 244 245
176 176 177 180 177 179 179 180 181 181 182 182 186 180 181 185 187 188 190 191 192 192 193 194 156 156 180 190 193 197 198 199 199 199 196 197 199 202 203 204 204 205 205 205 206 207 207 206 207 211 211 209 214 215 213 214 214 214 215 215 214 217 220 219 219 222 223 224 222 224 221 227 228 226 226 227 230 230 231 231 233 234 235 236 235 238 239 239 240 241 241 243 243 240 245 245
174 175 177 180 177 180 181 182 181 181 181 182 186 184 188 186 189 190 190 191 192 192 193 194 123 138 148 167 191 198 198 199 200 198 194 187 199 202 203 204 204 205 206 206 206 208 206 206 207 211 212 211 212 213 213 214 215 216 218 217 218 219 219 222 223 223 224 224 225 226 224 226 227 228 228 229 231 232 231 233 233 234 236 236 236 238 238 238 238 236 239 243 243 241 241 246
174 175 178 178 177 180 180 181 184 182 182 183 184 185 188 188 189 190 190 191 192 192 193 194 155 148 124 141 176 198 199 199 200 201 175 140 197 201 204 204 204 205 206 207 205 205 206 206 207 208 213 213 212 214 213 214 215 216 217 218 219 216 221 218 222 222 223 220 220 225 227 221 228 228 229 230 231 229 226 227 228 232 237 234 231 232 233 238 236 235 243 241 241 240 244 246
176 177 178 178 181 180 181 180 181 184 185 186 182 186 188 189 189 190 190 191 192 189 193 170 129 147 132 149 167 198 199 194 200 201 153 136 182 197 201 202 204 206 207 208 208 206 207 208 208 212 210 211 214 213 214 215 215 216 217 218 217 217 222 214 223 220 219 223 225 227 225 222 226 230 230 231 232 226 226 227 232 236 234 231 233 234 234 236 228 241 241 235 236 239 245 244
176 176 177 178 179 168 180 177 181 185 185 185 181 181 185 184 189 190 191 191 179 161 153 136 122 123 124 139 150 186 199 200 189 173 145 137 137 145 190 203 204 206 206 204 205 210 208 205 212 212 211 207 211 212 216 215 217 217 218 215 217 221 219 219 219 217 220 225 226 224 221 222 223 223 219 229 232 233 226 231 232 234 237 237 230 225 226 236 228 238 242 235 239 241 240 239
176 176 180 181 180 179 180 180 183 184 184 185 186 183 173 184 187 190 191 192 191 146 122 115 122 129 118 108 120 128 162 200 189 191 195 187 154 126 165 201 202 203 207 205 203 204 208 209 209 207 212 206 206 208 211 215 217 218 215 216 221 218 215 219 219 220 220 224 226 226 224 225 226 227 228 227 233 233 234 235 235 233 236 238 230 232 235 236 238 239 228 240 240 240 240 241
172 180 181 181 182 182 179 180 183 185 181 183 187 183 180 188 186 190 191 192 192 164 130 130 137 123 102 92 99 100 97 154 182 202 196 198 197 174 183 202 204 204 205 209 207 208 208 208 212 211 212 213 213 214 207 216 217 218 219 216 217 218 219 215 224 223 223 224 225 227 227 226 226 228 229 223 232 232 233 233 236 236 233 235 239 240 237 238 238 239 240 233 242 243 241 243
176 180 181 181 182 183 183 183 180 168 182 185 183 188 188 189 186 183 188 191 192 190 165 182 147 118 102 99 100 90 88 123 138 174 156 174 191 182 160 186 203 204 202 206 207 207 211 208 210 211 214 213 215 214 206 216 217 218 216 213 217 222 218 219 221 224 222 223 225 226 223 220 222 224 229 227 226 231 229 233 236 237 234 236 233 233 234 239 239 239 240 242 243 244 243 242
175 177 179 182 182 183 184 184 177 161 182 182 186 188 189 189 174 157 187 191 193 193 194 189 148 140 125 108 96 90 97 130 99 108 114 121 127 135 129 136 195 204 202 206 208 208 209 209 210 210 212 215 214 216 217 217 210 211 219 220 216 213 217 221 224 224 224 226 224 225 222 223 226 227 228 225 226 231 228 234 236 237 234 234 232 232 232 234 235 239 240 245 244 244 239 245
176 176 179 182 183 183 184 185 181 168 152 178 183 186 187 186 186 189 191 188 193 194 194 195 167 141 108 100 100 105 123 117 86 88 97 101 101 122 112 112 145 201 204 206 207 210 209 212 210 211 209 211 215 215 215 216 216 218 211 219 221 220 218 217 224 225 225 226 219 222 225 226 229 231 228 225 226 227 228 229 236 234 236 238 237 236 239 237 238 239 236 245 242 244 234 242
180 180 181 182 183 184 184 185 185 186 179 146 178 184 188 188 186 186 187 188 193 194 194 195 196 159 135 128 115 145 145 98 86 88 94 105 106 102 99 96 125 180 205 205 207 211 209 210 213 211 213 213 215 216 216 216 216 217 218 219 220 222 221 217 224 225 226 219 182 207 225 228 229 228 229 233 230 228 228 231 236 237 238 239 238 239 238 239 241 238 236 241 243 240 235 243
178 179 179 183 180 184 185 185 186 186 172 147 157 183 185 186 189 187 190 191 191 192 195 195 196 192 144 122 144 145 131 95 86 97 105 111 87 81 78 104 146 189 203 206 207 211 209 210 211 212 213 213 214 216 217 217 217 218 219 220 220 222 223 224 224 225 226 214 159 153 202 230 230 231 232 233 233 230 231 235 236 236 238 239 233 234 239 242 243 242 243 243 241 238 239 243
176 169 177 180 178 184 185 186 183 184 173 155 167 183 159 187 188 188 192 193 193 194 195 196 196 195 137 101 111 111 113 119 127 122 101 87 87 81 63 100 154 198 204 206 207 211 212 210 212 212 212 213 215 217 218 219 219 219 219 220 220 222 222 221 222 222 222 214 191 192 226 227 230 231 228 231 232 234 235 236 237 237 238 239 231 232 241 242 243 244 244 245 242 241 246 243
177 178 178 179 180 181 185 186 172 182 169 168 184 184 181 191 191 186 187 193 194 195 195 196 194 193 182 124 113 95 140 126 115 111 92 85 90 86 63 73 92 148 190 204 207 207 209 211 212 213 215 213 214 217 214 219 219 216 219 220 220 223 220 224 225 225 226 222 220 221 223 230 228 231 231 233 231 233 234 235 236 231 237 239 239 241 240 241 243 239 240 240 238 243 248 247
166 178 178 179 180 185 185 186 180 173 160 183 186 190 191 191 192 186 187 188 188 191 191 190 191 192 189 174 175 125 114 121 135 138 107 98 107 99 100 100 94 106 162 188 198 208 209 211 211 213 214 208 215 216 214 215 216 217 221 221 222 223 221 224 225 223 226 227 224 228 229 230 231 232 227 231 234 232 233 235 235 237 238 239 239 241 233 241 242 243 245 244 246 246 248 249
177 174 178 179 184 185 186 186 187 173 158 166 189 190 191 191 192 188 178 172 173 189 191 187 193 195 193 194 197 195 165 160 153 137 99 103 123 130 124 119 90 86 93 99 117 182 210 208 209 214 214 215 216 216 218 213 218 217 217 222 223 220 223 225 223 223 227 224 224 229 229 230 231 232 224 215 222 231 236 236 237 238 235 235 238 239 240 241 243 242 239 244 246 246 248 249
182 183 179 183 185 185 186 186 187 184 175 158 183 190 191 192 192 186 162 188 162 179 187 191 192 193 195 196 200 200 201 197 176 151 111 123 159 152 136 130 101 76 91 82 134 190 207 209 210 214 216 216 210 210 218 219 218 212 212 218 219 219 222 223 225 223 227 221 228 229 229 230 231 232 224 207 189 228 235 237 231 232 235 238 238 239 239 237 241 243 244 244 246 246 247 248
182 183 184 184 185 186 186 187 187 188 185 158 186 191 191 192 186 169 179 180 162 180 172 188 193 196 198 198 198 199 201 202 199 190 149 191 202 160 124 109 95 90 85 108 108 182 195 204 210 211 209 209 209 216 217 218 217 185 209 220 220 221 221 225 222 226 227 228 228 229 230 230 227 228 230 221 205 227 235 237 233 235 238 239 239 239 240 241 244 243 243 246 246 247 247 249
183 184 184 185 169 181 186 187 188 184 149 168 177 183 192 192 193 187 189 178 154 164 156 165 193 194 194 195 198 200 202 202 203 203 197 205 205 161 144 110 95 99 107 155 117 183 210 211 212 213 210 214 214 216 219 217 220 212 218 220 223 224 224 224 225 222 223 228 229 229 228 226 223 227 232 234 234 235 236 236 237 238 239 239 239 239 235 241 241 241 243 244 245 245 245 249
183 184 183 174 127 136 154 156 174 157 150 151 178 191 192 192 193 194 194 185 187 191 175 158 183 197 197 198 198 199 202 202 203 204 204 204 205 193 201 139 107 107 123 142 135 150 160 170 206 210 210 210 215 216 217 219 218 210 218 222 222 223 222 221 226 227 223 227 228 230 228 215 208 223 232 233 234 235 236 235 237 234 239 239 238 235 241 241 241 242 243 243 245 248 245 248
184 184 172 145 112 113 107 108 121 136 166 159 160 188 192 193 193 194 194 191 193 191 182 158 149 194 198 199 196 199 200 203 203 204 205 205 202 206 201 138 121 112 108 124 137 110 99 187 209 172 173 197 212 214 217 220 218 217 222 219 220 224 221 221 222 223 227 225 229 229 229 231 232 230 232 232 234 232 234 237 236 233 238 239 239 239 243 241 242 245 242 243 244 248 248 249
184 184 185 153 119 113 102 107 98 121 156 141 160 186 190 193 190 179 181 191 190 182 184 167 167 184 197 195 196 201 202 203 203 204 205 198 202 143 145 102 126 140 123 136 137 99 107 214 209 113 129 163 192 210 218 218 215 221 222 222 223 219 224 224 222 224 228 228 228 225 226 231 231 231 231 232 233 235 233 237 238 239 237 230 239 242 240 241 243 242 244 241 242 247 249 249
184 184 185 178 127 113 107 108 103 115 116 124 160 185 170 165 182 164 164 165 183 190 183 156 158 183 195 198 196 202 200 202 204 204 205 204 206 167 144 132 170 180 147 142 130 126 152 169 161 86 106 114 164 207 217 214 214 217 222 221 223 223 220 224 226 226 227 227 225 229 230 232 232 232 231 233 233 235 235 235 236 237 235 237 237 240 242 243 244 244 244 240 245 246 245 250
179 185 185 186 161 120 107 108 109 116 111 112 126 175 144 129 164 156 163 139 192 190 190 175 183 194 195 196 196 197 202 195 199 200 200 200 182 151 160 185 139 146 146 129 136 144 145 139 108 88 99 106 163 186 212 212 216 216 221 223 223 222 219 224 225 227 226 227 229 229 230 228 232 227 232 230 234 236 237 237 236 237 235 237 241 242 243 243 244 245 246 240 237 239 246 239
179 180 185 186 186 168 120 98 109 130 100 111 102 142 121 135 154 146 156 157 181 155 192 193 194 194 193 193 201 202 201 198 204 205 203 200 198 191 201 201 169 186 203 203 212 212 199 199 191 139 134 167 154 155 204 217 219 219 221 223 223 224 222 220 224 227 226 227 228 229 230 230 230 231 234 234 235 236 237 238 238 239 236 237 241 242 243 244 244 239 198 189 191 195 245 246
180 185 182 186 187 187 161 128 109 100 100 102 103 114 104 135 168 153 138 138 138 125 165 191 192 184 178 179 195 203 203 204 205 205 206 206 207 206 201 204 201 204 207 209 212 213 213 208 190 144 109 140 153 156 194 215 215 216 221 221 224 224 223 220 227 227 226 229 230 229 231 232 231 232 234 235 236 236 237 238 239 235 219 233 242 242 243 244 245 156 140 132 148 221 244 248
179 180 173 181 187 188 188 169 137 123 112 102 114 104 116 116 136 129 111 112 131 139 173 150 159 185 178 152 171 203 203 204 205 202 206 207 207 206 204 206 206 207 208 211 210 211 212 212 190 166 152 123 142 148 186 189 215 219 221 222 222 223 225 222 227 228 227 227 224 226 231 232 232 229 225 235 236 237 238 238 231 210 186 210 241 243 243 244 237 147 142 143 186 246 250 249
165 166 167 184 187 188 189 189 164 141 126 120 114 121 116 116 130 137 98 92 118 147 114 105 151 177 178 164 172 203 204 204 205 195 187 200 198 200 192 199 191 192 208 209 207 209 209 213 207 199 175 170 179 163 132 190 215 218 222 223 222 224 222 226 227 228 229 228 212 218 227 233 233 227 213 235 236 237 238 221 195 166 160 181 215 239 244 241 209 179 195 212 199 208 242 248
154 138 158 175 181 183 189 189 190 168 143 128 114 115 123 111 117 190 117 85 92 139 164 149 135 151 123 186 171 198 204 205 189 148 149 164 142 168 177 178 171 188 206 197 184 209 210 211 211 210 211 212 209 195 164 206 215 217 220 218 220 220 221 223 224 223 227 221 219 171 203 232 234 228 218 226 235 237 238 239 197 147 154 168 177 219 244 245 230 231 235 242 212 218 242 244
144 120 130 157 181 189 189 190 190 191 184 143 120 114 116 117 131 163 144 102 99 119 172 173 142 143 118 170 191 167 185 193 167 150 149 136 151 168 176 196 172 196 207 182 159 201 210 211 210 213 216 215 216 214 206 212 217 219 216 219 221 221 223 224 225 223 228 224 217 207 229 232 233 229 228 214 227 228 229 239 219 194 180 167 150 164 222 245 240 204 168 187 238 246 240 237
185 169 144 163 188 189 188 187 185 191 192 178 143 120 110 117 123 137 169 123 107 113 138 141 158 194 161 154 141 142 151 160 162 152 151 166 185 132 162 162 204 211 212 211 182 175 208 214 214 210 213 217 217 219 217 217 217 219 219 222 222 224 224 222 222 222 222 219 213 213 183 213 227 228 200 193 220 207 220 216 234 236 234 176 154 148 161 170 168 151 134 135 220 242 247 241
185 186 187 188 189 189 190 190 186 185 192 191 176 135 115 110 117 136 169 159 137 119 125 141 184 196 187 171 164 140 174 160 125 138 160 160 168 186 162 178 207 189 205 198 196 202 186 210 215 216 214 216 218 219 220 220 218 219 220 220 218 219 220 221 221 222 223 221 221 222 213 224 227 228 116 128 217 227 232 229 233 237 239 236 175 159 177 184 185 225 237 179 187 242 247 241
