prediction/untitled folder/solar_ghi_19900101_21UT.txt
NCOLS 839
NROWS 679
XLLCORNER 112.025005
YLLCORNER -43.9750009
CELLSIZE 0.0499954
NODATA_VALUE -999
[rows 258 to 300 of 679, columns 192 to 287 of 839]
73 73 73 75 74 76 75 77 79 80 79 81 81 83 83 85 86 84 85 86 85 82 85 88 90 91 89 87 92 95 96 96 98 95 95 97 98 97 99 102 100 104 105 106 105 106 107 108 108 107 109 111 111 113 110 114 116 114 114 118 118 115 114 116 117 121 120 119 122 123 125 126 126 126 128 125 123 126 130 128 129 133 121 121 123 124 126 126 126 127 128 128 129 130 131 129
72 73 75 76 76 76 76 78 78 79 79 82 82 82 84 85 86 86 86 83 85 86 87 86 89 92 93 94 95 96 97 96 97 96 97 97 98 99 101 100 99 104 105 104 103 105 107 106 109 110 111 111 113 113 111 111 114 116 116 114 115 119 120 121 121 121 122 124 122 119 123 127 126 126 126 125 124 128 132 129 131 135 122 122 123 124 125 126 128 127 128 130 130 131 132 132
74 73 74 76 73 78 79 79 78 79 80 82 83 83 82 86 86 86 88 88 87 87 89 89 92 93 94 95 94 92 94 97 95 96 98 98 99 100 98 100 100 104 104 105 105 105 107 107 110 110 110 112 113 113 114 114 115 116 116 115 119 115 120 121 122 120 122 122 125 126 126 126 127 127 125 125 129 131 130 129 134 123 123 123 124 124 125 126 127 128 128 129 127 131 132 133
74 75 74 77 76 78 79 79 79 78 81 81 83 84 85 85 87 87 86 87 89 91 91 92 92 94 85 90 95 95 96 98 98 98 100 98 99 99 101 103 101 104 105 105 107 108 109 108 109 111 110 112 113 114 115 116 116 114 112 119 120 120 121 117 122 120 121 124 125 126 126 125 126 125 127 128 129 132 131 132 132 123 124 122 124 125 126 127 127 128 129 130 128 129 130 133
73 72 74 75 75 75 77 80 81 79 81 83 82 84 86 85 87 86 87 89 88 81 83 92 90 92 94 89 95 97 97 98 97 98 98 100 100 101 103 103 101 104 105 105 106 109 110 111 111 111 109 111 114 114 116 117 113 114 116 118 120 118 119 122 123 118 122 124 126 126 127 127 129 128 130 129 127 132 134 132 120 122 122 125 126 125 126 127 127 128 129 130 129 130 133 133
73 75 76 74 75 78 80 80 81 81 81 84 82 82 86 86 88 88 88 90 89 91 93 92 90 92 93 81 92 98 98 99 99 100 101 98 95 100 102 104 103 104 106 108 107 107 110 110 109 109 110 110 113 113 116 116 114 114 116 117 116 118 121 120 123 123 125 125 124 122 125 128 127 128 130 129 131 133 132 130 121 122 123 123 124 125 127 127 128 129 130 131 132 133 133 133
74 74 74 77 77 78 80 80 82 81 83 84 85 85 86 85 88 88 88 86 90 90 93 90 91 94 93 90 86 92 97 99 96 101 97 98 99 102 105 105 104 105 106 108 109 109 111 109 110 109 112 111 113 113 116 113 116 116 119 118 117 117 118 121 124 124 125 126 127 126 126 125 129 131 129 130 131 134 132 123 124 122 123 124 125 126 127 129 129 129 130 132 133 131 133 134
75 76 76 77 78 78 78 78 79 82 83 85 85 83 86 86 87 87 88 80 82 89 90 86 89 92 92 93 95 97 98 100 100 97 102 102 101 100 102 100 104 104 105 108 109 110 108 107 110 110 113 114 112 113 117 113 117 119 119 120 121 122 123 122 122 125 126 126 125 127 129 130 130 129 128 133 130 132 133 122 123 123 123 125 126 127 127 128 129 126 131 132 133 133 134 136
76 77 75 79 79 80 80 80 82 81 81 85 85 84 87 87 89 87 83 88 79 88 85 82 88 95 96 97 97 98 98 98 100 102 102 102 103 100 105 105 102 107 106 108 107 108 109 111 111 108 111 114 113 114 115 112 117 120 116 121 122 120 123 124 125 123 126 127 128 129 128 126 128 131 132 133 131 130 133 122 123 124 125 126 126 127 123 129 129 130 131 130 134 135 135 135
76 77 78 79 80 79 81 81 81 82 82 84 85 87 87 86 88 86 81 85 82 90 82 79 90 95 97 97 98 99 99 99 100 101 102 104 103 104 106 105 105 108 108 108 110 109 111 112 111 111 112 113 112 113 113 114 116 119 118 119 119 121 124 124 125 125 123 127 127 125 127 128 129 132 132 131 132 132 122 123 124 126 127 126 127 127 128 129 130 130 133 133 131 135 135 135
75 76 78 79 78 78 78 83 83 82 82 85 84 85 86 87 87 87 87 87 83 89 84 78 90 91 96 94 98 99 100 101 102 102 102 104 105 106 106 107 106 104 104 107 110 109 107 109 111 112 113 114 114 112 113 114 116 119 116 117 122 123 123 124 125 120 125 128 128 125 128 131 132 132 131 132 135 136 124 123 124 125 127 126 127 128 129 129 130 131 132 131 134 132 135 136
77 77 78 78 80 81 82 83 81 82 82 85 84 86 88 87 85 88 91 87 83 86 79 78 89 92 96 98 99 100 101 101 102 103 104 102 105 104 101 103 107 108 108 108 110 110 110 113 111 113 114 115 113 115 116 114 117 119 119 121 122 123 124 125 122 125 128 128 129 129 128 130 133 132 131 134 135 121 122 123 124 125 126 127 128 128 128 130 130 131 133 134 134 134 135 134
75 76 78 78 80 81 82 83 84 85 83 84 87 85 86 89 89 90 92 91 88 85 85 90 91 96 96 98 99 100 101 102 102 103 104 104 103 104 104 105 108 108 105 109 112 112 110 110 111 109 113 116 117 114 116 115 119 120 119 122 120 121 123 125 126 127 124 129 130 130 128 128 128 134 134 132 135 124 125 126 126 125 126 122 128 129 129 130 131 132 133 134 134 134 135 136
78 79 78 80 82 82 83 83 84 84 85 87 88 86 85 86 87 88 91 92 91 91 93 96 96 97 95 99 100 101 100 102 102 103 101 100 101 101 104 107 107 109 110 110 111 108 110 110 113 113 114 117 117 117 115 116 119 121 120 122 123 122 122 125 124 126 129 129 130 127 129 132 133 130 132 133 122 124 124 126 127 126 127 127 128 129 130 130 131 132 133 134 134 135 136 137
75 78 77 79 81 81 82 83 85 85 82 85 85 86 89 88 88 89 91 93 94 94 94 94 93 95 95 98 99 99 102 102 103 104 105 101 101 104 107 109 109 109 107 109 112 111 114 113 113 113 116 115 113 117 117 115 118 122 120 121 121 125 126 124 123 124 127 130 131 132 131 128 129 132 132 133 124 123 124 125 126 126 128 128 129 129 130 131 132 133 133 134 135 135 136 138
77 76 78 79 79 80 84 85 85 85 83 85 86 87 89 89 90 89 93 93 95 94 93 95 96 95 96 96 98 99 100 102 103 105 104 105 102 103 105 109 110 108 110 112 113 113 114 113 114 113 117 113 115 118 118 114 121 121 121 119 121 125 127 126 124 124 125 126 131 130 132 132 134 132 136 122 123 125 125 125 126 127 127 129 130 130 131 131 132 133 134 135 135 136 137 138
78 79 81 78 82 81 81 82 84 86 87 88 86 86 88 89 89 88 91 92 93 96 96 97 96 97 96 98 100 98 98 99 100 105 101 105 106 107 104 109 109 110 111 110 113 114 112 111 115 116 117 115 116 118 117 115 120 119 121 122 120 123 124 127 125 127 128 128 132 133 132 133 135 133 133 123 124 124 125 126 126 127 129 130 128 130 132 131 132 133 134 137 136 137 138 139
78 80 80 78 81 80 82 82 86 87 88 86 87 88 90 89 89 89 92 92 95 96 97 96 98 96 96 97 98 100 100 101 100 104 101 104 104 106 109 108 105 110 111 113 112 111 113 115 114 114 117 119 116 116 118 119 118 123 119 124 122 125 126 128 126 127 130 130 132 133 134 134 134 136 137 123 124 125 126 128 127 128 128 131 130 130 133 134 133 134 135 135 136 137 138 139
80 80 80 81 82 80 81 82 80 81 87 86 87 89 89 90 90 91 93 93 96 97 93 94 98 98 98 96 98 101 101 100 100 100 100 105 105 105 107 110 110 111 112 113 111 112 113 113 114 115 117 120 120 116 119 118 122 121 122 124 125 127 125 128 129 130 130 132 130 127 131 134 134 132 124 125 124 125 126 127 129 129 129 129 132 133 132 133 135 134 135 136 137 137 139 139
80 81 82 81 82 82 81 83 84 85 85 89 90 90 90 90 93 93 93 94 95 95 97 96 98 100 100 97 100 99 100 101 101 102 103 105 104 109 110 110 110 107 113 111 112 112 111 114 117 117 119 120 118 117 119 121 121 122 124 125 124 124 124 128 129 130 129 132 133 131 134 135 131 135 125 124 125 125 128 127 128 128 131 130 131 131 132 129 134 135 135 136 134 138 139 140
81 81 81 84 83 83 85 86 86 84 86 88 90 91 87 91 93 95 93 94 95 96 97 97 100 99 100 97 100 99 100 101 104 101 101 102 105 106 107 110 110 107 108 111 112 111 115 117 113 116 116 120 120 115 118 121 122 124 126 127 127 127 127 129 128 131 127 130 133 134 134 135 136 124 124 124 125 126 128 127 128 129 129 130 131 132 132 133 134 135 136 138 137 138 139 140
82 80 81 83 84 85 86 87 87 85 85 87 90 88 90 93 94 95 94 95 93 95 96 99 99 98 101 100 103 101 101 105 103 103 104 104 107 110 111 110 110 109 111 111 114 115 115 116 113 113 117 119 119 121 123 124 123 125 126 125 126 128 128 127 124 131 129 130 131 134 135 134 133 125 124 126 126 126 127 129 128 131 130 131 131 132 133 134 134 136 136 136 137 140 140 140
82 79 82 83 84 84 86 87 88 87 88 88 88 89 93 93 95 95 95 97 97 95 96 98 99 99 101 102 104 101 100 105 103 106 106 105 106 109 107 106 108 111 114 114 116 116 111 117 117 117 120 120 122 121 123 124 125 123 121 125 128 129 126 129 128 129 132 131 134 135 133 134 122 125 124 125 127 127 127 128 130 131 130 131 132 133 133 134 135 136 137 137 138 139 139 140
82 83 83 81 84 84 85 88 88 89 90 91 90 92 93 94 94 94 97 94 96 99 98 99 100 99 101 101 102 101 104 105 107 105 102 105 106 107 109 108 110 110 109 109 109 111 112 113 113 118 121 122 122 123 122 121 121 122 124 126 126 127 127 131 130 130 133 133 133 135 136 137 125 125 124 127 126 127 129 128 131 130 132 128 132 134 134 135 136 137 137 138 139 139 140 141
83 83 83 84 84 84 85 86 87 89 90 91 90 88 92 95 96 96 97 98 98 97 95 101 99 102 102 102 102 102 105 105 108 107 103 105 107 105 109 111 109 110 113 112 115 118 116 117 118 118 119 120 123 122 116 122 123 123 123 126 129 129 130 131 132 133 134 133 134 134 137 124 125 124 125 127 125 127 128 129 131 132 131 132 133 134 132 136 138 137 138 138 139 140 140 142
81 84 83 85 84 87 86 85 87 88 90 91 91 93 94 95 96 95 95 98 93 99 100 101 102 103 103 104 102 102 103 105 106 104 105 103 107 105 112 113 110 112 112 116 115 114 115 117 118 118 121 123 124 119 123 121 122 124 123 127 127 130 131 132 133 134 134 135 136 137 137 123 126 125 125 126 128 128 128 129 130 133 133 132 133 135 137 136 137 139 138 139 136 140 141 142
83 84 83 83 84 86 86 85 88 87 91 91 92 91 93 93 95 97 98 98 97 93 101 97 102 103 103 103 104 104 105 107 106 106 108 108 107 109 112 111 110 111 112 117 117 118 117 119 120 119 122 123 123 120 125 120 126 127 124 129 129 130 131 132 132 132 133 135 135 136 137 125 124 127 128 129 129 130 131 132 132 131 134 133 131 133 136 136 137 138 138 139 137 140 142 140
82 82 85 85 85 86 87 87 88 87 92 92 93 93 93 92 93 96 97 96 97 101 98 101 98 102 102 100 103 107 107 106 108 108 110 111 112 109 113 113 112 113 113 115 118 119 119 120 121 122 122 120 118 120 123 125 127 122 126 130 126 131 129 128 131 133 135 133 136 137 125 126 123 126 128 129 130 130 131 132 131 132 132 133 136 135 136 137 138 138 139 140 140 141 142 139
84 82 83 86 84 86 89 88 89 88 90 91 92 91 93 96 95 95 94 99 100 101 102 101 102 102 103 99 105 106 105 106 107 107 109 110 110 111 114 111 110 113 117 117 118 116 115 121 121 122 122 122 123 123 125 126 127 127 126 126 126 132 132 130 132 133 135 134 134 138 125 126 127 126 129 130 130 131 132 130 131 132 133 133 134 136 133 135 138 139 139 140 140 138 142 143
83 84 84 86 84 88 89 88 88 89 91 92 92 93 94 97 95 96 96 96 96 98 101 102 101 100 99 103 107 103 103 106 107 109 107 106 110 111 109 112 111 115 117 118 116 115 118 119 118 121 119 119 124 126 126 125 124 129 129 127 127 132 130 131 134 135 134 136 137 125 126 126 128 128 127 130 129 131 132 133 132 132 135 134 135 136 137 139 139 137 140 140 141 139 142 143
83 83 84 87 87 89 90 88 89 91 91 94 93 95 96 95 96 94 97 98 100 101 99 100 103 104 105 104 103 108 107 107 106 107 109 110 112 111 112 112 112 116 117 116 119 116 118 117 122 120 120 120 125 126 127 127 129 130 130 128 130 130 134 133 135 134 134 137 138 123 125 127 128 129 128 130 129 130 130 133 132 133 134 134 135 136 137 138 139 140 140 141 141 142 143 143
81 82 80 86 87 88 88 88 90 93 93 94 94 95 95 93 96 97 100 100 99 102 99 99 102 103 105 107 105 106 107 109 105 108 108 109 112 112 113 116 115 115 118 114 117 118 118 119 123 123 125 121 120 127 127 128 129 130 130 129 129 131 132 129 135 133 137 137 125 124 125 128 129 129 130 129 132 132 133 132 132 133 134 135 136 137 138 139 140 140 141 139 142 143 143 144
82 80 78 86 85 87 90 91 92 92 92 93 93 94 95 95 97 96 100 99 97 99 96 102 100 103 104 105 106 108 108 110 110 111 109 108 109 114 115 116 116 116 118 119 120 120 119 120 124 121 121 121 124 127 123 129 130 128 128 131 132 134 134 132 133 136 138 136 125 126 127 126 127 130 130 129 132 133 133 132 135 133 136 135 136 137 139 140 141 141 141 141 142 143 143 144
81 84 86 84 85 85 88 91 91 91 94 93 95 96 96 96 97 99 100 100 102 103 99 99 101 104 104 108 108 107 109 109 107 111 107 109 108 115 112 116 117 116 116 117 120 121 122 123 121 122 123 123 127 127 128 127 130 131 132 132 133 134 132 133 135 137 137 122 126 127 128 129 127 130 131 129 130 133 132 132 135 136 135 136 136 134 137 140 141 142 141 142 142 143 144 145
84 85 84 87 88 86 90 90 91 93 95 93 95 97 98 97 99 99 98 102 102 102 104 102 103 105 102 108 106 105 106 107 111 113 111 111 111 113 113 113 117 119 115 118 118 120 123 123 124 125 126 126 127 127 125 128 126 128 127 130 131 130 131 135 137 137 135 125 126 127 128 129 130 131 131 132 130 131 132 135 134 134 137 136 137 137 139 140 142 142 142 143 143 144 144 145
86 87 87 89 88 88 88 90 90 93 95 93 94 96 95 97 100 100 101 102 101 103 101 103 106 107 108 108 104 105 109 111 108 106 112 115 114 114 115 114 114 117 117 119 117 122 123 124 122 125 124 126 125 125 126 129 128 131 130 129 130 131 136 135 135 136 138 126 125 128 129 129 130 129 132 130 131 132 132 135 134 135 138 136 139 138 139 140 140 143 143 143 144 144 145 145
87 85 87 89 90 88 89 91 92 91 94 94 96 95 98 97 100 100 101 100 103 102 102 105 105 104 105 109 109 109 106 108 107 112 110 109 112 116 117 115 117 119 120 120 120 121 120 124 124 123 124 124 126 127 128 126 127 129 131 129 134 135 132 133 138 136 126 127 128 128 129 130 128 132 130 131 134 134 135 136 135 138 138 137 138 138 139 141 140 143 143 144 144 145 146 146
86 88 87 88 90 90 90 91 93 93 95 96 97 97 96 95 101 100 100 99 102 103 104 105 106 105 103 109 110 110 110 107 104 107 112 116 113 116 116 117 119 120 117 120 123 121 122 125 121 123 124 127 128 128 128 129 131 130 133 132 131 133 133 133 139 133 127 127 128 126 129 130 129 130 133 131 134 135 135 136 137 138 138 137 138 139 140 141 140 143 143 144 144 145 145 146
86 87 88 88 89 90 91 90 91 93 96 97 97 96 95 97 101 101 101 102 101 105 106 107 107 108 108 110 109 107 109 110 111 114 115 111 115 117 118 118 117 117 118 119 123 122 122 125 125 122 126 127 128 126 128 129 130 132 130 134 136 136 137 135 137 124 127 128 128 127 127 130 131 132 131 132 134 135 133 136 135 138 139 137 138 139 140 142 141 143 145 144 147 145 146 146
86 89 89 90 89 90 91 92 92 94 95 97 96 96 98 101 102 101 103 104 104 106 106 105 108 108 109 109 110 109 110 109 110 115 112 112 117 118 119 120 120 120 121 122 123 121 122 124 124 122 126 126 130 130 131 130 133 133 132 134 134 133 136 138 137 127 127 128 129 129 130 128 129 133 131 132 133 133 136 137 136 138 139 140 139 140 140 142 143 143 145 144 145 146 148 147
89 89 89 91 90 92 92 94 93 94 97 96 97 98 100 101 102 102 102 105 105 105 107 107 108 106 107 109 110 108 110 112 114 115 116 114 118 118 119 120 121 119 118 118 121 124 123 123 122 124 125 129 127 130 131 132 134 133 133 131 133 138 138 137 126 127 128 126 127 128 131 131 132 133 131 134 133 135 136 138 136 139 140 138 139 140 142 143 143 144 144 144 145 146 147 150
89 90 89 90 90 90 94 93 94 96 97 96 97 98 97 99 97 100 104 102 106 105 107 108 108 107 106 108 109 109 111 112 113 113 116 117 114 115 115 116 118 120 122 122 124 125 126 125 126 128 129 129 127 131 132 133 134 134 132 132 134 135 139 140 124 125 128 129 128 131 131 129 132 131 131 132 135 136 135 138 138 137 138 139 140 141 142 143 144 144 144 145 146 147 147 148
90 88 91 92 92 91 93 93 96 95 96 96 99 100 101 100 100 103 103 101 104 107 105 108 108 108 106 110 108 111 111 112 112 115 117 117 115 119 117 118 119 119 123 120 122 123 126 127 128 129 130 128 130 131 133 134 133 133 131 132 136 137 137 126 127 127 128 127 130 131 131 130 133 133 134 134 135 136 135 136 137 140 141 142 140 141 142 143 143 144 144 145 146 147 147 148
