prediction/untitled folder/solar_ghi_19900101_00UT.txt
NCOLS 839
NROWS 679
XLLCORNER 112.025005
YLLCORNER -43.9750009
CELLSIZE 0.0499954
NODATA_VALUE -999
[rows 451 to 491 of 679, columns 552 to 643 of 839]
943 937 938 940 941 945 941 945 933 940 947 948 943 938 940 946 944 945 953 953 946 935 941 950 951 948 953 957 950 954 947 950 948 958 955 958 955 947 943 952 950 945 951 956 956 944 946 938 935 944 959 962 952 945 959 951 957 952 960 964 963 962 960 962 962 972 964 970 964 961 965 973 975 970 959 964 965 961 960 956 966 966 903 747 631 820 959 950 950 960 969 970
939 947 944 931 940 945 939 945 946 951 950 944 943 941 944 949 948 948 948 932 953 947 950 952 951 949 945 956 954 958 954 947 952 955 951 951 953 947 944 944 949 951 955 955 959 956 956 958 947 938 954 958 949 951 957 953 958 960 961 963 962 958 964 954 971 972 965 964 971 971 958 966 974 963 959 974 962 968 973 968 972 966 947 906 897 882 885 938 950 962 974 970
943 948 948 931 937 942 937 946 943 951 925 934 946 943 942 948 949 948 949 937 953 948 950 954 948 949 949 949 953 958 954 947 948 951 952 943 940 959 960 960 951 942 946 952 959 955 948 961 967 948 951 961 938 955 955 963 959 960 964 964 958 955 963 956 970 963 967 961 964 962 958 967 972 953 970 964 951 960 965 969 969 966 952 960 959 949 940 939 945 951 956 951
927 931 921 923 932 936 949 938 934 935 911 940 952 947 941 948 952 952 952 938 953 940 945 952 951 946 950 947 944 952 957 948 958 956 955 956 956 951 948 957 946 957 951 947 953 954 953 962 961 962 958 959 940 940 946 957 957 951 961 963 961 955 958 966 963 959 965 965 965 968 971 967 973 958 971 965 961 956 951 962 966 963 963 974 971 971 961 945 945 945 946 948
947 940 929 916 928 942 946 941 944 930 929 951 952 943 937 942 951 949 950 939 944 944 951 951 951 949 953 953 950 950 950 947 947 952 952 953 951 937 949 962 955 962 962 952 952 955 953 957 963 962 968 951 944 959 955 961 967 961 953 956 957 958 971 969 963 965 960 961 965 974 963 975 970 966 974 971 968 956 951 956 970 959 966 973 978 974 968 944 924 926 933 946
909 911 923 938 934 941 946 929 943 925 934 939 930 922 927 930 949 946 945 944 940 955 954 956 955 955 953 949 949 957 954 948 951 949 951 955 951 935 958 959 959 958 962 955 957 956 954 959 961 959 968 957 957 950 955 957 956 957 961 954 965 968 970 971 972 972 958 947 950 961 965 968 967 964 969 964 955 956 954 961 961 962 963 958 971 968 965 917 860 868 915 946
927 923 932 937 942 945 950 950 939 938 943 942 941 942 949 952 953 954 954 946 955 955 955 955 956 952 953 947 944 954 959 952 952 947 950 953 946 945 954 956 954 952 955 954 955 952 954 959 958 958 963 957 963 960 952 957 960 960 968 966 971 969 966 971 966 972 969 956 953 961 963 974 974 968 967 971 965 962 948 966 962 963 968 954 952 955 945 915 844 821 882 939
934 934 933 942 950 950 943 950 937 940 935 920 930 937 941 946 949 943 954 955 955 954 956 956 957 957 946 947 948 949 949 939 940 952 952 954 962 953 936 959 954 941 937 949 956 953 956 964 959 949 958 955 961 960 958 959 961 957 964 965 961 967 963 967 967 966 968 970 971 968 967 969 969 967 960 961 957 939 957 961 970 964 964 967 975 962 952 963 960 957 957 937
935 941 944 943 950 939 934 948 930 931 933 937 933 922 938 943 946 946 951 950 955 955 948 956 956 952 955 954 954 959 945 895 948 961 954 962 961 955 929 945 956 947 939 953 960 950 950 964 965 964 959 953 955 962 960 959 960 953 961 965 962 962 964 966 966 963 962 973 973 968 967 968 961 961 968 967 971 965 975 965 944 957 971 979 972 965 966 977 969 935 943 966
941 938 941 941 933 935 946 947 935 931 935 940 937 934 936 947 953 946 955 947 947 951 945 943 956 947 942 948 956 956 954 948 949 956 957 958 953 963 948 951 960 954 949 951 960 961 948 941 965 966 959 950 955 959 960 957 963 955 958 968 962 961 968 967 963 958 964 961 973 969 962 953 961 964 971 968 965 969 966 962 941 964 972 967 971 968 970 970 970 983 938 972
946 942 941 933 938 944 946 943 943 936 940 944 943 949 942 939 953 945 950 949 953 956 956 947 949 954 949 959 959 952 952 954 952 953 953 953 952 959 951 964 952 942 936 942 955 961 962 955 956 967 960 962 951 942 948 956 959 956 948 958 958 960 968 967 961 961 963 951 963 971 951 953 963 971 973 969 962 947 956 962 958 966 965 953 959 971 960 960 965 970 797 757
939 938 942 943 946 944 943 940 948 944 935 945 947 954 947 939 940 943 948 952 956 952 952 952 946 955 955 959 959 951 949 956 960 953 950 949 963 963 952 949 947 956 958 944 939 945 964 959 967 959 958 960 951 945 958 965 958 942 891 931 964 962 959 961 957 960 970 964 932 965 960 967 971 967 964 964 956 941 961 973 969 970 968 961 965 965 965 951 943 950 708 601
944 942 945 945 951 950 948 941 934 945 943 940 940 942 946 954 955 945 952 952 956 954 949 957 956 957 958 955 955 951 949 956 962 954 952 954 941 962 952 943 959 960 960 958 941 937 968 962 966 965 958 959 952 951 960 964 960 968 953 958 962 959 963 963 967 973 973 965 944 952 962 974 963 969 973 947 952 951 962 974 964 965 963 968 972 975 981 967 957 930 732 619
950 947 946 946 949 947 947 931 940 953 952 948 948 948 947 947 946 950 951 956 956 955 952 955 949 950 957 959 952 952 956 956 960 958 957 958 917 960 949 947 956 959 954 957 953 944 962 956 959 965 961 958 951 956 959 960 965 952 946 954 959 963 963 970 971 967 952 959 955 962 970 971 975 970 953 969 977 977 975 961 952 958 964 963 975 975 961 966 966 851 730 708
949 950 943 942 951 948 941 940 945 952 949 941 941 948 939 947 947 950 956 956 955 945 949 958 958 945 951 960 960 956 959 961 962 961 953 943 963 962 958 947 953 962 956 947 953 958 965 959 961 962 959 956 953 951 956 953 949 955 958 962 969 963 965 972 966 935 958 962 966 964 955 958 971 975 971 973 972 965 969 969 973 970 971 964 960 969 973 966 974 950 855 893
950 949 946 944 951 947 943 947 948 945 945 946 949 950 945 948 950 955 956 953 950 952 952 955 942 943 948 954 960 952 956 956 957 950 946 929 963 964 963 898 926 963 960 957 958 950 955 958 956 958 955 958 958 943 952 959 943 949 961 970 971 967 965 972 961 919 957 966 968 966 955 966 973 969 973 973 976 967 969 973 967 958 959 971 972 968 975 965 961 970 968 972
951 943 946 943 951 946 942 947 945 945 949 950 954 948 947 950 948 956 950 946 953 956 951 948 953 951 954 960 960 961 961 962 946 951 950 953 964 956 964 964 960 956 937 962 967 967 952 958 962 966 956 953 953 958 957 966 957 954 961 971 971 970 959 963 955 956 948 967 963 963 963 975 974 968 969 972 977 969 969 968 962 954 958 975 980 966 969 968 970 965 974 974
950 943 940 950 952 952 944 944 945 948 949 942 946 944 945 948 947 948 948 953 953 956 948 945 950 945 955 961 961 957 962 962 950 954 958 955 964 955 965 965 960 956 944 955 963 958 958 967 962 963 964 957 953 948 957 944 957 961 939 955 971 960 943 930 956 974 954 946 959 963 963 971 967 972 971 969 972 962 966 963 963 960 967 976 980 969 965 974 977 974 971 972
951 944 947 952 935 937 937 948 953 954 952 949 940 947 953 946 949 942 945 948 950 952 948 952 948 935 955 961 961 956 954 958 957 950 962 964 960 951 964 965 964 960 956 954 957 958 962 959 963 963 957 963 960 960 964 954 957 968 970 962 955 961 952 953 974 966 969 962 967 955 960 967 970 967 976 957 959 963 968 971 970 965 964 976 972 969 965 970 973 971 977 972
952 953 952 952 937 937 938 945 947 950 950 946 940 951 951 932 944 953 953 949 946 949 933 952 954 950 953 948 956 962 962 954 963 950 958 964 956 950 957 963 959 960 955 964 960 966 958 958 961 960 955 956 964 953 965 957 970 971 970 961 963 962 940 961 951 962 948 976 975 967 971 975 968 967 976 971 963 962 962 962 961 972 964 973 968 965 965 962 966 974 978 979
951 953 952 948 941 938 942 948 951 949 946 955 949 956 951 947 953 953 953 954 957 951 943 955 952 960 961 955 961 962 962 958 959 959 958 964 960 943 952 953 953 958 964 966 958 962 957 959 967 965 957 957 968 968 966 961 968 970 966 959 967 972 957 972 961 958 952 955 923 944 959 947 945 967 971 953 951 966 975 972 969 961 968 977 971 960 966 965 962 970 974 975
954 950 946 950 945 942 949 946 951 951 954 955 956 946 955 949 952 952 950 954 959 958 951 952 947 952 958 954 950 961 954 950 960 952 964 959 960 964 962 965 966 965 966 966 958 964 958 961 964 962 956 958 964 969 965 964 965 970 965 957 957 967 959 959 969 957 952 960 945 956 962 957 965 956 958 947 972 979 970 970 970 967 967 972 965 956 957 956 961 957 963 958
953 937 941 946 947 949 953 945 947 954 953 955 951 945 952 954 956 945 953 958 959 960 956 952 952 960 959 952 958 963 962 950 959 954 964 960 960 957 960 963 963 966 960 960 958 956 953 948 947 960 953 952 960 960 962 959 965 963 962 956 950 962 953 956 965 964 951 962 970 970 970 965 972 958 947 960 969 964 965 968 967 961 965 969 968 974 970 967 957 932 952 967
954 943 938 947 952 950 951 954 947 950 956 950 948 947 953 957 953 949 958 958 950 959 956 946 952 957 953 955 962 963 963 963 965 964 965 963 963 961 951 957 967 966 967 968 962 955 963 968 968 968 963 969 959 957 970 970 968 955 950 971 962 965 969 974 967 955 953 970 974 967 975 964 971 958 957 967 965 958 968 973 967 953 968 972 971 981 977 966 966 951 966 967
954 953 947 947 942 942 953 948 939 950 956 949 948 948 957 951 942 951 955 958 948 952 951 955 962 953 950 957 958 963 964 933 964 965 965 965 965 965 965 955 966 962 968 957 964 962 963 968 968 965 958 958 954 954 961 969 969 966 969 962 956 965 973 973 968 960 966 966 962 969 975 974 974 953 965 966 966 977 975 980 965 968 971 968 972 976 977 970 961 965 970 968
955 953 949 946 950 948 943 939 944 956 948 947 948 957 957 952 947 959 960 960 961 956 957 962 962 950 953 954 953 959 964 887 956 965 966 966 965 965 966 953 954 962 961 958 960 960 964 967 968 963 964 961 960 965 952 961 961 960 962 968 962 966 961 964 966 973 974 974 966 974 975 975 960 961 970 975 978 980 964 976 965 971 972 968 970 970 981 974 974 971 969 967
955 946 942 942 945 955 947 946 948 947 947 947 952 945 952 950 953 959 945 953 941 961 962 954 962 962 958 960 964 964 964 955 964 966 966 966 966 964 966 961 955 962 959 959 960 969 967 965 964 961 956 957 961 966 958 961 969 966 965 971 971 966 961 965 974 974 973 974 974 975 975 975 961 966 967 969 970 970 975 970 964 967 976 977 969 970 966 970 971 966 967 968
951 942 950 943 946 956 955 953 943 945 950 942 953 953 953 949 946 946 952 952 961 949 951 955 963 962 963 964 963 964 954 945 964 966 963 964 966 967 967 967 956 962 955 956 957 964 964 958 953 949 956 958 964 964 968 967 970 968 967 971 972 965 965 964 970 973 974 969 974 975 975 975 971 966 969 969 969 976 969 968 971 964 970 978 974 973 975 974 966 971 975 972
939 938 950 950 951 951 956 955 953 945 956 955 956 953 946 950 955 958 949 961 961 961 955 959 963 963 953 963 955 956 951 945 945 963 963 949 957 953 950 967 968 968 968 969 969 969 968 968 951 949 966 971 957 961 964 969 959 967 967 968 967 971 967 965 965 966 974 972 972 974 971 965 960 961 965 970 975 975 971 975 971 959 969 972 971 973 982 967 966 971 978 971
945 943 956 946 939 952 958 958 959 946 939 959 955 959 955 951 956 958 947 961 957 958 950 950 962 957 953 956 952 951 952 966 966 961 961 960 961 961 962 968 963 967 968 960 965 967 960 964 963 964 956 970 931 934 959 965 971 971 971 960 967 971 968 966 968 966 970 970 974 965 965 960 960 964 967 970 980 971 979 973 969 969 976 977 970 973 978 976 970 974 970 966
938 947 945 939 940 958 958 956 948 951 943 960 955 959 955 944 948 956 952 957 953 950 948 954 959 955 954 954 960 962 960 953 962 967 967 964 959 960 968 954 959 963 960 952 958 969 969 965 964 970 970 970 955 955 969 971 971 971 952 959 961 964 965 965 966 961 953 965 966 966 965 971 977 966 959 966 980 971 966 971 975 975 977 981 969 962 969 976 970 970 958 967
948 952 956 942 937 944 953 960 956 960 960 956 960 955 955 958 960 957 962 957 954 963 946 960 964 962 946 948 965 965 953 952 959 967 967 965 957 967 969 963 962 964 960 956 953 957 969 969 969 968 969 970 961 959 970 971 971 971 970 972 967 961 965 965 966 972 950 965 975 975 953 940 973 979 963 976 971 979 980 975 960 961 977 981 981 977 967 957 970 971 965 971
933 951 957 957 945 950 943 941 949 960 961 960 960 960 960 958 948 937 947 949 953 945 945 964 964 962 950 902 944 948 953 967 953 957 965 957 956 969 959 969 960 958 969 969 961 960 954 960 966 956 958 965 957 958 964 966 969 966 972 972 964 957 966 974 974 962 957 967 972 976 964 962 974 967 954 966 979 979 980 972 967 971 960 979 958 973 969 972 973 971 971 983
936 958 953 958 958 954 949 949 956 953 961 961 961 961 960 952 947 930 921 940 950 951 947 955 960 956 954 951 965 963 967 967 956 949 962 967 955 958 958 970 966 962 970 970 971 971 949 962 962 952 967 966 953 963 966 971 957 963 972 972 968 955 950 960 965 962 967 974 976 967 953 959 965 965 942 959 971 979 973 974 978 971 941 959 974 981 975 970 969 970 982 977
947 957 945 948 955 959 959 949 950 939 951 962 962 962 962 962 960 954 927 944 964 959 952 959 960 960 964 959 952 945 941 959 966 965 968 968 969 963 962 970 970 970 970 970 961 961 971 972 962 955 972 971 966 971 970 971 971 964 971 967 964 951 933 954 952 975 972 975 976 961 950 973 961 969 953 968 966 973 979 972 975 969 949 966 969 969 975 973 968 964 980 980
928 945 949 927 925 957 960 939 930 942 946 961 963 963 963 963 963 963 942 943 962 965 955 944 948 959 955 956 965 944 946 954 954 955 963 959 959 965 967 969 960 964 964 954 943 939 949 961 961 962 952 952 971 971 967 971 972 971 966 968 957 933 961 963 957 975 975 963 970 970 958 978 962 968 962 973 968 964 967 976 975 965 974 977 962 982 983 971 970 965 968 985
955 958 950 938 944 950 956 955 947 929 950 958 962 962 963 959 964 963 946 946 954 959 953 936 946 955 953 954 965 957 955 955 950 959 962 965 959 964 961 956 950 948 959 964 962 970 970 962 957 954 945 951 968 971 963 968 972 972 954 954 965 915 932 944 967 975 975 975 975 976 976 957 969 970 977 973 971 967 964 968 974 966 982 978 956 975 977 973 975 975 968 985
954 959 959 949 954 957 961 960 960 961 961 958 958 948 944 959 958 964 955 956 965 952 957 955 955 956 941 948 955 965 965 965 962 962 967 964 967 963 964 956 948 950 960 969 955 967 959 971 964 958 958 962 960 957 969 973 973 972 958 962 970 957 952 967 971 975 948 950 968 970 967 957 978 971 974 958 964 978 970 942 974 974 981 962 958 969 973 970 983 980 973 974
944 957 960 960 952 961 961 951 947 962 962 952 955 952 958 964 965 964 949 966 965 946 957 963 957 964 956 958 965 952 961 966 964 963 958 949 967 964 964 968 964 966 968 968 947 957 961 972 968 967 971 963 964 961 973 963 973 968 966 964 967 956 967 955 967 965 968 971 971 974 964 957 978 977 970 969 979 979 969 937 966 973 969 956 961 969 966 972 963 961 956 955
949 948 961 961 959 962 963 962 962 963 962 959 943 945 960 965 956 966 959 966 966 957 962 964 946 958 955 959 965 965 966 962 958 965 967 958 967 951 951 960 967 964 965 957 927 945 969 951 959 972 971 970 971 967 973 957 957 954 973 963 961 955 966 956 957 961 976 976 977 970 977 943 955 978 976 979 974 963 967 968 965 968 982 982 975 969 971 970 971 983 971 972
951 950 961 963 963 962 962 964 958 964 962 963 948 953 961 956 933 948 943 966 966 955 947 943 937 964 950 964 957 958 962 961 958 963 967 957 967 965 968 963 959 960 964 968 958 891 931 908 934 970 972 971 965 967 973 956 946 953 949 957 964 972 965 964 967 968 966 977 971 973 977 961 945 974 976 972 980 974 969 981 971 964 968 979 983 981 971 967 966 972 965 975
