prediction/untitled folder/solar_ghi_19900101_01UT.txt
NCOLS 839
NROWS 679
XLLCORNER 112.025005
YLLCORNER -43.9750009
CELLSIZE 0.0499954
NODATA_VALUE -999
[rows 546 to 584 of 679, columns 528 to 615 of 839]
-999 -999 -999 -999 -999 -999 -999 -999 -999 -999 -999 -999 -999 -999 -999 -999 1053 1038 1038 1038 1038 1038 1038 1038 1038 1038 1038 1038 1038 1006 1006 1035 1025 1047 1039 1027 1049 1026 1041 1043 1056 1058 1059 1058 1040 1049 1049 1034 1049 1055 1057 1056 1057 1057 1058 1057 1063 1065 1066 1066 1065 1066 1067 1067 1067 1052 1043 1052 1062 1069 1069 1070 1066 1036 1056 1048 1064 1062 1065 1057 1043 1051 1054 1057 1028 1034 1050 1050
-999 -999 -999 -999 -999 -999 -999 -999 -999 -999 -999 -999 -999 -999 -999 -999 1053 1038 1038 1038 1038 1038 1038 1038 1038 1038 1038 1038 1006 1006 1035 1035 1014 1054 1027 1021 1046 1028 1021 1039 1056 1038 1040 1035 1024 1020 1014 1014 1042 1043 1038 1058 1057 1057 1057 1048 1065 1065 1066 1067 1067 1068 1067 1068 1069 1068 1054 1058 1051 1070 1064 1071 1059 1050 1071 1047 1063 1065 1068 1061 1057 1054 1059 1059 1052 1052 1052 1031
-999 -999 -999 -999 -999 -999 -999 -999 -999 -999 -999 -999 -999 -999 -999 -999 1053 1038 1038 1038 1038 1038 1038 1038 1038 1038 1038 1038 1006 1035 1017 1017 1017 1017 1009 1025 1052 1035 1039 1054 1054 1055 1049 1042 1030 1040 1058 1058 1030 1051 1046 1046 1050 1057 1057 1052 1063 1064 1064 1067 1068 1068 1053 1069 1069 1069 1064 1059 1058 1066 1067 1071 1073 1065 1071 1039 1053 1069 1073 1049 1054 1057 1033 1055 1058 1055 1051 1043
-999 -999 -999 -999 -999 -999 -999 -999 -999 -999 -999 -999 -999 -999 -999 -999 1053 1038 1038 1038 1038 1038 1038 1038 1038 1038 1038 1038 1017 1017 1017 1017 1017 1016 1007 1049 1037 1038 1038 1053 1054 1050 1055 1044 1058 1059 1053 1060 1041 1061 1058 1059 1040 1039 1059 1059 1053 1046 1058 1066 1067 1069 1050 1061 1069 1069 1070 1052 1071 1071 1071 1072 1073 1062 1074 1050 1047 1073 1074 1062 1063 1051 1036 1050 1059 1055 1050 1048
-999 -999 -999 -999 -999 -999 -999 -999 -999 -999 -999 -999 -999 -999 -999 -999 1053 1038 1038 1038 1038 1038 1038 1038 1038 1038 1038 1017 1017 1017 1017 1017 1016 1016 1020 1047 1010 1041 1028 1032 1054 1021 1054 1050 1042 1052 1061 1059 1039 1027 1053 1054 1060 1059 1057 1055 1060 1049 1051 1059 1067 1067 1067 1068 1068 1068 1052 1068 1069 1068 1071 1071 1070 1070 1071 1072 1073 1074 1075 1074 1074 1055 1034 1050 1069 1061 1047 1048
-999 -999 -999 -999 -999 -999 -999 -999 -999 -999 -999 -999 -999 -999 -999 -999 -999 1038 1038 1038 1038 1038 1038 1038 1038 1038 1017 1017 1017 1017 1017 1016 1016 1020 1020 961 1005 1040 1027 1025 1053 1010 1037 1049 1034 1042 1055 1057 1040 1042 1061 1063 1061 1058 1057 1049 1043 1056 1059 1055 1064 1067 1067 1067 1068 1063 1058 1066 1066 1069 1069 1070 1069 1064 1067 1072 1072 1072 1074 1072 1074 1058 1067 1073 1058 1053 1057 1049
-999 -999 -999 -999 -999 -999 -999 -999 -999 -999 -999 -999 -999 -999 -999 -999 -999 1038 1038 1038 1038 1038 1038 1038 1038 1017 1017 1017 1017 1017 1016 1016 1020 1020 961 961 1049 1052 1051 1033 1025 1042 1033 1059 1050 1039 1049 1054 1038 1053 1059 1061 1061 1058 1057 1050 1031 1052 1059 1061 1064 1064 1066 1067 1066 1068 1064 1069 1069 1069 1068 1069 1069 1069 1069 1062 1047 1059 1073 1061 1073 1072 1062 1056 1042 1048 1064 1050
-999 -999 -999 -999 -999 -999 -999 -999 -999 -999 -999 -999 -999 -999 -999 -999 -999 1038 1038 1038 1038 1038 1038 1038 1017 1017 1017 1017 1017 1016 1016 1020 1020 961 961 1049 1049 1042 1052 1053 1034 1053 1048 1059 1058 1038 1029 1053 1050 1026 1057 1060 1059 1059 1050 1056 1056 1041 1035 1031 1061 1063 1065 1066 1067 1061 1057 1068 1068 1063 1065 1066 1068 1070 1070 1065 1055 1052 1060 1053 1071 1053 1052 1045 1041 1045 1063 1073
-999 -999 -999 -999 -999 -999 -999 -999 -999 -999 -999 -999 -999 -999 -999 -999 -999 1038 1038 1038 1038 1038 1038 1038 1017 1017 1017 1017 1016 1016 1020 1020 961 961 1049 1027 1027 1027 1047 1049 1055 1046 1049 1055 1049 1040 1053 1052 1052 1032 1036 1057 1059 1059 1056 1056 1055 1047 1056 1056 1036 1039 1039 1058 1066 1066 1065 1066 1065 1064 1064 1067 1057 1068 1068 1070 1069 1058 1058 1073 1055 1040 1049 1048 1037 1055 1073 1062
-999 -999 -999 -999 -999 -999 -999 -999 -999 -999 -999 -999 -999 -999 -999 -999 -999 -999 -999 -999 1006 1006 1017 1017 1017 1017 1017 1016 1016 1020 1020 961 961 1027 1027 1027 1027 1027 1032 1012 1035 1036 1038 1039 1041 1033 1051 1046 1049 1053 1039 1054 1036 1028 1035 1055 1054 1053 1056 1056 1056 1057 1058 1061 1064 1064 1036 1065 1064 1066 1066 1067 1066 1067 1067 1067 1069 1069 1070 1071 1057 1055 1057 1053 1072 1072 1068 1060
-999 -999 -999 -999 -999 -999 -999 -999 -999 -999 -999 -999 -999 -999 -999 -999 -999 -999 -999 -999 -999 1035 1017 1017 1017 1017 1016 1016 1020 1020 961 1027 1027 1027 1027 1027 1027 1032 1032 1046 1038 1009 1014 1010 1018 1015 1019 1019 1030 1053 1053 1053 1025 1027 1024 1054 1054 1054 1054 1057 1057 1056 1057 1060 1053 1057 1049 1053 1064 1066 1066 1065 1065 1066 1050 1049 1068 1068 1069 1069 1062 1072 1071 1066 1071 1071 1072 1063
-999 -999 -999 -999 -999 -999 -999 -999 -999 -999 -999 -999 -999 -999 -999 -999 -999 -999 -999 -999 -999 -999 1017 1017 1017 1016 1016 1020 1020 961 1027 1027 1027 1027 1027 1027 1032 1043 1043 1043 1046 1046 1024 1020 1024 1035 1031 1045 1043 1021 1023 1052 1052 1052 1051 1050 1053 1053 1052 1058 1039 1056 1058 1059 1059 1060 1059 1052 1062 1064 1066 1066 1065 1066 1067 1057 1067 1067 1068 1064 1070 1069 1068 1070 1070 1069 1070 1071
-999 -999 -999 -999 -999 -999 -999 -999 -999 -999 -999 -999 -999 -999 -999 -999 -999 -999 -999 -999 -999 -999 1017 1017 1016 1016 1020 1020 1027 1027 1027 1027 1027 1027 1027 1043 1043 1043 1043 1043 1046 1043 1046 1041 1047 1041 1041 1038 1027 1028 1046 1049 1030 1049 1052 1052 1053 1053 1054 1041 1058 1059 1040 1054 1058 1060 1058 1057 1061 1064 1065 1065 1065 1065 1066 1067 1065 1067 1066 1067 1067 1068 1069 1068 1058 1069 1070 1070
-999 -999 -999 -999 -999 -999 -999 -999 -999 -999 -999 -999 -999 -999 -999 -999 -999 -999 -999 -999 -999 -999 -999 1016 1016 1020 1020 1027 1027 1027 1027 1027 1027 1043 1043 1043 1043 1043 1043 1043 1043 1043 1046 1044 1044 1046 1043 1031 1019 1024 1047 1048 1033 1050 1023 1038 1053 1053 1053 1054 1056 1059 1058 1056 1056 1039 1042 1051 1062 1064 1064 1063 1062 1063 1065 1066 1066 1066 1056 1067 1067 1066 1068 1067 1067 1067 1068 1067
-999 -999 -999 -999 -999 -999 -999 -999 -999 -999 -999 -999 -999 -999 -999 -999 -999 -999 -999 -999 -999 -999 -999 -999 1020 1020 961 1027 1027 1027 1027 1027 1043 1043 1043 1043 1043 1043 1043 1043 1043 1043 1044 1044 1044 1044 1046 1036 1019 1025 1043 1045 1048 1049 1019 1000 1027 1054 1054 1053 1036 1049 1034 1027 1027 1021 1025 1033 1060 1064 1063 1064 1063 1065 1065 1063 1064 1065 1065 1066 1066 1065 1067 1066 1067 1067 1066 1067
-999 -999 -999 -999 -999 -999 -999 -999 -999 -999 -999 -999 -999 -999 -999 -999 -999 -999 -999 -999 -999 -999 -999 -999 -999 961 961 1027 1027 1027 1043 1043 1043 1043 1043 1043 1043 1043 1043 1043 1043 1044 1044 1044 1044 1044 1046 1036 1036 1025 1043 1045 1048 1047 1047 1004 985 1054 1055 1054 1040 1027 1011 1009 1002 992 989 996 994 1022 1053 1060 1063 1064 1064 1063 1063 1062 1047 1055 1064 1066 1065 1064 1066 1066 1066 1066
-999 -999 -999 -999 -999 -999 -999 -999 -999 -999 -999 -999 -999 -999 -999 -999 -999 -999 -999 -999 -999 -999 -999 -999 -999 -999 1049 1027 1027 1043 1043 1043 1043 1043 1043 1043 1043 1043 1043 1043 1043 1044 1044 1044 1044 1044 1046 1036 1036 1025 1043 1045 1047 1047 1047 1046 1050 1023 1038 1049 1046 1050 1050 1050 1039 1008 997 993 960 966 1006 1035 1036 1024 1029 1056 1059 1048 1045 1049 1049 1064 1065 1063 1063 1065 1065 1066
-999 -999 -999 -999 -999 -999 -999 -999 -999 -999 -999 -999 -999 -999 -999 -999 -999 -999 -999 -999 -999 -999 -999 -999 -999 -999 -999 1027 1027 1043 1043 1043 1043 1043 1043 1043 1043 1043 1043 1043 1044 1044 1044 1044 1044 1044 1046 1036 1036 1025 1043 1047 1047 1047 1046 1046 1050 1029 1049 1046 1030 1036 1040 1049 1050 1046 1045 1030 1013 1005 1002 987 972 960 962 1018 1054 1004 1003 1024 1031 1063 1064 1063 1064 1065 1065 1065
-999 -999 -999 -999 -999 -999 -999 -999 -999 -999 -999 -999 -999 -999 -999 -999 -999 -999 -999 -999 -999 -999 -999 -999 -999 -999 -999 1027 1027 1043 1043 1043 1043 1043 1043 1043 1043 1043 1043 1043 1044 1044 1044 1044 1044 1044 1046 1036 1036 1025 1043 1047 1047 1046 1046 1046 1029 1029 1048 1028 1040 1040 1049 1048 1049 1047 1047 1050 1041 1029 1041 1041 1036 1017 1027 1040 1047 1028 1025 1020 1026 1047 1041 1049 1047 1063 1064 1065
-999 -999 -999 -999 -999 -999 -999 -999 -999 -999 -999 -999 -999 -999 -999 -999 -999 -999 -999 -999 -999 -999 -999 -999 -999 -999 -999 -999 1032 1043 1043 1043 1043 1043 1043 1043 1043 1043 1043 1044 1044 1044 1044 1044 1044 1044 1046 1036 1036 1025 1043 1047 1047 1046 1046 1029 1029 1048 1048 1046 1045 1045 1045 1046 1049 1047 1047 1050 1041 1029 1041 1048 1051 1051 1051 1051 1051 1048 1047 1049 1026 1011 1007 1017 1035 1030 1036 1043
-999 -999 -999 -999 -999 -999 -999 -999 -999 -999 -999 -999 -999 -999 -999 -999 -999 -999 -999 -999 -999 -999 -999 -999 -999 -999 -999 -999 -999 1043 1043 1043 1043 1043 1043 1043 1043 1043 1043 1044 1044 1044 1044 1044 1044 1044 1046 1036 1036 1025 1047 1047 1046 1046 1046 1029 1048 1048 1046 1046 1046 1047 1045 1046 1046 1047 1047 1050 1041 1029 1048 1048 1051 1047 1048 1049 1049 1049 1049 1048 1052 1029 1015 1029 1025 1022 1025 1036
-999 -999 -999 -999 -999 -999 -999 -999 -999 -999 -999 -999 -999 -999 -999 -999 -999 -999 -999 -999 -999 -999 -999 -999 -999 -999 -999 -999 -999 1043 1043 1043 1043 1043 1043 1043 1043 1043 1044 1044 1044 1044 1044 1044 1044 1044 1046 1036 1036 1025 1047 1047 1046 1046 1029 1048 1048 1046 1046 1046 1046 1047 1045 1045 1045 1046 1047 1050 1041 1048 1048 1048 1047 1047 1048 1049 1049 1049 1049 1048 1052 1029 1048 1052 1023 1018 1027 1025
-999 -999 -999 -999 -999 -999 -999 -999 -999 -999 -999 -999 -999 -999 -999 -999 -999 -999 -999 -999 -999 -999 -999 -999 -999 -999 -999 -999 -999 -999 -999 1043 1043 1043 1043 1043 1043 1043 1044 1044 1044 1044 1044 1044 1044 1044 1046 1036 1036 1025 1047 1046 1046 1046 1048 1048 1046 1046 1046 1046 1046 1045 1045 1045 1045 1045 1047 1050 1041 1048 1048 1047 1047 1047 1048 1049 1049 1049 1049 1048 1052 1048 1048 1052 1052 1052 1050 1014
-999 -999 -999 -999 -999 -999 -999 -999 -999 -999 -999 -999 -999 -999 -999 -999 -999 -999 -999 -999 -999 -999 -999 -999 -999 -999 -999 -999 -999 -999 -999 -999 -999 1044 1044 1044 1044 1044 1044 1044 1044 1044 1044 1044 1044 1044 1046 1036 1036 1047 1047 1046 1046 1048 1048 1046 1046 1046 1046 1046 1045 1045 1045 1045 1045 1045 1045 1050 1041 1048 1048 1047 1047 1047 1048 1049 1049 1049 1049 1048 1048 1048 1048 1052 1052 1052 1051 1052
-999 -999 -999 -999 -999 -999 -999 -999 -999 -999 -999 -999 -999 -999 -999 -999 -999 -999 -999 -999 -999 -999 -999 -999 -999 -999 -999 -999 -999 -999 -999 -999 -999 -999 -999 1044 1044 1044 1044 1044 1044 1044 1044 1044 1044 1044 1046 1036 1036 1047 1046 1046 1048 1048 1046 1046 1046 1046 1046 1046 1045 1045 1045 1045 1045 1045 1045 1045 1048 1048 1047 1047 1047 1047 1048 1049 1049 1049 1049 1048 1048 1048 1052 1052 1052 1051 1051 1051
-999 -999 -999 -999 -999 -999 -999 -999 -999 -999 -999 -999 -999 -999 -999 -999 -999 -999 -999 -999 -999 -999 -999 -999 -999 -999 -999 -999 -999 -999 -999 -999 -999 -999 -999 -999 -999 -999 -999 -999 -999 -999 -999 1047 1047 1047 1047 1047 1047 1047 1046 1046 1048 1046 1046 1046 1046 1046 1046 1045 1045 1045 1045 1045 1045 1045 1045 1045 1048 1048 1047 1047 1047 1047 1048 1049 1049 1049 1049 1048 1048 1048 1052 1052 1051 1051 1051 1051
-999 -999 -999 -999 -999 -999 -999 -999 -999 -999 -999 -999 -999 -999 -999 -999 -999 -999 -999 -999 -999 -999 -999 -999 -999 -999 -999 -999 -999 -999 -999 -999 -999 -999 -999 -999 -999 -999 -999 -999 -999 -999 -999 -999 -999 1046 1046 1046 1046 1046 1046 1048 1046 1046 1046 1046 1046 1046 1046 1045 1045 1045 1045 1045 1045 1045 1045 1045 1048 1047 1047 1047 1047 1047 1048 1049 1049 1049 1049 1048 1048 1052 1052 1052 1051 1051 1051 1051
-999 -999 -999 -999 -999 -999 -999 -999 -999 -999 -999 -999 -999 -999 -999 -999 -999 -999 -999 -999 -999 -999 -999 -999 -999 -999 -999 -999 -999 -999 -999 -999 -999 -999 -999 -999 -999 -999 -999 -999 -999 -999 -999 -999 -999 -999 -999 1029 1029 1048 1048 1046 1046 1046 1046 1046 1046 1046 1045 1045 1045 1045 1045 1045 1045 1045 1045 1045 1045 1047 1047 1047 1047 1047 1048 1049 1049 1049 1049 1048 1048 1052 1052 1051 1051 1051 1051 1051
-999 -999 -999 -999 -999 -999 -999 -999 -999 -999 -999 -999 -999 -999 -999 -999 -999 -999 -999 -999 -999 -999 -999 -999 -999 -999 -999 -999 -999 -999 -999 -999 -999 -999 -999 -999 -999 -999 -999 -999 -999 -999 -999 -999 -999 -999 -999 -999 1048 1048 1046 1046 1046 1046 1046 1046 1046 1046 1045 1045 1045 1045 1045 1045 1045 1045 1045 1045 1045 1047 1047 1047 1047 1047 1048 1049 1049 1049 1049 1048 1052 1052 1052 1051 1051 1051 1051 1051
-999 -999 -999 -999 -999 -999 -999 -999 -999 -999 -999 -999 -999 -999 -999 -999 -999 -999 -999 -999 -999 -999 -999 -999 -999 -999 -999 -999 -999 -999 -999 -999 -999 -999 -999 -999 -999 -999 -999 -999 -999 -999 -999 -999 -999 -999 -999 -999 -999 1046 1046 1046 1046 1046 1046 1046 1046 1045 1045 1045 1045 1045 1045 1045 1045 1045 1045 1045 1045 1047 1047 1047 1047 1047 1048 1049 1049 1049 1048 1048 1052 1052 1051 1051 1051 1051 1051 1051
-999 -999 -999 -999 -999 -999 -999 -999 -999 -999 -999 -999 -999 -999 -999 -999 -999 -999 -999 -999 -999 -999 -999 -999 -999 -999 -999 -999 -999 -999 -999 -999 -999 -999 -999 -999 -999 -999 -999 -999 -999 -999 -999 -999 -999 -999 -999 -999 -999 -999 1046 1046 1046 1046 1046 1046 1046 1045 1045 1045 1045 1045 1045 1045 1045 1045 1045 1045 1045 1047 1047 1047 1047 1047 1048 1049 1049 1049 1048 1052 1052 1051 1051 1051 1051 1051 1051 1048
-999 -999 -999 -999 -999 -999 -999 -999 -999 -999 -999 -999 -999 -999 -999 -999 -999 -999 -999 -999 -999 -999 -999 -999 -999 -999 -999 -999 -999 -999 -999 -999 -999 -999 -999 -999 -999 -999 -999 -999 -999 -999 -999 -999 -999 -999 -999 -999 -999 -999 -999 -999 1045 1045 1045 1045 1045 1045 1045 1045 1045 1045 1045 1045 1045 1045 1045 1045 1045 1045 1045 1045 1045 1048 1048 1048 1048 1048 1048 1052 1052 1051 1051 1051 1051 1051 1051 1048
-999 -999 -999 -999 -999 -999 -999 -999 -999 -999 -999 -999 -999 -999 -999 -999 -999 -999 -999 -999 -999 -999 -999 -999 -999 -999 -999 -999 -999 -999 -999 -999 -999 -999 -999 -999 -999 -999 -999 -999 -999 -999 -999 -999 -999 -999 -999 -999 -999 -999 -999 -999 -999 -999 -999 -999 -999 -999 -999 -999 -999 -999 -999 -999 -999 -999 -999 -999 -999 -999 -999 -999 -999 -999 1052 1052 1052 1052 1052 1052 1051 1051 1051 1051 1051 1051 1051 1048
-999 -999 -999 -999 -999 -999 -999 -999 -999 -999 -999 -999 -999 -999 -999 -999 -999 -999 -999 -999 -999 -999 -999 -999 -999 -999 -999 -999 -999 -999 -999 -999 -999 -999 -999 -999 -999 -999 -999 -999 -999 -999 -999 -999 -999 -999 -999 -999 -999 -999 -999 -999 -999 -999 -999 -999 -999 -999 -999 -999 -999 -999 -999 -999 -999 -999 -999 -999 -999 -999 -999 -999 -999 -999 -999 -999 1051 1051 1051 1051 1051 1051 1051 1051 1051 1051 1048 1048
-999 -999 -999 -999 -999 -999 -999 -999 -999 -999 -999 -999 -999 -999 -999 -999 -999 -999 -999 -999 -999 -999 -999 -999 -999 -999 -999 -999 -999 -999 -999 -999 -999 -999 -999 -999 -999 -999 -999 -999 -999 -999 -999 -999 -999 -999 -999 -999 -999 -999 -999 -999 -999 -999 -999 -999 -999 -999 -999 -999 -999 -999 -999 -999 -999 -999 -999 -999 -999 -999 -999 -999 -999 -999 -999 -999 -999 1051 1051 1051 1051 1051 1051 1051 1051 1051 1048 1048
-999 -999 -999 -999 -999 -999 -999 -999 -999 -999 -999 -999 -999 -999 -999 -999 -999 -999 -999 -999 -999 -999 -999 -999 -999 -999 -999 -999 -999 -999 -999 -999 -999 -999 -999 -999 -999 -999 -999 -999 -999 -999 -999 -999 -999 -999 -999 -999 -999 -999 -999 -999 -999 -999 -999 -999 -999 -999 -999 -999 -999 -999 -999 -999 -999 -999 -999 -999 -999 -999 -999 -999 -999 -999 -999 -999 -999 -999 -999 -999 1048 1048 1048 1048 1048 1048 1048 1048
-999 -999 -999 -999 -999 -999 -999 -999 -999 -999 -999 -999 -999 -999 -999 -999 -999 -999 -999 -999 -999 -999 -999 -999 -999 -999 -999 -999 -999 -999 -999 -999 -999 -999 -999 -999 -999 -999 -999 -999 -999 -999 -999 -999 -999 -999 -999 -999 -999 -999 -999 -999 -999 -999 -999 -999 -999 -999 -999 -999 -999 -999 -999 -999 -999 -999 -999 -999 -999 -999 -999 -999 -999 -999 -999 -999 -999 -999 -999 -999 -999 -999 -999 1048 1048 1048 1048 1048
-999 -999 -999 -999 -999 -999 -999 -999 -999 -999 -999 -999 -999 -999 -999 -999 -999 -999 -999 -999 -999 -999 -999 -999 -999 -999 -999 -999 -999 -999 -999 -999 -999 -999 -999 -999 -999 -999 -999 -999 -999 -999 -999 -999 -999 -999 -999 -999 -999 -999 -999 -999 -999 -999 -999 -999 -999 -999 -999 -999 -999 -999 -999 -999 -999 -999 -999 -999 -999 -999 -999 -999 -999 -999 -999 -999 -999 -999 -999 -999 -999 -999 -999 -999 -999 995 995 1039
-999 -999 -999 -999 -999 -999 -999 -999 -999 -999 -999 -999 -999 -999 -999 -999 -999 -999 -999 -999 -999 -999 -999 -999 -999 -999 -999 -999 -999 -999 -999 -999 -999 -999 -999 -999 -999 -999 -999 -999 -999 -999 -999 -999 -999 -999 -999 -999 -999 -999 -999 -999 -999 -999 -999 -999 -999 -999 -999 -999 -999 -999 -999 -999 -999 -999 -999 -999 -999 -999 -999 -999 -999 -999 -999 -999 -999 -999 -999 -999 -999 -999 -999 -999 -999 -999 1039 1039
