prediction/untitled folder/solar_ghi_19900101_07UT.txt
NCOLS 839
NROWS 679
XLLCORNER 112.025005
YLLCORNER -43.9750009
CELLSIZE 0.0499954
NODATA_VALUE -999
[rows 126 to 167 of 679, columns 470 to 563 of 839]
118 112 117 121 123 123 127 129 139 136 123 130 135 146 155 156 151 145 147 144 143 152 151 151 147 155 165 165 179 175 177 182 180 173 173 169 174 176 190 212 219 215 220 212 210 210 206 206 206 174 174 174 182 182 194 194 193 193 193 185 185 185 200 189 189 223 223 223 223 209 209 200 200 200 200 200 191 183 183 183 182 185 185 185 185 180 180 180 180 180 180 180 180 -999
108 105 108 121 128 127 122 127 140 128 139 136 124 127 140 154 153 149 149 148 147 149 152 151 144 149 160 160 179 164 172 168 168 165 170 172 172 180 190 209 216 215 218 207 204 206 206 206 174 174 174 182 182 194 194 195 193 193 193 185 185 185 200 189 189 223 223 223 223 223 209 209 200 200 200 200 191 188 183 183 182 185 185 185 180 180 180 180 180 180 180 180 180 -999
105 103 97 109 119 123 122 129 137 131 136 128 122 120 134 146 150 150 152 153 152 153 152 148 150 149 155 160 174 167 166 160 157 159 156 161 161 174 181 199 208 208 204 190 184 183 183 174 174 174 182 182 194 194 195 193 193 193 185 185 185 193 200 189 189 189 223 223 223 223 223 209 209 200 200 200 191 188 183 183 182 185 185 180 180 180 180 180 180 180 180 180 180 -999
116 112 97 101 115 123 127 130 126 138 128 128 133 125 135 134 136 138 146 153 147 146 152 148 150 150 152 160 168 170 167 163 160 154 153 156 155 160 165 173 183 189 182 176 169 169 163 174 174 182 182 194 194 195 195 193 193 193 185 185 185 193 200 189 189 189 223 223 223 223 223 223 209 209 200 200 191 188 183 179 182 184 180 180 180 180 180 180 180 180 180 180 180 -999
110 114 110 104 109 113 121 127 124 139 131 128 131 136 129 129 133 138 143 148 142 141 146 148 151 147 161 160 166 162 167 161 160 154 156 155 155 158 157 156 162 171 168 170 164 169 163 174 182 182 194 194 195 195 193 193 193 193 185 185 185 193 200 189 189 189 189 223 223 223 223 223 223 209 209 196 188 192 186 179 179 184 180 180 180 180 180 180 180 180 180 180 180 -999
109 112 120 108 101 107 118 120 138 140 139 128 134 139 136 127 126 130 138 143 146 144 146 143 145 139 156 155 154 165 165 160 154 154 157 153 153 161 160 154 156 163 160 165 164 175 175 178 184 194 194 195 195 199 193 193 193 185 185 185 185 193 200 189 189 189 189 223 223 223 223 223 223 223 223 213 196 195 191 191 191 184 180 180 180 180 180 180 180 180 180 180 180 -999
106 103 120 119 97 100 118 120 135 140 140 134 137 139 139 133 124 128 133 134 142 148 149 146 139 136 147 146 149 154 159 158 157 157 154 151 153 161 163 160 161 161 160 165 164 172 177 174 181 189 195 195 199 193 193 193 193 185 185 185 193 193 200 189 189 189 189 198 223 223 223 223 223 223 215 201 192 195 191 191 191 184 180 180 180 180 180 180 180 180 180 180 180 -999
111 98 114 124 115 99 112 116 133 141 140 143 134 140 139 139 138 134 132 126 134 148 143 146 143 142 136 147 149 148 153 156 152 155 155 154 156 161 163 168 165 162 167 165 153 170 178 174 177 183 195 199 199 193 193 193 189 185 185 185 193 193 200 189 189 189 198 198 198 223 223 223 223 223 202 198 192 192 191 191 191 191 180 180 180 180 180 180 180 180 180 180 180 -999
113 105 118 127 126 104 109 113 122 141 141 146 143 140 140 136 135 134 132 127 131 139 144 146 143 145 131 144 146 148 147 150 147 149 154 157 156 161 163 166 162 167 167 165 157 164 172 177 177 179 188 185 188 193 193 193 189 185 185 186 193 193 200 189 189 189 198 198 198 195 223 223 223 202 202 198 198 192 192 191 191 191 180 180 180 180 180 180 180 180 180 180 180 -999
124 121 123 122 119 117 117 117 123 141 138 143 149 143 140 136 135 134 130 127 132 134 142 147 132 146 142 147 146 146 148 148 147 146 149 151 153 158 160 163 168 168 162 172 160 167 169 178 171 176 179 182 184 184 184 187 189 185 185 186 193 193 200 189 189 200 198 198 198 195 195 223 202 202 202 198 198 198 192 191 191 191 191 180 180 180 180 180 180 180 180 180 180 -999
129 137 125 122 118 121 113 121 123 130 127 143 152 149 137 138 138 137 133 127 133 134 139 144 143 142 145 150 150 146 148 148 147 146 146 146 151 159 158 158 166 162 168 173 169 162 162 167 169 175 177 184 187 184 183 185 188 187 184 186 193 193 200 189 189 200 198 198 192 195 195 195 202 202 202 198 198 198 218 218 218 218 218 218 218 218 180 180 180 180 180 180 180 -999
143 146 126 135 120 117 121 117 121 125 127 143 156 150 137 136 138 137 137 133 136 140 134 145 153 143 148 151 150 149 146 148 148 147 149 154 154 162 158 158 158 163 165 173 172 168 164 159 163 172 177 179 181 184 183 182 188 191 187 189 189 189 207 189 188 200 198 198 192 195 195 195 187 187 202 198 198 218 218 218 218 218 218 218 218 218 218 218 218 218 180 180 180 -999
146 146 131 158 118 117 126 117 121 125 132 137 150 156 146 136 139 137 131 133 141 147 142 144 153 149 146 151 150 152 143 148 151 156 153 149 154 159 162 164 161 169 161 173 173 172 168 162 170 174 177 179 185 181 177 180 188 184 187 190 183 182 191 195 194 181 175 192 192 195 195 187 187 186 186 186 218 218 218 218 218 218 218 218 218 218 218 218 218 218 180 180 180 -999
147 147 134 161 132 127 121 126 125 123 130 133 147 156 153 142 138 132 131 139 147 147 152 151 147 153 149 151 147 153 146 148 151 150 150 146 151 157 162 164 163 166 157 164 173 163 171 167 169 172 177 177 182 178 177 186 185 188 197 184 186 186 188 198 197 187 187 181 189 189 187 187 186 186 186 186 218 218 218 218 218 218 218 218 218 218 218 218 218 218 180 180 180 -999
147 141 135 158 138 137 129 137 131 128 133 142 150 156 158 148 138 129 134 139 148 147 156 155 151 154 153 152 148 150 146 146 148 150 150 146 155 157 168 173 164 172 160 171 172 169 163 170 173 178 177 176 176 175 175 186 192 191 188 188 191 196 188 191 191 198 209 194 194 191 180 186 186 186 186 186 218 218 218 218 218 218 218 218 218 218 218 218 218 218 214 244 -999 250
147 132 146 158 133 144 135 143 137 139 142 148 156 159 162 155 144 135 132 128 134 145 156 156 155 153 153 152 146 150 150 152 155 154 156 150 155 163 174 176 173 175 172 174 173 172 169 171 173 176 174 177 179 179 175 180 190 193 192 199 198 207 196 195 199 198 205 205 212 215 189 183 183 183 183 183 218 218 218 218 218 218 218 218 218 218 218 218 218 218 253 253 253 253
164 138 159 143 139 139 133 137 147 152 154 157 166 166 162 161 150 135 127 126 126 139 150 155 149 153 152 152 149 151 150 149 152 151 156 156 158 164 168 173 176 175 175 174 173 173 172 172 174 176 172 180 183 177 178 184 190 193 191 192 192 210 201 207 207 206 217 219 217 205 189 187 187 187 209 209 218 218 218 218 218 218 218 218 218 218 218 218 218 253 253 229 229 229
197 157 166 152 137 133 138 138 140 154 158 163 169 171 171 161 155 141 134 134 134 128 147 156 145 153 152 152 152 152 151 152 155 154 160 159 164 161 163 173 176 175 175 175 174 174 173 172 171 173 181 186 183 180 184 190 187 190 200 201 202 201 209 209 203 220 220 221 234 220 205 200 200 209 209 209 218 218 218 218 218 218 218 218 218 218 218 218 253 253 253 229 229 217
223 178 174 164 138 130 150 143 142 157 160 162 168 174 167 160 152 146 131 137 128 133 146 149 151 153 153 152 152 152 151 156 156 155 160 165 168 167 166 174 176 181 176 175 174 173 173 172 171 174 178 184 187 187 186 190 194 194 193 192 207 210 210 222 220 219 219 221 230 221 208 209 209 209 209 207 206 215 218 218 218 218 218 218 218 218 253 253 253 253 229 229 229 217
216 203 175 179 154 139 156 149 145 157 163 162 167 173 167 160 155 149 129 134 126 136 138 145 154 153 152 152 155 161 156 159 165 161 160 165 168 172 175 168 176 176 177 175 167 165 164 175 181 180 179 179 178 178 177 182 185 191 193 200 203 223 210 210 211 219 206 211 218 208 208 221 208 208 207 216 206 215 215 215 191 191 191 191 214 253 253 253 253 253 229 229 229 217
187 224 184 177 186 160 160 147 146 155 161 165 171 168 167 170 163 153 143 137 126 120 135 146 154 154 153 155 161 163 162 171 173 167 167 168 168 167 176 169 168 176 176 181 172 162 165 173 175 180 183 182 176 169 174 183 185 184 193 193 204 203 211 210 207 213 215 209 217 212 204 215 213 207 207 216 206 215 215 191 191 191 191 214 214 253 253 253 253 229 229 229 229 244
158 193 209 179 180 179 163 153 156 158 158 167 171 171 168 171 169 166 153 146 126 116 135 146 148 153 153 156 164 164 163 171 176 176 172 175 171 176 179 177 166 166 168 176 175 175 179 179 175 181 181 180 174 169 168 173 182 190 194 187 193 192 191 202 200 213 215 210 214 204 208 212 210 222 215 216 206 215 215 191 191 191 214 214 251 253 253 253 253 229 229 229 246 244
149 152 203 188 164 188 175 161 161 166 162 162 166 171 170 174 179 177 160 140 134 116 135 137 148 154 156 165 164 165 163 168 176 176 175 181 180 170 176 178 167 165 164 164 167 174 177 186 189 181 179 179 180 180 178 183 185 185 194 184 192 193 192 191 194 209 204 207 206 205 204 200 198 203 207 213 208 201 204 191 191 214 214 244 251 253 253 253 229 229 229 229 246 244
119 155 171 214 194 200 189 181 171 168 167 166 164 172 174 174 176 181 177 165 137 130 128 135 141 157 165 160 165 165 164 172 177 170 178 181 180 179 180 179 178 165 165 164 164 166 174 175 177 182 179 178 175 171 176 177 177 176 185 184 194 193 192 192 202 201 200 202 205 205 208 216 206 193 202 208 205 212 208 206 214 214 244 243 251 253 253 253 229 229 229 229 246 244
137 168 170 212 200 206 199 189 181 175 173 165 161 166 171 186 183 182 175 172 183 151 134 136 139 150 155 155 160 169 174 173 178 182 173 178 171 176 179 179 177 165 174 165 167 176 178 181 174 176 181 175 177 180 174 161 166 174 185 194 194 193 193 192 195 209 209 199 198 205 217 216 210 204 205 207 215 224 229 230 223 244 244 243 251 253 253 229 229 229 229 246 246 244
180 159 192 213 197 200 187 180 173 170 170 159 148 157 171 183 175 182 172 172 174 168 155 143 130 149 156 155 160 166 170 179 184 182 181 172 177 171 168 180 178 177 166 174 168 176 176 175 178 183 181 187 191 184 174 170 169 174 185 195 194 194 193 192 203 202 205 200 195 191 198 206 210 206 197 200 222 232 242 245 239 221 219 243 251 253 253 229 229 229 255 246 246 244
192 182 205 210 204 194 184 170 166 163 163 165 149 151 163 175 174 173 179 172 178 171 173 155 151 147 150 158 161 160 166 170 172 186 184 172 177 171 168 167 177 177 177 177 177 180 183 175 175 177 184 190 189 183 173 171 175 177 185 185 195 204 193 204 203 202 201 201 199 195 188 201 209 206 207 204 219 211 231 232 235 223 235 233 255 267 254 229 229 255 250 246 246 244
196 192 197 205 188 181 172 163 150 140 161 170 164 162 164 173 175 173 182 182 173 171 174 176 173 158 153 155 167 166 166 165 170 181 188 175 178 180 168 167 158 179 180 188 188 187 183 176 174 176 182 188 184 187 184 174 176 195 196 196 196 196 195 193 192 195 210 211 215 203 195 191 200 205 199 200 205 202 215 211 213 223 219 227 241 253 261 251 255 255 250 246 246 244
158 151 180 194 188 157 133 141 141 141 162 168 173 176 169 174 180 184 184 191 182 182 189 183 189 189 180 167 170 170 166 165 171 182 183 182 187 180 180 168 168 172 190 184 185 178 178 175 175 178 183 182 190 186 182 180 179 197 199 199 199 216 206 200 193 192 195 202 201 195 189 188 199 194 190 188 187 194 207 206 208 204 218 231 240 236 248 241 246 259 250 246 246 244
136 155 175 190 200 138 103 112 144 167 169 180 187 183 180 169 186 184 196 202 195 195 191 185 197 198 190 183 177 177 170 166 179 185 184 198 191 191 171 169 160 170 181 183 184 181 184 176 176 176 180 189 187 177 179 180 180 196 199 200 211 196 195 190 183 192 188 184 190 190 193 192 190 190 183 185 188 193 198 219 223 217 214 227 227 217 240 237 237 243 245 252 247 242
139 170 223 217 178 140 128 139 144 170 211 220 206 190 180 179 178 184 206 206 206 203 189 205 202 202 199 199 200 193 188 186 185 184 185 191 182 183 181 182 181 161 172 180 178 179 169 160 171 179 185 183 177 174 179 181 181 181 197 196 194 186 186 184 180 177 189 186 186 176 185 192 192 199 192 187 188 194 198 203 220 203 203 220 224 221 229 243 239 238 245 241 237 239
142 194 247 261 253 203 173 207 206 209 195 214 243 209 183 168 176 198 210 209 207 198 200 200 193 195 201 200 194 196 197 190 193 195 188 191 192 192 182 182 182 178 163 180 179 173 161 166 171 177 176 174 174 174 172 172 178 171 171 171 179 179 188 192 182 178 184 191 183 180 180 184 193 192 188 196 198 189 198 190 216 217 204 226 208 230 234 240 245 244 241 241 240 244
91 159 243 298 330 325 309 307 223 190 170 188 220 222 171 178 178 201 219 207 213 206 204 200 196 205 207 200 200 193 189 194 198 195 189 185 194 193 184 192 201 181 172 179 180 176 173 175 171 177 182 177 174 173 173 172 171 171 170 158 167 170 174 174 177 182 175 182 173 169 168 171 179 192 196 200 199 205 206 201 214 218 207 216 209 228 237 242 246 244 251 242 233 237
83 83 118 213 294 330 344 349 333 234 196 201 228 245 200 187 198 199 207 208 217 215 214 214 206 193 195 201 202 195 198 207 209 206 189 195 205 214 202 202 201 191 181 174 186 179 179 178 178 177 181 184 183 180 180 175 172 172 171 162 162 158 157 156 164 168 170 173 163 160 164 165 167 174 183 188 194 202 205 216 208 218 222 231 236 236 240 239 245 239 236 232 226 229
201 135 87 148 230 250 330 349 349 348 306 271 254 236 231 212 202 199 207 213 207 215 220 222 210 202 211 211 201 200 199 207 208 200 195 196 202 203 202 211 200 200 196 179 180 186 192 194 187 186 186 191 194 194 187 182 182 176 172 169 168 156 148 148 150 156 167 167 166 163 165 165 166 169 177 186 187 195 207 218 222 225 230 242 262 262 252 239 235 225 226 224 226 226
212 222 201 205 216 199 215 285 347 349 348 343 315 281 251 238 202 209 205 208 217 225 223 218 217 206 211 211 211 210 210 216 212 207 199 195 208 202 211 211 210 211 206 192 192 199 202 201 194 193 192 191 201 197 193 185 192 187 177 164 162 153 148 148 147 150 159 167 161 162 170 172 172 169 169 178 183 196 207 227 229 216 239 245 264 261 255 231 225 217 223 229 229 226
120 166 197 220 221 240 290 344 350 349 349 346 333 303 284 252 235 225 209 225 224 224 226 221 214 208 211 223 222 220 221 212 215 212 207 205 202 212 225 211 211 212 219 209 198 201 202 198 197 197 196 202 198 194 204 205 205 205 186 175 172 171 157 148 148 145 153 161 158 165 164 170 166 163 160 166 167 181 203 225 220 221 234 250 262 240 239 227 221 232 226 226 226 221
142 150 167 176 196 262 340 351 350 349 349 344 326 323 309 277 276 264 233 239 233 229 238 234 221 213 213 220 222 222 219 220 220 219 217 217 215 218 242 226 213 212 215 219 213 212 217 201 188 197 200 194 194 200 212 218 211 209 206 188 175 171 158 154 145 142 150 153 155 165 167 169 166 166 155 154 159 166 189 203 219 231 243 249 249 267 266 250 248 242 229 233 230 231
203 215 193 173 200 214 291 349 350 348 347 337 326 333 310 279 256 243 195 201 247 239 253 234 224 222 224 223 223 222 229 222 231 232 235 231 228 235 233 228 222 213 220 218 232 226 215 209 194 194 203 205 206 206 206 219 219 226 223 227 192 184 162 157 154 154 150 156 155 157 165 164 164 161 155 143 148 158 167 188 209 224 236 247 260 264 267 262 253 241 238 230 226 227
189 221 232 183 208 281 343 352 349 341 336 336 341 341 335 299 265 223 163 189 215 233 230 241 244 229 218 229 225 229 221 236 241 230 221 237 237 237 244 236 213 209 216 232 240 237 219 212 207 208 200 202 206 206 210 223 226 226 218 243 234 198 180 170 169 159 153 150 152 154 160 166 165 156 143 135 145 156 158 169 181 202 229 242 244 251 265 267 257 246 230 215 212 219
225 221 255 283 306 325 353 352 352 340 336 343 332 336 321 255 218 207 216 216 246 250 246 256 244 234 198 218 207 206 206 223 239 234 252 239 251 246 231 222 221 229 228 251 224 227 225 221 212 208 207 206 206 214 217 218 227 221 232 250 225 205 183 173 182 169 156 150 152 154 158 163 168 159 144 135 146 153 149 166 168 194 206 222 230 247 255 262 258 251 241 225 211 219
249 297 349 355 355 338 351 353 352 344 316 338 333 342 338 321 293 255 273 242 226 225 246 264 263 254 230 237 227 222 184 199 244 249 254 237 246 236 241 204 204 235 248 250 233 224 226 217 213 216 215 211 217 218 217 225 226 230 224 235 240 236 201 186 196 187 169 162 171 173 167 169 172 168 156 144 153 160 153 161 169 184 205 217 227 231 234 267 262 256 239 227 220 220
