prediction/untitled folder/solar_ghi_19900101_06UT.txt
NCOLS 839
NROWS 679
XLLCORNER 112.025005
YLLCORNER -43.9750009
CELLSIZE 0.0499954
NODATA_VALUE -999
[rows 252 to 293 of 679, columns 564 to 657 of 839]
566 543 565 528 563 563 561 532 547 553 550 543 556 491 547 546 551 544 553 545 523 551 535 548 549 539 539 543 520 531 529 543 543 532 529 539 531 524 529 528 536 536 535 531 525 532 532 531 530 524 527 527 525 521 523 525 519 515 520 522 522 521 520 519 519 518 517 517 516 515 514 513 513 512 511 511 510 509 508 507 507 507 506 500 489 500 503 502 501 497 497 496 498 497
566 566 566 536 564 564 539 546 548 547 539 550 557 529 534 554 545 518 544 543 543 551 543 541 541 549 533 526 516 537 517 536 534 540 527 538 540 536 529 537 536 533 535 531 530 532 532 529 528 522 530 526 525 516 513 525 521 523 522 522 522 516 520 519 516 515 517 516 516 515 515 511 510 512 511 511 510 510 506 505 504 506 506 505 490 489 500 502 494 498 499 499 498 497
567 567 558 556 557 562 562 552 557 557 556 551 539 548 553 548 534 545 531 550 549 546 545 521 529 548 540 525 546 546 523 535 534 542 536 541 532 524 497 529 537 533 526 526 526 532 532 532 523 525 530 528 526 527 524 511 510 523 522 522 522 514 520 519 516 515 517 516 516 515 515 512 513 512 512 508 507 509 506 497 498 501 505 505 487 498 503 499 496 501 494 497 495 492
568 537 556 541 526 554 533 560 560 557 545 557 455 491 480 555 506 532 481 550 537 542 550 493 549 549 519 507 546 546 525 525 503 521 535 528 527 536 530 529 537 530 532 531 532 532 532 532 531 530 530 529 528 527 527 505 504 523 522 522 522 518 512 511 510 512 516 517 516 515 514 512 513 513 509 508 510 509 506 500 507 506 505 499 501 504 503 495 501 501 500 499 498 497
568 538 566 548 565 503 549 548 477 559 524 550 543 556 486 529 554 528 552 549 537 548 524 549 549 550 519 512 546 546 526 504 537 541 529 520 520 533 530 537 534 529 531 520 533 524 526 531 531 530 530 529 528 525 524 511 516 523 523 519 521 521 521 520 519 518 511 517 516 515 515 514 513 513 506 508 508 510 508 508 507 498 502 505 505 501 497 493 494 495 500 496 495 489
551 566 551 544 550 483 561 546 558 534 524 476 557 557 493 555 505 551 544 512 551 549 535 549 550 527 549 513 547 531 516 527 522 534 542 532 505 518 524 529 524 533 526 525 531 530 532 529 531 530 521 529 528 527 519 517 525 521 515 508 521 515 518 517 517 518 518 517 514 515 514 514 513 513 512 511 508 505 506 508 508 507 506 502 504 498 492 499 498 492 499 499 494 495
551 531 565 537 543 530 560 546 419 552 558 414 479 557 542 523 546 551 544 546 524 518 550 515 549 515 548 549 497 546 547 531 536 540 520 538 540 539 530 535 525 522 520 531 531 530 532 531 531 530 522 521 519 509 512 526 517 513 515 522 522 516 521 520 519 518 517 517 516 516 512 511 513 513 512 511 507 509 508 508 508 507 503 497 496 501 497 499 501 497 486 488 490 495
568 567 563 551 554 548 547 512 465 558 539 495 557 543 543 553 533 539 532 542 526 551 544 550 534 548 549 549 521 533 546 545 508 535 527 539 514 531 524 538 529 515 529 514 533 530 529 528 530 530 530 516 519 524 523 525 525 512 518 522 520 519 521 520 519 518 517 516 516 515 515 514 514 512 511 511 510 501 500 508 508 504 506 505 504 497 497 499 498 492 490 496 490 497
552 567 564 543 542 562 543 540 539 535 558 509 557 550 521 547 541 552 545 538 550 552 530 537 550 528 535 548 538 524 523 531 544 543 529 541 538 505 537 529 529 511 528 523 533 518 531 531 530 523 529 515 516 524 526 511 523 517 523 522 522 519 520 520 519 518 518 517 516 515 515 514 505 501 509 511 510 509 501 506 502 504 498 505 502 504 501 494 490 501 500 499 484 495
568 559 566 546 482 562 549 547 507 551 437 489 558 537 547 556 504 554 545 491 550 552 552 550 548 547 520 539 547 524 542 542 541 540 540 533 537 539 536 532 537 534 521 523 531 524 523 530 529 529 521 521 519 527 516 524 523 511 523 520 520 522 518 520 519 518 517 517 516 513 512 514 505 510 499 511 510 507 507 508 507 498 506 497 505 496 503 497 502 495 492 479 498 489
560 552 552 529 521 555 551 548 545 545 518 550 550 553 548 543 527 555 553 519 552 550 550 548 550 520 541 539 545 539 542 544 522 529 541 538 525 539 511 525 536 537 523 514 519 530 527 520 528 530 529 528 525 527 514 523 512 517 521 523 522 516 521 520 517 518 518 516 503 515 515 514 514 504 512 511 508 498 498 506 488 496 506 497 496 504 503 503 495 498 492 488 496 489
559 557 545 557 549 544 541 554 554 555 544 551 555 551 555 534 536 555 552 543 553 544 549 542 551 528 540 545 537 536 536 543 540 536 533 540 540 539 524 537 537 525 527 504 519 519 529 523 530 518 518 529 526 510 500 525 523 510 522 514 522 521 521 520 520 519 516 509 516 515 515 514 510 510 510 506 498 510 495 506 502 507 504 506 496 504 498 497 493 501 500 490 488 495
562 557 558 564 562 535 553 543 560 557 559 559 539 555 552 556 544 555 554 551 553 550 550 528 550 528 527 532 538 531 536 543 534 534 533 540 532 533 537 529 531 531 536 526 520 530 529 520 525 527 521 529 527 510 508 525 522 524 523 523 522 521 521 520 520 519 504 515 514 511 507 514 514 511 507 509 508 510 491 504 508 507 507 503 505 504 501 503 502 501 491 498 499 498
560 558 564 562 564 530 536 553 561 558 559 559 544 555 549 557 554 540 545 545 553 543 539 544 537 534 532 544 538 531 526 531 540 541 541 527 527 530 537 535 529 536 533 533 514 533 530 526 525 530 529 529 527 522 512 525 525 524 519 521 522 522 521 521 520 520 517 516 503 510 513 507 511 511 513 509 508 508 507 500 508 505 507 506 503 502 504 501 502 493 491 491 489 490
552 558 564 558 564 561 542 560 553 560 559 558 558 522 555 557 548 553 555 545 551 524 549 535 542 537 521 539 521 538 538 529 534 540 539 533 531 531 532 537 536 536 530 533 513 533 527 529 530 525 520 529 528 526 520 512 525 524 524 523 522 522 521 521 520 520 511 510 514 514 513 514 511 512 513 503 502 510 507 503 506 505 506 506 503 504 504 500 502 493 498 500 491 490
554 563 565 556 549 564 563 561 535 558 553 551 559 543 557 558 556 553 555 539 525 524 543 543 543 545 542 540 515 531 544 530 531 535 539 540 540 531 535 537 536 537 521 527 522 522 524 523 523 516 521 527 528 525 525 516 523 525 516 521 523 522 522 518 518 520 510 503 514 514 510 515 511 505 504 509 508 510 507 509 508 508 500 506 505 505 501 501 502 501 500 500 499 490
553 557 516 543 538 550 563 563 502 541 552 553 560 557 557 558 548 547 555 535 532 537 525 538 547 541 549 546 533 544 545 536 519 526 527 538 538 538 538 535 535 536 536 534 529 528 522 524 523 522 529 527 527 525 519 520 523 522 524 521 523 522 521 521 506 520 512 515 514 514 515 515 506 501 510 511 511 510 510 509 508 508 501 504 506 505 504 501 502 496 501 500 497 496
546 551 511 552 551 535 563 564 512 508 547 553 560 557 558 555 528 556 540 539 545 532 537 550 524 521 540 536 534 543 545 537 542 523 534 520 539 533 531 530 535 534 536 536 522 533 524 531 517 529 530 482 520 527 521 526 524 525 524 524 523 522 521 521 520 517 516 518 517 510 513 509 511 510 512 512 509 508 509 509 508 508 507 500 506 505 503 500 500 499 498 497 488 496
554 557 563 564 562 543 563 564 561 507 545 546 550 560 556 535 543 554 517 528 552 552 544 551 523 527 536 526 532 531 542 531 537 536 536 527 533 538 536 530 530 528 534 528 526 525 524 531 523 528 530 496 515 528 519 520 517 521 524 523 520 517 521 521 513 511 514 516 510 516 513 512 514 513 513 509 511 508 510 509 508 505 507 506 503 502 495 503 502 502 501 492 492 498
558 563 557 557 565 556 563 564 563 555 547 547 549 545 558 528 556 533 528 534 546 550 543 544 548 549 534 533 534 531 534 538 536 543 529 541 539 539 537 531 529 534 534 521 514 525 527 529 523 528 529 527 518 525 525 518 514 518 523 523 523 517 519 518 515 517 519 512 509 514 513 515 509 511 513 505 511 511 510 509 503 505 507 504 497 496 497 502 502 502 499 488 494 499
558 563 563 550 565 565 562 554 554 560 552 558 553 551 542 534 555 537 542 552 533 504 530 542 549 548 534 526 539 525 537 544 523 528 534 540 539 531 537 530 535 536 536 523 515 525 531 532 511 528 527 529 528 527 527 526 524 525 519 524 523 517 519 521 515 514 519 516 517 514 516 513 514 511 510 510 509 510 510 509 509 507 507 500 503 494 501 501 502 502 501 492 491 496
547 565 565 544 552 558 564 556 527 541 561 551 552 559 515 551 549 534 556 555 538 505 519 516 538 547 533 533 539 532 542 538 517 528 528 533 532 534 536 530 535 537 536 527 526 525 532 530 511 529 518 505 523 504 494 506 524 526 525 522 515 510 514 521 518 513 519 518 517 515 516 515 514 511 513 512 504 502 505 509 508 507 507 504 503 497 501 492 500 501 501 500 497 496
540 566 565 566 559 558 564 555 547 560 562 541 558 559 544 558 528 554 556 534 534 533 524 481 523 540 527 544 545 543 539 538 531 535 528 527 526 537 536 538 535 537 537 516 526 525 525 524 529 531 519 502 508 488 487 500 499 526 525 522 517 515 510 515 517 512 510 518 517 515 516 509 512 511 513 512 512 503 507 510 509 505 504 505 498 494 494 489 490 494 500 495 488 490
518 558 566 564 541 550 541 557 562 562 562 561 559 560 536 545 543 556 556 520 530 550 538 536 531 541 539 538 532 537 531 536 534 540 530 527 532 537 536 536 535 532 525 521 526 525 525 524 529 531 531 521 515 505 516 527 518 517 517 518 523 523 515 514 517 519 516 518 518 517 514 513 512 514 513 512 509 508 507 507 506 502 505 503 501 502 498 495 500 502 499 483 487 491
554 558 558 545 550 556 488 519 561 562 554 561 560 552 545 557 536 547 550 528 538 550 531 532 529 535 539 533 532 535 533 530 529 529 528 527 532 532 537 530 529 535 529 527 529 520 530 532 526 529 530 521 515 514 490 515 527 520 511 516 517 520 519 518 520 517 516 518 518 517 516 515 512 511 511 510 509 508 508 507 506 505 505 507 503 502 501 501 500 502 499 492 491 491
429 546 564 493 521 563 557 554 562 563 554 553 559 558 546 555 529 543 520 519 545 552 538 518 526 529 539 545 539 543 539 536 531 533 534 533 538 527 531 536 535 532 525 527 535 531 531 532 518 523 528 522 508 510 451 457 524 517 517 517 511 520 522 521 521 514 519 518 516 517 516 514 513 514 511 510 512 511 508 507 506 508 506 506 499 496 496 495 497 501 501 492 488 492
554 559 551 563 564 562 556 556 561 562 559 546 552 544 543 557 558 557 549 534 551 551 549 529 530 535 521 533 541 544 543 532 534 531 528 523 532 532 531 531 536 535 529 522 527 532 525 524 530 529 528 527 521 503 513 515 519 524 523 510 510 522 519 521 521 517 519 518 518 517 516 515 515 514 513 510 508 509 510 507 506 508 507 504 505 504 502 498 494 501 499 487 494 499
555 554 447 445 536 564 550 555 562 563 561 547 551 557 544 556 558 558 557 548 553 545 538 537 535 528 534 536 535 544 543 537 519 516 527 535 535 532 531 539 538 535 531 528 535 534 531 527 531 531 531 528 527 528 528 521 518 524 519 516 515 521 523 521 520 519 518 518 518 517 514 513 512 509 511 512 506 510 505 507 509 503 500 501 506 503 499 504 501 502 499 499 494 499
569 555 559 566 566 566 550 555 561 562 560 545 551 557 523 543 558 534 544 543 533 545 544 537 538 544 538 539 543 546 546 537 542 543 538 522 529 529 525 531 536 535 525 536 535 534 533 527 529 531 531 528 521 526 528 519 521 526 523 516 509 523 522 510 521 519 519 517 516 517 516 513 512 514 513 511 510 500 506 508 506 500 500 506 506 503 504 501 496 483 489 493 492 497
567 566 534 537 557 550 557 564 556 562 553 547 558 550 545 557 557 557 556 555 554 545 538 539 548 529 531 528 534 546 544 533 523 523 535 534 528 534 540 538 537 538 522 518 529 526 526 532 532 532 528 523 523 526 528 527 518 512 517 516 515 523 522 522 521 518 519 519 515 515 514 514 512 511 513 512 509 508 507 501 508 508 507 506 506 505 505 491 495 501 499 498 500 499
561 561 545 551 565 565 565 564 561 562 561 552 552 516 518 522 528 556 541 505 497 525 545 539 542 528 536 536 533 545 538 537 543 541 535 500 487 529 521 527 531 535 526 530 535 534 531 530 530 529 531 528 527 528 528 519 517 526 517 522 515 515 520 519 513 514 519 519 515 511 510 507 503 514 499 511 511 508 506 509 506 508 499 507 504 491 490 498 489 502 487 487 498 499
556 569 566 559 566 564 558 556 561 561 555 552 559 530 536 550 544 556 556 553 541 547 550 545 549 541 534 539 535 543 545 542 536 537 529 528 523 513 532 534 538 530 535 536 535 533 526 525 530 530 530 522 516 526 528 527 524 523 523 516 515 517 514 522 518 519 517 519 515 515 508 515 514 511 511 510 512 497 505 508 503 494 505 505 498 497 504 504 489 502 499 487 500 498
570 568 566 567 565 566 556 557 554 552 561 554 558 557 552 549 557 550 554 546 533 546 550 551 549 529 528 534 546 506 471 537 531 529 524 528 534 542 532 520 512 530 529 522 536 527 532 531 527 532 529 522 521 528 528 526 512 518 519 510 515 523 522 519 518 520 517 519 516 509 508 515 514 511 499 510 511 511 496 496 509 508 499 492 505 505 492 490 500 500 499 499 498 497
568 559 565 566 559 565 565 564 555 560 553 547 552 552 545 543 558 555 556 540 526 547 546 550 545 542 534 529 535 532 521 537 542 532 523 461 434 541 532 512 511 536 538 535 528 520 528 533 532 532 530 529 509 526 528 522 525 526 518 516 515 514 522 522 519 518 517 517 516 515 513 513 513 513 511 512 507 503 509 504 506 490 505 504 503 504 492 501 500 500 488 498 497 497
555 553 553 547 553 563 564 564 555 548 527 545 552 532 552 552 557 556 555 547 546 545 544 549 549 542 528 542 539 539 543 545 537 497 477 486 487 541 526 514 533 538 535 536 529 521 521 533 533 532 523 522 515 514 521 523 524 526 525 522 503 520 522 520 512 518 517 517 518 509 514 513 514 511 513 511 494 511 508 509 509 506 507 501 503 497 504 501 500 500 499 498 497 495
560 560 559 559 566 563 563 555 554 541 470 475 538 539 559 558 550 535 541 541 554 553 550 545 539 543 530 541 541 545 538 545 530 486 508 492 517 541 541 525 525 536 523 537 534 527 528 527 531 532 531 529 527 514 515 519 526 524 524 520 515 516 515 522 520 514 517 510 516 509 514 510 512 514 511 505 498 509 508 501 506 508 507 504 506 503 502 501 495 500 499 498 498 499
568 559 558 564 565 565 550 563 563 547 505 495 519 522 552 543 555 544 546 542 552 552 550 545 539 530 522 501 534 547 540 544 545 537 532 521 444 399 507 537 527 536 530 535 522 533 533 533 533 532 531 522 524 521 525 520 524 524 519 505 515 520 522 521 521 518 517 516 517 512 508 501 514 514 505 504 504 509 508 508 509 502 507 507 506 498 502 496 495 501 494 501 498 497
569 553 552 565 565 564 562 562 562 534 548 554 539 530 522 515 535 543 541 554 545 551 546 549 544 542 522 515 540 547 545 525 517 524 456 494 509 450 493 539 539 536 536 529 534 536 534 534 533 533 519 504 463 520 522 467 520 519 515 516 515 514 519 521 520 518 511 516 515 510 511 507 503 514 514 505 504 511 508 509 504 500 505 499 506 495 502 496 501 501 497 498 498 497
561 553 546 563 565 553 559 551 536 534 554 562 560 558 537 537 529 535 530 553 551 545 544 549 543 531 528 548 548 548 545 514 495 517 439 382 435 514 534 537 539 532 538 529 536 536 535 534 533 532 517 505 478 514 525 497 508 527 493 519 523 520 519 520 512 517 516 510 518 517 516 513 508 512 513 505 504 511 503 507 507 506 505 500 504 497 497 496 501 500 502 499 500 497
561 560 541 558 564 552 563 543 549 548 534 540 561 560 558 558 555 544 549 554 552 545 538 544 544 502 500 542 546 547 545 525 511 524 495 422 403 518 540 537 537 536 538 537 535 536 536 527 533 532 512 516 529 523 510 528 525 526 511 510 521 523 520 513 506 516 518 516 517 517 516 511 511 512 512 505 498 510 508 502 501 506 505 501 498 497 499 502 503 500 497 499 500 500
569 568 546 558 559 566 565 549 564 562 517 509 561 560 560 559 550 548 554 547 546 545 538 545 537 493 486 521 548 546 534 525 530 530 512 523 502 540 540 531 532 530 537 537 537 536 533 526 525 530 517 528 529 529 508 520 527 506 524 502 510 522 514 491 502 517 518 518 516 515 517 509 508 512 514 511 498 503 510 499 489 503 505 496 498 497 496 502 502 503 494 493 498 497
548 567 554 552 558 565 565 549 541 556 555 563 552 545 559 559 558 555 549 547 546 545 545 546 544 543 523 521 548 546 532 525 537 530 541 518 521 533 532 537 537 538 531 537 537 536 527 520 527 530 531 530 524 529 521 520 525 506 511 510 500 519 510 503 506 519 518 518 510 509 508 510 513 513 513 513 511 506 508 499 495 506 505 499 496 483 490 498 502 502 500 499 494 492
