prediction/untitled folder/solar_ghi_19900101_00UT.txt
NCOLS 839
NROWS 679
XLLCORNER 112.025005
YLLCORNER -43.9750009
CELLSIZE 0.0499954
NODATA_VALUE -999
[rows 287 to 327 of 679, columns 644 to 735 of 839]
996 991 996 989 986 995 996 995 986 992 1000 997 995 990 985 985 986 991 997 1001 1002 997 1002 1007 1007 1007 1007 1003 993 1005 1009 1009 1009 1004 999 1002 1002 1003 1007 1007 1005 1012 1008 1013 1013 1010 1014 1015 1015 1016 1013 1004 992 1010 1006 1015 1020 1012 1000 1012 1010 1005 1002 1023 1023 1024 1024 1019 1025 1021 1020 1021 1014 1029 1029 1029 1030 1030 1024 1026 1026 1033 1033 1034 1034 1034 1028 1025 1036 1037 1037 1025
995 986 986 981 977 987 996 999 990 988 1000 1000 998 989 996 993 988 995 1004 1005 1002 997 998 1006 1007 1007 1000 999 985 1001 1001 1002 1007 1006 1006 1003 1003 999 1011 1003 996 1005 1008 1006 1005 1014 1011 1015 1015 1015 1016 1013 1012 1010 1006 1018 1020 1019 993 1013 1018 1022 1003 1020 1019 1024 1024 1025 1025 1025 1023 1027 1027 1028 1028 1029 1029 1030 1024 1024 1032 1032 1033 1034 1034 1034 1035 1035 1036 1037 1037 1036
995 988 985 989 994 998 997 995 995 999 1000 1001 993 993 989 987 993 998 997 992 997 1005 1002 1002 1002 1000 993 1001 992 1001 1005 995 1002 986 995 999 995 999 1011 1000 995 1013 1013 1008 1010 1014 1004 995 1015 1013 1011 1012 1009 1006 1014 1020 1020 1020 1021 1021 1013 1019 1010 1024 1025 1023 1025 1025 1025 1025 1025 1026 1027 1027 1028 1028 1025 1023 1024 1025 1026 1031 1033 1034 1029 1035 1035 1028 1036 1037 1037 1038
986 976 973 990 994 997 993 981 987 999 1000 993 992 1001 1002 998 995 995 995 991 1004 1005 1005 1005 998 998 995 1004 1003 1008 1005 996 1010 999 1008 1007 1004 1000 1011 996 996 1012 1013 1013 1013 1013 1009 1006 1014 1005 1016 1016 1015 1009 1018 1015 1020 1020 1020 1020 1016 1023 1014 1024 1024 1023 1025 1025 1024 1025 1025 1026 1027 1023 1028 1023 1028 1029 1027 1030 1031 1026 1033 1034 1023 1035 1035 1036 1036 1037 1037 1037
986 973 976 994 997 997 997 982 965 993 1000 997 989 982 993 994 994 997 1003 993 1000 1004 1004 1005 998 999 1003 1008 1005 1008 1005 993 994 1007 1011 1003 1010 1007 1011 992 1008 1012 1012 1013 1005 1013 1014 1005 1011 1011 1015 1013 1009 1012 997 1011 1015 1015 1020 997 980 1005 1021 1023 1024 1024 1023 1024 1024 1024 1025 1026 1026 1027 1028 1028 1024 1020 1025 1026 1021 1033 1033 1026 1034 1010 1036 1036 1036 1037 1037 1037
986 983 982 978 985 996 993 986 966 983 983 978 1000 1001 992 993 997 999 987 993 998 1001 1001 1004 1006 1003 1007 1004 995 1008 1001 1005 982 1010 1006 1003 1009 1008 992 996 1011 1007 1004 1011 1004 1014 1013 999 1003 1015 1016 1011 1014 1016 1003 1008 1015 1019 1019 1012 1004 994 1009 1022 1022 1022 1023 1024 1025 1024 1025 1026 1026 1021 1026 1022 1022 1029 1029 1020 1026 1032 1012 1033 1034 1033 1035 1036 1037 1037 1034 1026
988 972 973 997 996 996 987 983 989 966 986 1000 1001 989 981 993 994 994 995 995 999 997 1001 1003 1002 1006 998 997 1007 1007 997 1009 994 1010 1005 1003 1001 1008 1000 1008 1012 1004 1004 1008 1013 1013 1007 1005 1009 1015 1015 1007 1011 1012 1013 1017 1015 1019 1020 1020 1019 1008 1012 1021 1022 1021 1013 1020 1024 1024 1025 1025 1020 1027 1027 1027 1022 1028 1028 1025 1014 1022 1032 1026 1033 1032 1006 1035 1036 1037 1027 1038
993 983 983 992 995 991 988 986 993 986 986 988 995 993 993 986 994 987 988 993 1004 1005 1005 1001 1002 998 999 997 1007 1000 988 999 998 1010 1010 1001 1001 1011 1008 1012 1012 1008 1009 1013 1009 1006 1005 1008 1010 1015 1011 1007 1008 1014 1016 1016 1013 1018 1019 1016 1019 1016 1020 1020 1016 1017 1018 1018 1024 1025 1025 1024 1023 1026 1027 1027 1022 1029 1029 1025 1030 1013 1032 1024 1033 1032 1023 1028 1037 1030 1038 1037
993 986 983 995 995 991 996 989 993 997 972 984 985 988 1000 989 994 1000 974 996 1004 1004 992 985 978 989 1004 1007 1008 997 997 1004 1001 1009 1009 995 995 1003 989 991 998 1009 1013 1010 1001 1008 1008 1010 1015 1015 1011 1006 1010 1017 1017 1017 1013 1017 1018 1015 1019 1014 1019 1016 1017 1021 1017 1018 1022 1024 1025 1024 1026 1026 1026 1027 1028 1028 1023 1029 1031 1031 1025 1031 1015 1022 1032 1021 1022 1037 1036 1036
993 974 994 994 990 988 991 990 992 997 971 971 991 987 981 989 974 1000 990 996 1004 1004 1000 998 1006 991 1002 1007 1007 996 1008 1000 1005 1009 1001 991 1000 1008 1008 1000 1007 1006 1009 1002 998 1008 1014 1010 1014 1014 1014 1011 1015 1016 1017 1017 1013 1014 1018 1015 1011 1010 1020 1020 1013 1022 1010 1018 1024 1024 1024 1025 1026 1026 1027 1027 1026 1024 1027 1021 1024 1019 1004 1011 1015 1027 1032 1027 1028 1036 1036 1036
978 956 986 995 990 984 994 991 996 996 978 968 999 984 983 1001 966 987 992 996 996 1004 993 995 1006 1003 1007 1007 1007 1006 1000 996 997 1005 994 998 1006 1009 1012 1008 1002 1010 1012 1001 1014 1014 1014 1010 1002 1003 1011 1014 1011 1008 1013 1013 1009 1017 1014 1015 1011 1012 1021 1017 1017 1022 1011 1023 1024 1024 1018 1024 1026 1026 1026 1027 1027 1024 1020 1011 1021 1010 1018 1022 1034 1034 1034 1020 1026 1036 1035 1028
961 979 983 994 994 983 985 988 996 996 980 955 995 978 987 985 978 982 986 990 1000 1000 1005 1001 1006 1006 1006 1002 994 992 989 997 1009 1008 1004 1002 1006 999 1004 1007 1008 1010 998 1005 1014 1013 1009 1002 992 999 1004 1014 1007 1012 1017 1005 1006 1018 1019 1019 1020 1016 1014 1015 1022 1022 1023 1023 1022 1022 1019 1025 1025 1024 1027 1027 1026 1020 1020 1020 1027 1032 1032 1026 1029 1034 1023 1005 1029 1026 1027 1030
979 986 994 994 995 986 984 991 995 988 989 965 987 980 977 976 986 983 991 999 1003 1000 996 996 993 989 1002 994 974 980 1001 1009 1009 998 994 999 999 990 1004 1008 1012 1004 997 1006 1014 1005 1014 1010 1015 996 1009 1016 998 1004 1009 998 1003 1018 1019 1019 1020 1017 1020 1021 1020 1020 1021 1017 1018 1022 1019 1025 1025 1024 1025 1026 1021 1022 1019 1030 1031 1031 1031 1021 1020 1024 1025 1020 1026 1035 1035 1025
993 984 994 981 994 987 984 995 995 984 983 965 994 987 984 992 1000 986 983 990 999 1004 1000 993 1002 995 989 990 991 996 1006 1005 1003 986 990 994 992 991 994 1012 1012 1008 1001 1005 1013 1013 1009 1014 1013 1015 1009 1015 1008 1012 1009 991 1010 1018 1018 1011 1019 1015 1019 1020 1020 1017 1021 1017 1015 1023 1023 1023 1024 1025 1026 1027 1026 1024 1027 1028 1030 1029 1026 1021 1018 1034 1024 1029 1032 1037 1034 1035
976 991 993 976 980 978 984 995 995 987 974 979 994 984 988 992 982 985 991 994 984 996 1002 984 1000 995 983 990 1001 999 999 996 988 1001 1006 991 991 1006 1011 1007 999 1004 989 1005 1013 1013 1014 1014 1014 1015 1004 1007 1016 1017 1013 1002 1005 1017 1018 1015 1019 1019 1019 1020 1020 1020 1021 1021 1014 1022 1023 1019 1023 1025 1024 1026 1025 1026 1028 1027 1029 1029 1024 1026 1021 1032 1021 1028 1034 1030 1035 1035
973 978 989 981 976 980 989 991 994 991 969 986 993 988 976 977 985 986 987 992 987 991 998 981 988 996 994 987 1003 999 999 997 993 997 1000 1004 1008 1011 994 1000 1004 1012 1000 1013 1013 1001 1001 1014 1010 1015 1011 1007 1012 1012 1004 998 1014 1018 1011 1018 1019 1018 1020 1019 1020 1021 1021 1017 1015 1023 1023 1023 1025 1024 1020 1021 1021 1027 1027 1024 1027 1024 1025 1024 1019 1031 1019 1025 1024 1025 1036 1035
981 981 993 990 987 987 988 991 991 987 978 992 986 976 976 992 985 983 990 983 979 980 987 995 1004 995 976 983 995 990 1007 1005 993 989 1003 1002 1002 999 999 1007 1000 1012 1003 1013 1013 990 1010 1014 1014 1014 1015 1015 1016 1016 1015 1017 1018 1018 1007 1015 1019 1018 1019 1020 1020 1020 1017 1013 1022 1023 1023 1023 1023 1022 1020 1021 1019 1018 1026 1022 1023 1019 1027 1024 1018 1031 1025 1027 1024 1025 1036 1035
981 984 993 986 982 977 987 988 991 987 983 990 994 971 980 989 977 978 982 969 974 988 995 996 1003 992 989 990 1002 991 1007 984 993 997 1001 1005 986 1001 1010 1003 1000 1000 1008 1009 1003 1014 1014 1006 1006 1014 1010 1011 1016 1015 1012 1017 1017 1013 1012 1019 1015 1018 1019 1019 1019 1019 1016 1006 1022 1022 1022 1023 1024 1021 1018 1022 1022 1014 1018 1023 1023 1016 1023 1024 1024 1031 1026 1027 1024 1028 1035 1035
981 981 979 979 973 975 995 995 991 984 982 989 986 966 955 972 975 978 983 978 987 1003 999 988 999 989 992 993 1005 986 995 988 990 1000 997 1009 991 994 1010 1006 1000 995 1003 998 1004 1008 1014 1010 1001 1010 1014 1010 1012 1008 1012 1017 1016 1009 1010 1019 1019 1015 1011 1015 1020 1013 1020 1021 1022 1021 1022 1022 1023 1008 1020 1010 1022 1018 1028 1028 1027 1023 1024 1024 1030 1029 1030 1027 1020 1026 1035 1034
988 982 979 976 976 980 995 995 988 973 959 965 958 965 965 976 990 989 987 1002 998 1003 1003 983 992 988 982 989 993 987 995 999 992 996 1009 1005 990 990 998 998 999 1004 995 989 1009 1008 1013 1014 1009 1001 1003 1009 1014 1015 1016 1017 1005 994 1006 1018 1018 1018 1012 1011 1016 1019 1021 1021 1021 1017 1022 1022 1022 1020 1020 1009 1022 1027 1027 1027 1026 1028 1029 1029 1030 1024 1030 1031 1026 1026 1034 1033
990 990 990 983 972 987 996 991 984 967 953 959 974 983 976 980 1001 993 1000 1001 990 998 1002 996 987 982 985 993 987 1001 999 1002 991 991 1005 1005 998 994 999 992 988 999 989 993 1013 1013 1013 1013 1001 998 1014 1006 1007 1011 1016 1011 1008 1011 1014 1018 1018 1018 1019 1019 1013 1016 1021 1021 1009 1017 1021 1023 1022 1024 1024 1021 1026 1026 1023 1022 1026 1027 1028 1028 1029 1029 1030 1031 1031 1027 1032 1032
975 986 994 978 972 996 995 991 982 958 969 994 998 990 987 984 1000 990 998 1000 996 1000 1001 994 998 976 989 997 987 998 998 997 987 977 992 993 1005 1006 994 993 1002 995 992 1004 1012 1013 1013 1012 998 995 991 1000 1010 1011 1011 1000 1004 1017 1006 1018 1011 1012 1018 1019 1012 1016 1020 1020 1016 1017 1021 1022 1022 1017 1020 1025 1025 1025 1024 1027 1026 1027 1027 1028 1028 1028 1025 1029 1030 1031 1031 1032
960 992 983 950 976 984 985 984 968 939 997 983 998 983 964 996 1000 992 992 996 1000 997 997 990 987 966 990 997 1004 994 1001 994 987 988 996 992 1001 997 998 999 1002 999 995 1011 1011 1007 1002 993 986 1011 998 998 999 1003 1003 1007 1016 1017 1014 1018 1010 1018 1018 1015 1015 1019 1020 1016 1018 1020 1021 1021 1018 1023 1024 1023 1025 1025 1026 1023 1023 1027 1026 1028 1024 1025 1028 1028 1027 1026 1031 1030
971 992 983 961 996 995 981 985 914 974 998 989 996 997 962 999 999 995 988 988 996 1001 993 980 973 964 992 1005 1005 1000 1002 998 999 1007 999 993 994 997 1002 1007 1010 1002 999 1012 1011 1011 993 990 990 1014 1006 991 1012 1004 1011 1015 1014 1006 1005 1017 1018 1017 1018 1010 1011 1020 1019 1016 1020 1021 1021 1021 1014 1015 1023 1019 1018 1021 1026 1026 1027 1023 1022 1023 1023 1028 1029 1024 1025 1022 1031 1031
975 994 974 966 995 987 972 967 975 997 982 997 997 996 978 998 995 991 976 976 993 1001 990 973 962 988 1004 1004 1003 997 997 997 1000 1002 999 989 989 1000 997 1002 998 995 1011 1011 1007 988 983 990 994 1013 1014 987 1015 1007 1015 1010 1007 996 997 1010 1013 1013 1018 1017 1014 1019 1015 1012 1021 1021 1017 1015 1014 1022 1015 1006 1020 1025 1021 1017 1026 1018 1019 1020 1023 1017 1020 1024 1024 1027 1031 1031
979 987 960 972 995 976 957 957 997 967 981 997 997 947 975 994 987 987 977 982 997 998 990 983 987 1004 1003 1003 1000 993 994 997 1005 998 991 986 1004 997 998 997 989 991 1011 1011 996 975 989 990 998 1014 1007 1009 1015 1011 1015 1015 1011 1005 1002 1009 1010 1017 1013 1010 1014 1019 1019 1012 1017 1020 1013 1017 1018 1015 1019 1010 1024 1024 1024 1018 1019 1026 1027 1020 1019 1020 1029 1029 1029 1021 1023 1022
974 994 952 986 995 980 964 958 989 997 997 985 974 970 986 990 995 991 981 996 1001 997 989 963 991 1004 1000 1004 1004 996 994 1005 1006 1001 984 984 993 993 1001 994 997 995 1011 1011 977 977 989 1005 989 1007 1014 1013 1014 1009 1015 1015 1006 1013 1008 997 1002 1006 1004 998 1003 1018 1015 1012 1020 1016 1008 1006 1002 1014 1015 1024 1016 1024 1014 1009 1026 1022 1027 1022 1007 1021 1027 1028 1024 1025 1025 1029
982 986 931 982 970 968 982 984 989 982 997 997 983 998 998 997 983 988 993 1000 1000 997 989 978 994 1003 1000 999 1004 1000 1004 1005 1005 997 991 995 995 993 1000 1000 998 993 1003 998 984 992 996 997 993 1002 1013 1013 1010 1010 1014 1010 1010 1014 1005 1001 1005 998 998 991 999 1003 1011 1004 1008 1001 1006 1010 1003 1015 1019 1013 1023 1024 1024 1023 1025 1022 1026 1019 1024 1025 1028 1029 1029 1029 1025 1030
985 985 969 989 984 991 996 986 981 973 994 994 997 997 997 998 983 984 1000 1000 1000 996 986 990 1003 1003 1003 1004 1000 996 1001 990 1006 998 1002 983 1003 1003 998 1008 994 991 1003 1003 1003 1003 1008 980 994 1001 1008 1013 1014 1014 1007 1007 1014 1010 1005 1008 1013 1011 1009 1010 1015 1018 1000 1001 1010 1009 1021 1014 1015 1023 1023 1023 1020 1024 1024 1016 1016 1013 1018 1026 1028 1028 1029 1030 1029 1029 1028 1028
982 984 993 993 981 985 996 988 981 977 983 989 997 996 993 979 986 995 995 999 991 997 996 987 987 986 1002 1003 1003 1004 1004 1001 986 1006 991 979 1007 1007 1008 993 1001 993 1006 1010 995 991 1003 992 997 1000 1008 1012 1011 1013 1009 1007 1010 1014 1003 1004 1012 1017 1018 1010 1019 1011 1008 1013 1021 1013 1021 1016 1013 1023 1023 1023 1020 1023 1020 1012 1021 1016 1027 1027 1028 1028 1029 1029 1029 1029 1030 1028
978 989 995 995 987 984 992 972 972 983 986 989 997 996 993 989 990 987 976 954 985 993 989 997 986 995 1003 1003 992 1003 1004 993 1006 1006 972 1007 1007 1007 1007 996 990 1003 1010 1010 1010 1004 999 999 1009 1013 1012 1008 1012 1010 1007 1007 1015 1015 1003 997 1008 1017 1016 1013 1017 1018 1015 1008 1019 1011 1020 1022 1018 1022 1022 1023 1019 1023 1023 1017 1022 1026 1026 1027 1028 1028 1028 1029 1024 1029 1029 1029
989 995 995 989 979 988 996 977 972 993 997 993 997 992 982 982 990 948 795 892 997 1001 1000 1002 994 964 988 1003 1003 999 1000 993 1005 1001 956 992 1007 1003 992 992 996 1009 1009 1009 1009 1003 1011 1008 1011 1012 1008 1001 1006 1006 1006 1006 1015 1015 1003 1010 1003 1013 1012 1016 1009 1018 1018 1009 1015 1020 1021 1021 1022 1022 1022 1022 1018 1019 1023 1023 1025 1026 1026 1026 1027 1028 1028 1028 1016 1028 1025 1029
994 994 990 979 981 990 993 985 983 993 996 997 997 997 991 988 990 984 939 989 1000 989 996 1001 983 979 995 1003 998 1003 998 1003 1005 1005 978 1007 1007 992 996 988 993 1009 1005 1006 993 982 1007 1012 1007 1008 1009 997 996 1002 1014 1014 1015 1006 1009 1015 1009 1016 1012 1017 1013 1018 1018 1018 1019 1020 1020 1013 1021 1021 1021 1022 1019 1020 1019 1019 1020 1026 1026 1026 1027 1028 1028 1028 1012 1029 1028 1029
994 994 985 980 986 985 988 992 995 994 998 993 992 996 992 986 983 998 990 987 988 981 985 996 990 986 991 988 988 985 988 985 993 1001 973 988 996 991 992 1004 1005 1006 1009 1009 1005 1010 1011 1004 999 996 1004 1013 1013 996 1014 1014 1014 999 1007 1015 1015 1016 1015 1017 1016 1018 1018 1015 1014 1011 1016 1017 1021 1021 1021 1022 1021 1022 1016 1019 1016 1025 1026 1026 1026 1020 1028 1023 1028 1028 1029 1029
982 978 982 984 991 987 988 996 997 988 994 981 989 992 996 986 975 998 998 991 976 981 997 985 993 990 998 999 1003 995 1000 992 1004 1004 977 999 1007 991 979 974 986 1000 1009 1008 990 998 1011 999 996 993 996 1013 1013 1008 1014 991 1013 1014 1015 1015 1014 1011 1015 1016 1017 1013 1009 1007 1010 1008 1016 1020 1021 1021 1020 1020 1022 1022 1022 1018 1020 1016 1021 1025 1025 1007 1027 1027 1027 1028 1028 1028
982 982 982 992 995 987 994 996 996 997 986 981 983 993 997 975 974 998 998 993 981 996 1001 997 1001 1002 991 998 1003 999 996 996 1001 989 967 997 1007 1006 996 989 989 1002 1009 1008 1008 1001 998 992 1000 996 1007 1013 1001 1005 988 998 1015 1015 1003 1015 1015 1014 1004 1012 1016 1013 1017 1018 1018 1016 1016 1019 1021 1021 1020 1020 1017 1022 1017 1014 1016 1017 1020 1013 1021 1014 1026 1027 1027 1027 1026 1028
994 993 995 991 984 983 987 989 993 996 981 985 982 985 996 979 975 991 994 989 984 1000 999 995 1001 1000 993 987 991 991 995 993 996 985 943 991 1002 1002 979 996 1008 1003 997 1009 1009 1005 996 1004 1008 988 992 1012 993 996 1002 1006 995 1013 1013 1011 1003 999 994 997 1005 1009 1013 1017 1014 1015 1015 1020 1020 1020 1017 1016 1013 1017 1008 1010 1016 1020 1024 1011 1013 1018 1022 1026 1026 1023 1019 1016
991 994 994 990 987 987 981 988 994 996 975 982 990 994 990 997 975 977 991 991 987 996 995 989 996 994 989 987 987 991 988 989 993 981 967 1006 1006 993 987 1008 1008 1001 996 1001 997 989 991 998 999 1002 1011 1012 1000 1001 1009 1012 1014 1014 1014 1007 999 1000 1002 1007 1013 1016 1006 1000 1010 1015 1018 1005 1011 1000 1018 1017 1010 1009 1014 1015 1023 1022 1024 1025 1025 1026 1026 1026 1018 1015 1023 1021
994 990 986 992 990 987 995 985 996 995 970 980 995 990 993 987 969 968 996 999 999 995 988 985 990 986 982 990 1002 994 985 988 986 977 987 998 993 987 1000 998 1006 987 992 1000 997 1003 1001 1005 1011 1000 1012 1008 1004 1006 1004 998 1001 1009 998 995 1002 997 995 1001 1005 1016 1017 1008 1010 1003 1003 1019 992 1007 998 1021 1021 1022 1014 1023 1023 1023 1024 1024 1021 1026 1026 1022 1023 1026 1027 1024
989 986 988 985 991 989 996 995 995 987 983 985 988 997 998 987 979 980 1000 999 999 992 985 988 989 994 993 998 1003 1000 992 989 994 999 989 1006 998 1001 1001 995 1003 1007 1007 1009 1009 1004 997 1011 1007 1004 1004 996 992 997 1004 1004 1014 1014 1010 1000 1005 1016 1004 1006 1017 1005 997 1002 995 997 1014 1020 1004 1008 1021 1021 1021 1010 1015 1023 1023 1023 1023 1024 1025 1024 1026 1026 1026 1027 1027 1023
988 989 989 988 989 979 987 995 995 995 988 988 980 997 997 988 982 983 999 999 999 985 990 1001 997 1001 990 991 1003 999 1003 999 1000 1000 987 1006 1005 1001 991 999 1008 1008 1008 1008 995 997 1001 1010 1002 1008 1011 1007 1008 1012 1005 1008 1009 1007 1006 998 1000 1007 1007 1008 1017 1009 1001 998 1014 1019 1014 1020 1012 1021 1021 1021 1010 1015 1023 1023 1023 1023 1019 1012 1025 1021 1025 1026 1019 1026 1023 1027
