prediction/untitled folder/solar_ghi_19900101_23UT.txt
NCOLS 839
NROWS 679
XLLCORNER 112.025005
YLLCORNER -43.9750009
CELLSIZE 0.0499954
NODATA_VALUE -999
[rows 168 to 209 of 679, columns 282 to 375 of 839]
446 467 464 470 482 476 486 496 522 489 490 533 534 528 505 475 489 497 505 492 507 534 543 544 520 520 522 438 524 498 289 465 420 492 511 468 478 497 523 515 542 517 481 465 514 539 530 531 535 505 519 474 428 334 338 335 363 462 442 384 359 416 474 509 459 425 512 576 614 592 600 594 570 554 517 489 529 530 531 541 551 611 594 597 579 568 580 588 611 617 613 621 616 632
425 440 435 424 461 494 472 470 468 498 489 473 475 482 475 477 496 556 550 533 542 551 552 553 545 562 522 431 522 429 343 306 305 511 535 503 489 496 540 543 550 552 517 499 540 562 544 522 514 506 516 535 444 379 377 390 408 396 405 405 388 436 509 517 519 454 554 566 605 608 481 516 582 563 490 555 597 599 590 604 592 597 598 598 598 609 610 589 604 611 614 615 618 628
464 456 457 461 451 436 478 460 478 499 468 491 474 475 459 469 499 527 541 519 482 518 561 553 546 538 438 409 507 351 299 206 289 529 554 539 532 505 489 544 542 527 522 477 489 543 540 521 524 524 543 553 481 451 373 340 349 353 317 389 389 392 429 511 565 538 539 587 609 593 575 491 589 518 467 558 575 567 523 586 595 594 582 574 565 584 603 603 610 614 615 620 624 633
462 441 433 442 469 469 478 479 481 481 491 510 532 528 538 531 545 550 542 498 476 510 553 545 529 505 453 486 510 379 317 227 321 537 539 548 556 532 539 551 560 570 546 547 564 560 525 524 526 535 552 536 451 425 405 292 273 343 275 349 352 284 392 511 501 568 532 593 593 602 612 598 586 536 525 593 584 584 592 587 604 590 597 591 587 588 603 604 605 622 623 629 631 626
517 517 518 514 521 522 540 540 541 533 534 543 544 536 529 526 541 566 566 559 559 536 528 546 539 542 545 560 561 472 403 428 497 547 552 548 548 545 556 568 577 578 570 564 558 540 496 489 508 534 529 527 426 385 403 280 244 344 366 325 381 230 375 471 538 604 423 577 594 610 596 617 591 547 600 598 594 588 615 612 603 616 591 613 609 607 596 610 622 614 620 629 623 624
541 542 547 538 529 531 531 540 533 526 537 552 560 553 554 539 532 548 550 551 536 520 538 570 564 566 568 569 570 521 506 545 512 497 539 548 559 567 575 584 578 572 565 543 549 550 558 463 516 553 533 522 478 388 387 356 387 367 453 356 458 373 398 374 590 607 541 592 594 609 610 603 590 573 575 601 599 595 619 622 611 612 618 623 601 616 604 619 623 607 629 623 616 630
543 543 544 529 539 547 547 546 541 542 543 547 553 554 562 556 557 542 543 543 519 529 560 555 523 535 566 561 570 547 537 555 556 538 557 569 577 575 576 577 572 573 555 543 541 527 522 468 526 566 554 542 529 548 413 326 439 421 451 378 501 304 397 476 563 584 593 576 594 611 611 605 565 590 583 599 602 611 626 620 607 608 622 618 617 612 597 611 606 598 615 624 630 633
534 527 530 546 555 548 548 547 541 543 548 545 554 555 563 566 557 559 559 552 553 546 546 539 506 515 528 521 522 545 534 530 556 579 586 540 551 576 591 565 581 572 566 546 535 541 533 547 579 528 545 529 562 581 470 212 462 401 347 379 498 393 452 182 361 559 608 559 595 596 606 609 592 601 577 602 613 620 621 598 599 615 618 619 625 621 618 598 582 581 609 633 639 639
544 536 538 539 540 544 549 531 541 535 547 549 559 563 570 571 567 573 567 568 554 554 555 556 557 541 543 526 537 538 536 513 534 523 515 497 471 459 447 428 492 524 521 539 575 553 570 570 578 519 555 538 567 565 565 223 386 367 194 390 459 547 517 308 442 560 586 542 602 596 606 599 594 601 608 610 610 609 597 581 616 623 625 619 620 615 616 597 580 572 601 628 634 627
553 546 540 547 555 558 557 556 550 564 562 565 563 563 559 557 554 568 560 562 554 554 555 564 556 550 551 554 550 535 547 549 562 549 533 508 508 500 491 482 476 552 574 567 585 552 542 544 568 561 560 567 577 594 594 297 407 301 336 467 439 494 454 438 530 421 551 508 594 590 565 621 616 609 610 610 617 618 614 599 591 608 611 612 623 620 621 615 599 596 602 617 620 626
551 559 530 539 540 557 558 559 534 560 553 546 539 556 549 559 541 554 571 562 554 555 550 564 565 559 560 558 570 554 571 564 580 574 580 545 567 583 580 515 497 527 540 532 542 543 534 522 537 564 577 593 567 569 561 410 489 308 469 422 408 469 354 394 193 346 422 508 560 569 586 575 610 594 604 626 621 597 606 594 586 585 612 624 629 616 606 615 615 624 617 625 594 627
546 547 555 561 549 536 555 558 551 560 539 509 532 556 554 573 559 543 546 563 555 564 564 573 559 576 560 561 562 563 566 574 588 542 577 565 545 579 589 539 550 565 548 505 515 544 554 545 565 560 604 593 569 568 553 515 488 438 409 387 385 437 402 334 327 383 498 545 521 544 558 584 582 611 619 622 611 596 603 613 625 626 627 634 621 605 598 608 624 622 625 634 627 635
546 560 561 562 560 561 561 565 562 567 561 565 554 559 560 561 553 540 534 566 562 578 568 566 545 569 563 569 557 578 568 568 588 576 581 544 572 582 556 569 543 548 550 523 543 579 587 582 577 548 596 606 598 588 571 535 485 544 421 354 180 204 359 337 368 472 552 574 584 600 601 549 550 602 606 597 598 591 605 625 626 626 612 611 596 589 607 614 618 631 640 635 641 635
560 543 556 545 548 551 552 566 555 556 556 564 562 565 557 557 544 554 555 577 572 579 569 559 543 560 561 562 573 556 565 541 559 561 479 523 510 530 565 542 549 550 551 565 544 572 579 574 582 575 588 591 598 583 580 540 545 565 427 321 184 197 307 303 360 409 543 600 612 605 575 573 595 609 620 627 590 591 592 610 590 577 566 568 543 577 590 587 590 611 632 613 561 588
555 547 560 563 548 552 553 560 547 558 557 558 559 560 568 566 569 556 572 577 572 579 575 567 570 564 564 578 584 572 568 583 585 571 572 570 572 575 565 537 566 572 568 578 562 573 563 574 583 584 587 590 595 578 554 546 573 533 427 334 291 403 352 270 356 580 602 618 621 558 568 602 603 619 615 623 623 597 599 617 610 611 604 581 580 604 608 607 602 611 606 618 594 604
532 552 557 556 552 560 552 548 564 558 566 565 572 558 559 560 562 561 572 574 574 574 575 575 582 573 571 563 578 583 588 583 570 587 586 579 587 572 582 574 559 577 585 589 583 588 582 591 590 585 593 602 596 584 572 581 582 561 533 470 465 533 524 534 554 581 599 589 488 454 541 601 595 606 622 621 629 624 624 617 609 620 621 613 614 625 615 619 634 628 621 607 595 612
531 517 559 553 553 554 561 563 565 570 558 559 567 554 552 561 557 571 569 572 580 576 577 572 570 577 575 579 581 574 568 577 586 579 572 583 579 580 582 582 575 583 580 581 595 597 590 591 583 577 586 602 604 600 596 582 583 599 606 586 572 596 586 555 563 555 537 505 511 584 617 611 602 610 627 622 607 616 617 610 595 614 623 624 608 617 593 538 611 609 596 569 615 578
541 538 552 561 553 555 563 565 562 557 553 550 551 560 560 569 571 571 574 575 576 570 579 578 576 585 584 580 574 573 561 579 571 580 585 587 588 581 577 574 576 576 577 578 581 592 590 591 591 586 586 588 595 604 597 594 600 608 608 612 602 610 597 605 597 590 561 529 579 600 600 612 613 620 622 597 584 601 623 619 620 625 617 628 616 609 593 538 594 621 606 606 632 591
556 554 562 564 555 560 567 564 564 564 550 550 557 559 552 562 566 572 574 576 569 571 577 572 572 571 577 580 574 575 569 562 554 567 572 574 593 581 574 583 592 585 578 570 582 582 581 598 593 601 595 596 601 605 605 600 604 605 602 609 611 617 598 601 610 607 608 578 595 602 603 619 620 619 547 547 606 602 618 626 627 629 616 621 620 617 625 617 611 611 603 605 605 614
551 518 532 567 553 562 562 558 556 565 557 558 559 552 562 568 571 573 574 568 574 575 580 584 581 581 574 575 583 584 577 581 579 579 580 580 594 590 583 584 594 599 587 588 593 586 598 588 596 594 601 603 603 598 599 600 598 601 609 612 611 612 613 617 608 608 609 609 610 602 618 619 612 606 622 616 623 623 626 627 620 629 624 621 622 625 631 619 625 601 595 596 605 616
559 554 554 525 530 539 550 551 548 558 559 573 564 562 570 577 573 564 578 570 578 571 577 584 578 574 578 567 566 575 586 589 592 587 580 590 582 583 590 593 593 593 588 588 595 599 604 600 600 594 599 609 603 604 599 601 614 615 611 609 612 618 619 620 612 622 608 617 624 612 614 620 621 623 615 601 627 620 626 634 614 631 623 619 623 631 632 632 634 629 623 629 624 630
552 552 555 551 551 562 564 557 558 566 560 566 565 572 577 578 577 579 576 578 570 571 576 566 574 587 587 587 561 572 577 577 580 587 591 582 582 583 585 591 590 593 593 588 595 594 605 606 593 599 597 601 594 602 599 593 608 610 610 607 614 607 616 600 616 618 602 625 621 626 611 614 615 623 608 625 627 619 628 633 616 636 626 630 626 640 641 634 637 643 644 630 607 634
559 546 555 558 546 562 558 565 571 572 554 559 571 570 567 566 573 574 577 578 579 579 572 573 586 588 578 575 580 587 592 593 593 590 590 591 587 598 599 599 591 597 593 589 599 600 606 606 594 603 603 596 602 603 612 607 614 603 604 605 618 597 614 608 609 618 605 612 622 626 611 620 620 630 624 620 623 619 627 627 630 636 637 638 639 640 641 642 643 638 616 578 636 634
565 562 556 544 546 569 564 571 568 568 560 554 564 571 566 568 576 569 565 579 580 572 575 581 560 554 583 586 585 563 577 590 593 583 582 596 583 585 599 595 588 597 598 597 592 601 601 601 594 606 604 605 607 607 609 606 606 602 611 604 602 619 607 600 603 615 619 606 618 613 628 619 617 625 619 615 627 621 629 621 630 637 615 608 628 625 613 593 630 632 617 595 606 576
552 564 563 564 562 570 571 572 565 574 570 555 574 567 568 572 577 562 576 583 576 554 569 556 542 579 582 590 579 583 593 582 591 582 575 582 592 589 600 587 597 597 598 595 592 601 594 603 598 609 602 605 608 609 609 602 608 616 602 616 619 619 621 613 603 576 604 619 626 614 616 619 625 631 626 633 625 621 628 613 624 608 589 585 611 596 618 603 614 590 558 573 566 547
545 546 563 550 570 555 562 567 569 571 573 562 571 559 568 564 580 574 580 583 559 565 586 578 553 586 561 574 579 592 584 580 590 591 574 579 587 595 595 597 597 596 598 591 592 594 594 604 598 605 604 598 600 608 608 614 607 617 617 604 618 614 608 596 610 595 612 612 620 618 623 617 630 625 612 628 629 622 630 617 619 610 602 607 611 600 630 589 563 570 554 555 579 593
554 554 556 569 570 567 573 568 570 556 571 565 567 560 574 569 581 582 579 584 522 570 588 580 536 589 583 585 587 572 593 581 574 596 584 579 581 587 596 597 598 599 604 592 584 597 595 591 605 604 603 591 586 600 601 610 580 612 605 606 620 616 616 616 623 602 619 604 627 618 617 614 625 619 613 631 635 623 628 616 625 627 620 620 629 621 627 619 620 632 623 606 604 604
563 564 562 570 571 565 573 572 562 564 566 574 574 572 572 570 576 582 579 580 548 563 564 589 588 569 590 578 584 580 581 580 582 592 591 579 571 590 596 598 590 598 588 598 592 594 595 596 610 597 599 591 600 602 595 611 598 615 613 618 592 607 616 616 611 618 604 612 615 610 610 615 613 611 606 624 627 629 627 625 626 619 628 626 630 637 628 638 645 646 647 642 645 647
568 566 570 571 567 570 574 571 565 574 571 574 566 576 544 571 569 578 580 576 561 554 588 572 576 586 586 571 568 579 580 594 595 590 594 584 595 600 597 598 589 588 583 592 593 590 595 597 590 598 600 601 600 601 594 588 595 612 613 608 609 600 610 610 624 619 613 614 617 616 623 616 610 607 597 613 626 618 620 626 627 635 629 622 638 642 631 640 641 634 617 592 585 567
565 567 567 568 572 571 570 563 575 570 566 567 568 571 567 582 580 574 581 585 546 587 582 586 590 590 587 580 592 578 580 595 596 585 594 588 586 581 597 591 599 592 592 602 593 595 596 603 598 599 608 608 593 599 594 610 592 597 600 607 621 620 608 610 619 612 615 623 616 615 616 624 625 612 613 625 622 618 623 634 626 635 629 628 643 644 645 619 610 617 624 634 631 592
565 566 566 567 573 574 575 573 570 560 565 569 569 576 574 581 576 566 560 583 569 583 559 574 570 557 575 588 587 585 582 583 592 592 594 579 590 589 597 592 599 600 601 607 603 596 597 598 600 594 609 608 602 601 606 611 607 606 607 603 612 618 617 611 612 615 622 624 622 623 624 625 624 620 625 622 623 620 632 627 633 621 614 638 642 630 625 580 599 638 635 628 636 618
566 560 558 565 571 575 576 577 567 560 563 560 560 576 571 580 575 572 568 588 565 573 573 569 550 556 592 590 573 590 594 592 592 592 589 588 594 594 592 592 591 593 594 602 607 604 599 599 599 607 610 605 601 603 598 597 597 611 607 600 613 618 611 606 605 610 621 629 629 630 625 625 627 628 623 629 630 627 611 620 585 568 597 623 631 600 597 619 620 623 603 627 634 583
567 568 562 572 575 576 572 574 573 568 568 565 575 582 575 579 576 574 559 568 573 591 566 550 591 593 584 581 583 586 584 586 594 599 598 593 581 589 600 594 599 586 595 603 609 609 600 604 601 601 608 605 602 601 615 618 606 616 615 609 610 615 619 622 621 615 623 622 629 618 626 632 627 622 622 623 625 623 621 617 596 597 614 616 606 609 633 609 612 622 643 650 640 649
571 572 568 572 572 563 567 572 577 574 575 568 579 577 583 584 582 575 574 578 571 540 535 594 593 574 593 592 583 584 592 591 594 599 597 591 598 584 589 594 606 601 605 598 606 610 605 602 601 609 612 612 612 606 606 614 620 621 622 611 615 611 605 613 616 611 617 618 618 631 632 633 628 629 622 624 633 631 634 635 642 606 622 616 609 642 627 642 649 614 640 584 613 639
569 574 573 573 576 575 578 579 580 580 571 570 571 579 582 577 568 577 588 589 579 564 565 563 575 582 567 594 595 583 577 592 599 600 596 598 602 600 593 593 602 604 596 590 600 612 611 601 601 601 605 605 613 606 599 608 610 611 618 614 611 604 612 614 611 615 625 619 618 626 620 629 635 628 617 601 627 640 635 622 632 605 603 608 630 647 620 630 646 638 651 582 608 641
561 562 575 576 577 574 574 580 580 581 578 577 573 580 581 579 562 584 585 581 591 581 573 583 593 594 595 595 594 592 594 594 594 595 597 598 598 604 601 594 596 597 604 590 606 612 613 613 603 603 604 605 618 618 608 609 618 610 601 605 617 612 614 608 608 609 622 622 619 627 626 629 631 631 624 601 628 630 585 595 635 610 608 639 640 626 638 646 637 639 606 548 628 638
570 573 574 558 564 579 579 580 580 579 579 579 574 585 582 579 576 580 568 581 586 591 591 568 591 595 573 584 595 595 598 588 587 596 598 597 585 598 598 595 602 603 596 599 602 609 614 604 606 611 617 604 613 611 612 610 602 612 616 612 606 620 621 608 608 616 617 618 628 633 629 629 631 635 625 619 624 613 577 614 596 522 618 609 618 611 638 602 645 624 624 491 581 639
568 575 557 560 578 568 580 581 578 583 583 581 583 580 559 570 578 581 580 588 583 584 591 585 588 591 594 593 586 587 598 601 592 589 592 592 578 587 587 600 599 602 596 603 597 612 611 596 597 606 605 605 615 607 600 602 586 612 624 579 594 607 614 621 623 624 624 619 627 620 628 629 624 625 624 625 624 616 605 607 570 542 627 617 625 625 635 627 622 604 636 634 639 639
573 575 566 576 578 566 578 579 578 582 584 582 580 584 572 559 574 584 585 592 584 583 594 595 585 588 590 587 593 600 581 599 602 590 591 597 592 604 604 604 606 602 611 594 591 615 612 602 606 614 615 616 607 607 608 609 623 624 613 622 592 616 616 623 609 618 625 626 620 623 614 621 632 626 626 627 628 629 614 623 623 613 626 611 648 613 635 650 644 645 651 649 638 651
576 574 567 566 575 561 570 565 573 559 579 567 587 588 586 560 571 583 581 581 593 589 595 594 583 597 593 588 600 600 601 598 591 586 590 592 594 602 603 607 603 603 610 593 594 603 601 613 614 614 613 604 608 609 601 603 604 589 582 616 624 628 615 605 618 594 627 614 613 629 620 616 637 625 627 634 627 629 629 631 633 641 635 643 620 640 623 638 650 652 639 653 649 651
574 575 569 566 574 569 565 546 556 562 575 572 588 582 587 587 589 580 573 574 586 582 594 593 586 571 596 593 599 591 590 596 599 589 593 598 598 594 598 607 600 601 602 593 609 610 605 617 606 608 602 608 608 609 611 603 586 613 608 623 623 617 618 593 605 622 628 622 622 624 617 625 636 634 632 641 629 630 636 644 639 642 638 636 605 634 633 639 638 639 642 635 636 645
562 575 578 560 568 570 562 546 567 583 585 577 587 570 580 588 589 586 590 589 560 595 592 581 590 595 569 566 593 591 592 590 604 605 601 598 605 603 604 599 599 600 600 604 611 606 614 605 607 614 608 607 609 578 619 596 613 613 615 628 601 616 617 611 602 614 607 630 616 624 617 627 633 638 622 642 637 632 638 642 646 642 635 634 621 645 649 652 652 653 653 655 644 655
