prediction/untitled folder/solar_ghi_19900101_09UT.txt
NCOLS 839
NROWS 679
XLLCORNER 112.025005
YLLCORNER -43.9750009
CELLSIZE 0.0499954
NODATA_VALUE -999
[rows 440 to 494 of 679, columns 192 to 287 of 839]
158 164 94 94 93 82 83 120 75 66 55 54 70 77 54 79 87 76 72 74 77 68 76 82 87 92 91 96 122 139 153 156 157 156 155 144 86 104 142 140 114 99 125 131 149 148 147 146 146 145 144 144 140 141 142 141 140 137 121 111 82 66 70 97 104 122 133 128 124 126 123 111 92 99 124 83 113 121 119 104 76 111 108 114 103 112 115 112 110 108 107 110 108 110 110 109
179 172 127 134 108 83 78 78 79 70 55 54 54 54 54 115 126 73 58 73 75 74 76 82 83 83 95 115 121 133 148 154 146 146 149 135 76 136 148 135 125 124 121 124 144 147 144 144 144 145 145 144 142 141 142 141 137 132 134 111 99 76 70 75 104 128 134 129 86 123 119 104 82 73 95 104 86 116 118 86 73 96 92 94 103 110 111 113 109 106 103 102 106 103 103 106
179 179 176 160 99 91 74 75 94 78 55 55 54 54 72 75 77 73 74 81 79 75 79 80 84 83 81 86 107 128 129 153 98 100 133 114 90 146 150 96 121 138 135 131 139 145 143 142 145 145 145 142 137 141 142 141 136 132 119 104 107 88 74 112 127 131 129 109 86 77 124 117 75 70 83 79 78 111 118 113 107 99 95 98 113 110 110 109 107 98 94 102 102 89 98 93
183 179 178 171 138 118 74 78 92 89 61 55 54 54 54 54 54 71 68 84 79 80 89 107 118 99 105 116 119 130 144 154 153 148 145 151 155 154 149 123 100 147 145 139 143 145 146 146 146 146 143 138 134 141 142 139 137 128 116 112 111 99 79 125 133 135 132 127 122 120 128 126 99 87 86 76 69 101 98 108 107 85 75 84 104 106 105 111 106 94 94 97 89 78 88 80
183 179 172 161 155 145 148 55 76 81 77 76 71 77 70 54 54 69 70 77 84 98 123 141 143 136 106 120 101 130 142 147 152 150 150 156 155 154 154 151 150 151 146 147 148 149 148 147 147 144 135 142 142 141 140 134 125 134 126 124 121 107 82 125 133 135 134 135 132 130 129 127 115 101 82 76 88 95 91 113 118 111 95 101 111 111 103 113 104 106 94 97 89 58 92 84
169 180 177 172 169 160 149 88 77 74 82 79 80 154 109 78 78 78 76 77 99 120 151 150 159 151 129 135 119 151 145 142 147 151 146 156 155 154 151 152 152 152 151 147 148 145 145 148 147 145 143 145 140 141 137 122 124 131 137 132 134 114 99 125 132 135 134 134 131 130 131 126 120 91 77 100 106 99 102 113 115 109 106 102 109 111 103 113 104 106 106 97 58 58 92 84
174 180 179 170 166 166 165 161 154 135 76 93 114 110 153 152 81 90 103 106 95 102 160 156 164 163 161 155 147 159 154 118 136 135 131 155 155 155 154 153 153 152 151 149 150 146 145 146 147 146 146 145 143 136 133 132 132 133 136 135 131 136 131 125 131 136 135 135 134 131 131 128 110 73 87 116 110 109 106 101 97 85 99 102 109 109 103 113 104 106 106 106 58 58 92 84
181 180 175 175 176 172 174 175 172 162 115 76 75 103 128 102 129 125 122 106 113 113 112 165 164 163 163 142 135 156 151 85 114 86 112 150 154 155 154 154 153 153 151 151 150 149 147 147 146 147 143 137 144 133 140 141 136 133 135 135 134 138 138 129 128 134 135 135 134 133 131 116 99 91 78 116 107 100 98 98 83 71 99 99 109 109 109 113 104 106 106 106 58 58 92 84
183 178 174 179 178 174 174 175 174 172 150 82 79 95 81 85 112 111 90 118 140 132 144 153 123 164 163 160 133 118 135 138 90 71 113 140 151 154 143 148 153 151 152 151 150 149 150 148 143 143 139 139 142 140 140 142 137 138 141 140 137 138 133 127 133 136 135 134 127 101 83 114 115 91 87 94 63 103 111 101 83 71 71 99 99 109 109 113 104 106 106 106 58 58 92 84
183 174 175 179 177 177 170 176 175 170 162 138 104 84 80 83 105 98 77 92 133 138 142 135 123 118 163 162 105 79 96 139 150 136 109 143 154 136 93 99 149 127 148 149 150 150 149 145 133 137 144 143 143 139 129 136 137 141 142 141 139 136 116 123 134 137 134 132 129 115 112 108 121 102 78 66 66 96 105 101 101 71 71 71 99 109 109 113 104 106 106 106 58 58 92 84
184 181 182 176 173 173 173 176 175 170 168 153 127 104 84 82 120 86 77 95 110 112 120 101 87 104 145 163 124 66 75 115 144 127 73 122 145 130 114 102 102 134 126 84 135 150 148 147 149 148 148 146 145 129 107 124 134 141 142 140 140 133 113 116 133 130 127 131 130 125 128 120 119 88 73 72 68 96 105 105 101 101 71 71 71 99 109 109 104 106 106 106 58 58 92 84
184 183 182 178 174 174 175 178 175 176 174 127 138 111 73 97 123 80 95 95 77 80 124 85 104 92 114 156 136 53 72 113 122 83 72 86 127 119 130 126 121 131 141 111 138 146 150 150 147 147 146 146 145 142 137 130 125 142 141 141 138 135 127 119 124 115 120 132 119 124 130 128 111 88 73 72 68 68 105 105 105 101 71 71 71 71 109 109 104 106 106 106 58 58 92 84
172 179 182 178 171 175 177 178 177 177 174 147 114 111 130 133 97 74 74 54 54 77 143 157 154 83 107 152 131 75 81 127 103 76 72 75 97 133 107 122 122 134 138 132 131 140 146 148 150 149 148 147 144 134 132 124 133 139 137 130 123 135 133 129 123 112 121 131 110 119 126 128 111 111 73 72 68 68 68 105 105 105 101 71 71 71 71 109 104 106 106 106 58 58 92 84
159 164 169 156 123 178 179 179 178 177 175 163 91 89 111 133 106 79 84 111 74 77 110 146 149 154 130 157 163 151 116 116 134 85 77 78 107 133 88 90 96 113 104 108 135 146 148 151 145 138 141 143 142 139 139 127 136 140 138 137 131 140 135 133 130 128 123 131 131 119 126 126 111 111 111 72 68 68 68 105 105 105 105 71 71 71 71 71 109 106 106 106 58 58 92 105
169 149 147 101 90 150 180 179 178 177 176 166 124 91 98 84 77 77 81 78 104 78 100 113 99 112 134 164 163 154 145 131 97 146 136 121 124 127 103 77 75 101 73 97 140 151 151 147 137 131 131 139 145 144 144 139 131 128 137 137 128 136 132 137 137 135 136 131 131 131 126 126 126 111 111 72 68 68 68 68 105 105 105 105 71 71 71 71 109 106 106 106 58 58 92 105
174 157 127 84 80 115 180 179 178 178 177 174 163 123 83 79 74 78 83 86 104 77 79 110 102 109 151 144 149 140 151 148 124 100 140 112 120 142 153 146 128 131 119 113 134 146 148 144 144 143 127 143 145 142 142 139 112 116 138 133 125 129 131 137 136 135 136 136 131 131 131 126 126 111 111 72 68 68 68 68 105 105 105 105 105 71 71 71 71 109 109 109 105 105 105 105
135 158 179 139 103 135 170 180 179 178 177 176 176 139 87 95 75 94 96 96 98 85 65 133 113 139 135 115 140 129 140 139 128 108 97 103 150 148 153 153 142 102 84 117 141 150 147 140 137 137 144 146 134 134 132 124 119 126 138 126 116 118 126 128 136 136 136 136 136 131 131 126 126 126 111 111 68 68 68 68 68 105 105 105 105 71 71 71 71 71 71 99 99 -999 -999 -999
147 146 142 114 128 83 122 170 175 172 177 177 176 128 81 76 93 110 85 109 127 92 76 144 129 149 116 119 144 140 133 125 141 123 111 133 155 142 157 155 151 137 118 109 137 151 147 141 132 137 147 147 145 145 136 129 131 134 125 114 84 102 126 128 128 136 136 136 136 131 131 131 126 126 111 111 68 68 68 68 68 105 105 105 105 105 71 71 71 71 71 71 -999 -999 -999 -999
119 130 122 114 113 88 93 132 147 146 156 177 176 166 99 82 84 90 121 99 124 119 134 141 106 159 126 134 144 140 125 123 139 141 146 153 153 153 157 154 156 150 136 128 137 142 146 127 115 122 131 136 133 131 136 129 131 134 125 114 84 102 102 128 128 128 136 136 136 136 131 131 126 126 126 111 68 68 68 68 68 68 105 105 105 105 105 105 101 101 -999 -999 -999 -999 -999 -999
116 147 118 101 98 100 102 117 124 119 142 170 177 176 150 127 85 80 107 128 163 139 104 103 124 127 96 131 104 91 110 129 105 141 155 155 157 159 158 154 151 149 149 141 135 137 139 120 111 111 117 128 133 131 131 129 131 134 125 114 84 102 102 102 128 128 128 136 136 136 131 131 131 126 126 111 111 68 68 68 68 68 105 105 105 105 105 105 105 -999 -999 -999 -999 -999 -999 -999
148 162 119 85 96 120 116 105 117 106 130 159 173 176 166 109 89 104 133 144 128 158 127 136 154 134 93 112 98 130 146 140 132 142 161 158 159 159 155 141 140 156 155 141 138 137 137 130 123 114 121 128 128 131 131 131 131 134 125 114 84 102 102 102 128 128 128 128 136 136 136 131 131 126 126 126 111 68 68 68 68 68 68 68 68 68 68 -999 -999 -999 -999 -999 -999 -999 -999 -999
116 155 127 80 150 121 100 99 98 90 119 138 145 158 151 105 102 111 141 129 128 152 90 128 155 147 136 132 108 85 126 129 136 151 156 152 160 159 158 158 157 156 149 150 132 132 134 134 130 122 121 121 128 128 131 131 131 134 125 114 84 102 102 102 102 128 128 128 128 136 136 131 131 131 126 126 111 111 111 111 111 111 111 -999 -999 -999 -999 -999 -999 -999 -999 -999 -999 -999 -999 -999
163 172 158 147 174 153 148 94 77 81 109 96 82 125 154 124 85 91 134 114 144 136 96 123 154 147 147 128 90 75 77 80 96 128 147 152 156 156 157 158 157 153 147 118 103 117 95 94 104 122 122 121 121 128 131 131 131 134 125 114 84 102 102 102 102 128 128 128 128 128 136 136 131 131 126 126 126 126 126 126 126 -999 -999 -999 -999 -999 -999 -999 -999 -999 -999 -999 -999 -999 -999 -999
164 173 175 177 176 173 174 155 138 132 131 131 105 125 110 92 85 89 111 95 147 164 150 135 154 134 125 106 83 72 53 73 74 90 112 134 149 154 154 153 153 155 151 139 129 132 121 113 112 112 112 122 121 121 128 131 131 134 125 114 84 102 102 102 102 102 128 128 128 128 136 136 131 131 131 131 131 131 131 -999 -999 -999 -999 -999 -999 -999 -999 -999 -999 -999 -999 -999 -999 -999 -999 -999
145 170 169 165 168 170 166 170 169 161 148 124 94 84 73 113 113 91 101 134 148 121 156 169 166 151 100 121 84 71 65 72 69 76 83 112 141 149 145 150 147 146 148 145 136 122 108 91 112 112 112 112 112 121 121 131 131 134 125 114 84 102 102 102 102 102 128 128 128 128 128 136 136 136 136 136 136 -999 -999 -999 -999 -999 -999 -999 -999 -999 -999 -999 -999 -999 -999 -999 -999 -999 -999 -999
125 144 119 123 130 142 149 154 174 164 144 103 79 76 87 121 124 112 108 122 141 129 99 143 164 164 154 137 82 72 53 60 73 78 79 105 131 130 137 150 144 128 143 145 130 115 114 102 102 102 112 112 112 112 112 121 131 134 125 114 84 102 102 102 102 102 102 128 128 128 128 128 128 136 136 -999 -999 -999 -999 -999 -999 -999 -999 -999 -999 -999 -999 -999 -999 -999 -999 -999 -999 -999 -999 -999
118 101 87 91 88 122 125 133 152 147 137 98 82 85 101 98 109 109 116 123 130 134 117 136 127 138 148 140 113 88 53 53 71 76 83 85 105 119 137 153 158 158 157 155 140 149 151 102 102 102 102 102 112 112 112 112 121 131 125 114 84 102 102 102 102 102 102 128 128 128 128 128 128 128 -999 -999 -999 -999 -999 -999 -999 -999 -999 -999 -999 -999 -999 -999 -999 -999 -999 -999 -999 -999 -999 -999
108 110 101 86 95 115 133 110 103 120 129 136 117 97 91 93 101 103 120 123 143 152 144 132 143 155 157 150 129 84 53 53 68 73 76 81 87 94 115 143 148 147 152 152 151 147 144 144 144 102 102 102 102 102 112 112 112 131 125 114 84 102 102 102 102 102 102 102 102 102 102 102 -999 -999 -999 -999 -999 -999 -999 -999 -999 -999 -999 -999 -999 -999 -999 -999 -999 -999 -999 -999 -999 -999 -999 -999
138 153 148 152 147 122 157 82 82 94 119 150 142 110 86 108 121 97 94 123 146 149 137 140 163 164 166 161 137 86 62 53 60 72 74 77 81 92 108 126 129 144 149 140 145 154 147 147 147 147 147 102 102 102 102 102 112 112 131 131 131 131 131 131 -999 -999 -999 -999 -999 -999 -999 -999 -999 -999 -999 -999 -999 -999 -999 -999 -999 -999 -999 -999 -999 -999 -999 -999 -999 -999 -999 -999 -999 -999 -999 -999
118 157 167 147 139 155 161 111 95 87 94 110 126 124 74 93 131 95 77 91 91 90 92 110 136 155 168 167 154 103 77 73 65 72 73 75 81 92 104 111 118 139 144 141 140 145 147 147 147 147 147 147 147 147 102 102 102 102 112 121 128 128 -999 -999 -999 -999 -999 -999 -999 -999 -999 -999 -999 -999 -999 -999 -999 -999 -999 -999 -999 -999 -999 -999 -999 -999 -999 -999 -999 -999 -999 -999 -999 -999 -999 -999
122 165 174 127 148 155 142 129 117 82 81 88 106 104 79 143 160 129 81 75 82 84 81 84 89 112 155 163 154 137 117 85 74 74 67 78 81 92 104 108 115 136 139 138 131 123 123 123 147 147 147 147 147 147 147 147 147 102 112 121 121 -999 -999 -999 -999 -999 -999 -999 -999 -999 -999 -999 -999 -999 -999 -999 -999 -999 -999 -999 -999 -999 -999 -999 -999 -999 -999 -999 -999 -999 -999 -999 -999 -999 -999 -999
172 180 177 154 170 134 133 148 133 91 86 87 114 104 97 132 122 110 92 84 81 80 84 75 77 91 139 168 165 147 117 82 80 77 73 75 78 90 101 104 115 136 121 135 116 123 123 123 123 123 147 147 147 147 147 147 147 102 112 122 -999 -999 -999 -999 -999 -999 -999 -999 -999 -999 -999 -999 -999 -999 -999 -999 -999 -999 -999 -999 -999 -999 -999 -999 -999 -999 -999 -999 -999 -999 -999 -999 -999 -999 -999 -999
179 183 187 188 187 163 172 172 147 123 111 94 121 113 113 109 108 107 121 92 82 83 80 71 74 83 135 160 154 144 137 102 81 81 84 88 93 113 98 108 119 122 121 127 116 116 123 123 123 123 123 123 147 147 147 147 147 102 112 -999 -999 -999 -999 -999 -999 -999 -999 -999 -999 -999 -999 -999 -999 -999 -999 -999 -999 -999 -999 -999 -999 -999 -999 -999 -999 -999 -999 -999 -999 -999 -999 -999 -999 -999 -999 -999
183 179 172 180 186 182 177 162 147 100 83 88 98 148 132 133 126 111 103 92 85 85 80 76 76 89 109 135 142 138 130 108 88 80 83 86 91 99 95 98 100 100 121 127 127 116 116 123 123 123 123 123 123 123 147 147 147 102 112 -999 -999 -999 -999 -999 -999 -999 -999 -999 -999 -999 -999 -999 -999 -999 -999 -999 -999 -999 -999 -999 -999 -999 -999 -999 -999 -999 -999 -999 -999 -999 -999 -999 -999 -999 -999 -999
149 156 131 162 174 176 178 175 162 106 115 114 104 128 144 112 79 77 83 92 84 91 96 88 85 87 80 127 134 130 114 101 90 75 85 84 86 85 87 92 86 99 99 127 127 127 116 116 123 123 123 123 123 123 123 123 147 102 -999 -999 -999 -999 -999 -999 -999 -999 -999 -999 -999 -999 -999 -999 -999 -999 -999 -999 -999 -999 -999 -999 -999 -999 -999 -999 -999 -999 -999 -999 -999 -999 -999 -999 -999 -999 -999 -999
133 124 110 139 171 176 173 172 171 123 161 145 149 159 158 123 127 134 152 158 136 91 79 98 86 76 83 126 145 134 107 91 86 80 89 84 86 85 85 87 84 103 103 103 103 127 127 116 116 123 123 123 123 123 123 123 147 102 -999 -999 -999 -999 -999 -999 -999 -999 -999 -999 -999 -999 -999 -999 -999 -999 -999 -999 -999 -999 -999 -999 -999 -999 -999 -999 -999 -999 -999 -999 -999 -999 -999 -999 -999 -999 -999 -999
122 105 104 127 168 176 173 172 159 151 173 163 166 159 132 116 154 126 141 148 124 89 78 98 79 85 109 143 158 138 100 110 106 89 84 84 90 98 90 82 84 103 103 103 103 103 127 127 116 116 123 123 123 123 123 123 147 -999 -999 -999 -999 -999 -999 -999 -999 -999 -999 -999 -999 -999 -999 -999 -999 -999 -999 -999 -999 -999 -999 -999 -999 -999 -999 -999 -999 -999 -999 -999 -999 -999 -999 -999 -999 -999 -999 -999
122 105 104 127 168 168 173 159 159 147 167 167 149 125 103 116 143 138 145 148 124 89 78 98 79 85 109 143 158 138 97 94 88 85 84 84 90 85 90 82 82 103 103 103 103 103 103 103 127 116 116 123 123 123 123 123 147 -999 -999 -999 -999 -999 -999 -999 -999 -999 -999 -999 -999 -999 -999 -999 -999 -999 -999 -999 -999 -999 -999 -999 -999 -999 -999 -999 -999 -999 -999 -999 -999 -999 -999 -999 -999 -999 -999 -999
122 105 104 127 168 168 168 159 147 147 161 150 111 125 103 116 143 138 145 145 124 89 78 98 79 85 109 143 158 98 98 87 86 85 85 84 85 85 85 82 82 82 103 103 103 103 103 103 103 127 116 116 123 123 123 123 147 -999 -999 -999 -999 -999 -999 -999 -999 -999 -999 -999 -999 -999 -999 -999 -999 -999 -999 -999 -999 -999 -999 -999 -999 -999 -999 -999 -999 -999 -999 -999 -999 -999 -999 -999 -999 -999 -999 -999
122 105 104 127 168 168 168 147 139 139 139 150 111 111 103 116 143 138 145 145 145 89 78 98 79 85 109 143 98 98 98 87 86 86 85 85 85 85 85 85 82 82 103 103 103 103 103 103 103 103 103 116 116 123 123 123 -999 -999 -999 -999 -999 -999 -999 -999 -999 -999 -999 -999 -999 -999 -999 -999 -999 -999 -999 -999 -999 -999 -999 -999 -999 -999 -999 -999 -999 -999 -999 -999 -999 -999 -999 -999 -999 -999 -999 -999
122 105 104 127 168 168 139 139 139 139 139 139 111 111 111 116 143 138 145 145 145 89 78 98 79 85 109 98 98 98 98 87 86 86 86 85 85 85 85 85 82 82 82 103 103 103 103 103 103 103 103 103 116 116 123 123 -999 -999 -999 -999 -999 -999 -999 -999 -999 -999 -999 -999 -999 -999 -999 -999 -999 -999 -999 -999 -999 -999 -999 -999 -999 -999 -999 -999 -999 -999 -999 -999 -999 -999 -999 -999 -999 -999 -999 -999
122 105 104 127 168 168 139 139 139 139 139 139 139 111 111 116 143 138 145 145 145 89 78 98 79 85 109 98 98 98 98 87 86 86 86 86 85 85 85 85 85 82 82 103 103 103 103 103 103 103 103 103 127 116 116 -999 -999 -999 -999 -999 -999 -999 -999 -999 -999 -999 -999 -999 -999 -999 -999 -999 -999 -999 -999 -999 -999 -999 -999 -999 -999 -999 -999 -999 -999 -999 -999 -999 -999 -999 -999 -999 -999 -999 -999 -999
122 105 104 127 168 139 139 139 139 139 139 139 139 111 111 116 143 138 145 145 145 145 78 98 79 85 98 98 98 98 98 87 86 86 86 86 85 85 85 85 85 82 82 82 103 103 103 103 103 103 103 103 127 127 -999 -999 -999 -999 -999 -999 -999 -999 -999 -999 -999 -999 -999 -999 -999 -999 -999 -999 -999 -999 -999 -999 -999 -999 -999 -999 -999 -999 -999 -999 -999 -999 -999 -999 -999 -999 -999 -999 -999 -999 -999 -999
122 105 104 127 168 139 139 139 139 139 139 139 139 139 111 111 143 138 145 145 145 145 78 98 79 85 98 98 98 98 98 87 86 86 86 86 85 85 85 85 85 85 82 82 103 103 103 103 103 103 103 103 -999 -999 -999 -999 -999 -999 -999 -999 -999 -999 -999 -999 -999 -999 -999 -999 -999 -999 -999 -999 -999 -999 -999 -999 -999 -999 -999 -999 -999 -999 -999 -999 -999 -999 -999 -999 -999 -999 -999 -999 -999 -999 -999 -999
122 105 104 127 139 139 139 139 139 139 139 139 139 139 111 111 143 138 145 145 145 145 78 98 79 98 98 98 98 98 98 87 86 86 86 86 85 85 85 85 85 85 82 82 82 103 103 103 103 103 103 103 -999 -999 -999 -999 -999 -999 -999 -999 -999 -999 -999 -999 -999 -999 -999 -999 -999 -999 -999 -999 -999 -999 -999 -999 -999 -999 -999 -999 -999 -999 -999 -999 -999 -999 -999 -999 -999 -999 -999 -999 -999 -999 -999 -999
122 105 104 127 139 139 139 139 139 139 139 139 139 139 139 111 143 138 145 145 145 145 145 98 79 98 98 98 98 98 98 87 86 86 86 86 85 85 85 85 85 85 85 82 82 103 103 103 103 103 103 103 -999 -999 -999 -999 -999 -999 -999 -999 -999 -999 -999 -999 -999 -999 -999 -999 -999 -999 -999 -999 -999 -999 -999 -999 -999 -999 -999 -999 -999 -999 -999 -999 -999 -999 -999 -999 -999 -999 -999 -999 -999 -999 -999 -999
122 105 104 139 139 139 139 139 139 139 139 139 139 139 139 111 111 138 145 145 145 145 145 98 79 98 98 98 98 98 98 87 86 86 86 86 86 85 85 85 85 85 85 82 82 82 82 82 82 82 -999 -999 -999 -999 -999 -999 -999 -999 -999 -999 -999 -999 -999 -999 -999 -999 -999 -999 -999 -999 -999 -999 -999 -999 -999 -999 -999 -999 -999 -999 -999 -999 -999 -999 -999 -999 -999 -999 -999 -999 -999 -999 -999 -999 -999 -999
139 139 139 139 139 139 139 139 139 139 139 139 139 139 139 139 111 138 145 145 145 145 145 145 98 98 98 98 98 98 98 87 86 86 86 86 86 85 85 85 85 85 85 85 85 85 85 85 -999 -999 -999 -999 -999 -999 -999 -999 -999 -999 -999 -999 -999 -999 -999 -999 -999 -999 -999 -999 -999 -999 -999 -999 -999 -999 -999 -999 -999 -999 -999 -999 -999 -999 -999 -999 -999 -999 -999 -999 -999 -999 -999 -999 -999 -999 -999 -999
139 139 139 139 139 139 139 139 139 139 139 139 139 139 139 139 111 111 111 111 111 111 98 98 98 98 98 98 98 98 98 87 86 86 86 86 86 86 86 86 86 86 86 -999 -999 -999 -999 -999 -999 -999 -999 -999 -999 -999 -999 -999 -999 -999 -999 -999 -999 -999 -999 -999 -999 -999 -999 -999 -999 -999 -999 -999 -999 -999 -999 -999 -999 -999 -999 -999 -999 -999 -999 -999 -999 -999 -999 -999 -999 -999 -999 -999 -999 -999 -999 -999
139 139 139 139 139 139 139 139 139 139 139 139 139 139 139 139 139 139 139 139 139 -999 -999 -999 -999 -999 -999 -999 -999 -999 -999 -999 -999 -999 -999 -999 -999 -999 -999 -999 -999 -999 -999 -999 -999 -999 -999 -999 -999 -999 -999 -999 -999 -999 -999 -999 -999 -999 -999 -999 -999 -999 -999 -999 -999 -999 -999 -999 -999 -999 -999 -999 -999 -999 -999 -999 -999 -999 -999 -999 -999 -999 -999 -999 -999 -999 -999 -999 -999 -999 -999 -999 -999 -999 -999 -999
-999 -999 -999 -999 -999 -999 -999 -999 -999 -999 -999 -999 -999 -999 -999 -999 -999 -999 -999 -999 -999 -999 -999 -999 -999 -999 -999 -999 -999 -999 -999 -999 -999 -999 -999 -999 -999 -999 -999 -999 -999 -999 -999 -999 -999 -999 -999 -999 -999 -999 -999 -999 -999 -999 -999 -999 -999 -999 -999 -999 -999 -999 -999 -999 -999 -999 -999 -999 -999 -999 -999 -999 -999 -999 -999 -999 -999 -999 -999 -999 -999 -999 -999 -999 -999 -999 -999 -999 -999 -999 -999 -999 -999 -999 -999 -999
-999 -999 -999 -999 -999 -999 -999 -999 -999 -999 -999 -999 -999 -999 -999 -999 -999 -999 -999 -999 -999 -999 -999 -999 -999 -999 -999 -999 -999 -999 -999 -999 -999 -999 -999 -999 -999 -999 -999 -999 -999 -999 -999 -999 -999 -999 -999 -999 -999 -999 -999 -999 -999 -999 -999 -999 -999 -999 -999 -999 -999 -999 -999 -999 -999 -999 -999 -999 -999 -999 -999 -999 -999 -999 -999 -999 -999 -999 -999 -999 -999 -999 -999 -999 -999 -999 -999 -999 -999 -999 -999 -999 -999 -999 -999 -999
-999 -999 -999 -999 -999 -999 -999 -999 -999 -999 -999 -999 -999 -999 -999 -999 -999 -999 -999 -999 -999 -999 -999 -999 -999 -999 -999 -999 -999 -999 -999 -999 -999 -999 -999 -999 -999 -999 -999 -999 -999 -999 -999 -999 -999 -999 -999 -999 -999 -999 -999 -999 -999 -999 -999 -999 -999 -999 -999 -999 -999 -999 -999 -999 -999 -999 -999 -999 -999 -999 -999 -999 -999 -999 -999 -999 -999 -999 -999 -999 -999 -999 -999 -999 -999 -999 -999 -999 -999 -999 -999 -999 -999 -999 -999 -999
-999 -999 -999 -999 -999 -999 -999 -999 -999 -999 -999 -999 -999 -999 -999 -999 -999 -999 -999 -999 -999 -999 -999 -999 -999 -999 -999 -999 -999 -999 -999 -999 -999 -999 -999 -999 -999 -999 -999 -999 -999 -999 -999 -999 -999 -999 -999 -999 -999 -999 -999 -999 -999 -999 -999 -999 -999 -999 -999 -999 -999 -999 -999 -999 -999 -999 -999 -999 -999 -999 -999 -999 -999 -999 -999 -999 -999 -999 -999 -999 -999 -999 -999 -999 -999 -999 -999 -999 -999 -999 -999 -999 -999 -999 -999 -999
-999 -999 -999 -999 -999 -999 -999 -999 -999 -999 -999 -999 -999 -999 -999 -999 -999 -999 -999 -999 -999 -999 -999 -999 -999 -999 -999 -999 -999 -999 -999 -999 -999 -999 -999 -999 -999 -999 -999 -999 -999 -999 -999 -999 -999 -999 -999 -999 -999 -999 -999 -999 -999 -999 -999 -999 -999 -999 -999 -999 -999 -999 -999 -999 -999 -999 -999 -999 -999 -999 -999 -999 -999 -999 -999 -999 -999 -999 -999 -999 -999 -999 -999 -999 -999 -999 -999 -999 -999 -999 -999 -999 -999 -999 -999 -999
