prediction/untitled folder/solar_ghi_19900101_02UT.txt
NCOLS 839
NROWS 679
XLLCORNER 112.025005
YLLCORNER -43.9750009
CELLSIZE 0.0499954
NODATA_VALUE -999
[rows 266 to 303 of 679, columns 688 to 773 of 839]
1084 1066 1071 1076 1076 1057 1083 1093 1093 1084 1093 1093 1090 1079 1089 1089 1070 1081 1087 1076 1070 1091 1091 1075 1070 1064 1059 1061 1064 1059 1081 1089 1084 1090 1090 1083 1065 1090 1083 1074 1069 1068 1065 1069 1082 1083 1090 1090 1070 1090 1091 1075 1076 1090 1076 1090 1090 1089 1089 1089 1089 1074 1084 1089 1087 1067 1077 1080 1076 1085 1066 1071 1083 1064 1064 1057 1082 1072 1085 1086 1085 1065 1059 1082 1072 1058
1092 1084 1085 1092 1091 1071 1077 1076 1083 1084 1093 1077 1090 1072 1087 1080 1075 1075 1075 1082 1075 1092 1091 1071 1085 1056 1070 1083 1069 1069 1090 1090 1091 1091 1091 1090 1072 1082 1090 1075 1055 1090 1090 1090 1090 1090 1090 1084 1090 1084 1091 1090 1090 1090 1090 1090 1090 1089 1088 1088 1089 1089 1088 1089 1087 1073 1085 1085 1086 1078 1086 1086 1084 1083 1069 1078 1086 1078 1070 1085 1085 1078 1083 1069 1065 1059
1076 1092 1076 1092 1090 1061 1078 1092 1086 1077 1091 1066 1075 1089 1088 1080 1079 1080 1070 1070 1089 1091 1091 1090 1090 1091 1090 1091 1091 1090 1089 1081 1069 1090 1090 1075 1075 1076 1069 1082 1090 1090 1090 1084 1091 1090 1090 1075 1090 1091 1090 1090 1089 1089 1089 1081 1089 1088 1067 1078 1073 1088 1088 1087 1087 1073 1087 1085 1085 1086 1086 1086 1085 1069 1060 1057 1079 1074 1066 1085 1084 1084 1083 1083 1076 1068
1076 1072 1083 1091 1081 1060 1077 1086 1088 1085 1091 1084 1091 1081 1075 1078 1074 1065 1060 1061 1069 1089 1075 1081 1090 1089 1090 1090 1090 1089 1088 1067 1064 1083 1082 1074 1083 1084 1076 1090 1090 1090 1089 1074 1083 1090 1090 1084 1091 1090 1089 1079 1089 1088 1073 1089 1089 1088 1073 1088 1087 1087 1087 1087 1088 1087 1087 1087 1086 1086 1086 1086 1085 1084 1072 1086 1085 1082 1086 1085 1085 1078 1064 1058 1049 1041
1077 1084 1092 1091 1070 1057 1065 1062 1066 1087 1085 1092 1092 1081 1060 1055 1064 1060 1049 1066 1066 1060 1065 1065 1090 1088 1088 1089 1090 1088 1079 1069 1090 1091 1090 1090 1091 1091 1091 1090 1089 1090 1089 1068 1082 1090 1090 1074 1091 1089 1088 1088 1088 1088 1072 1089 1089 1089 1089 1088 1086 1086 1087 1087 1087 1087 1079 1081 1088 1086 1080 1085 1085 1084 1086 1086 1084 1084 1085 1084 1084 1079 1065 1059 1051 1070
1091 1092 1083 1077 1065 1065 1083 1077 1093 1076 1071 1082 1091 1089 1070 1060 1060 1061 1068 1085 1092 1091 1073 1065 1090 1089 1088 1089 1089 1087 1087 1080 1090 1090 1090 1090 1090 1090 1090 1090 1084 1090 1089 1088 1075 1089 1089 1081 1090 1087 1081 1087 1064 1080 1073 1088 1089 1089 1088 1088 1086 1085 1078 1087 1087 1086 1087 1087 1088 1086 1086 1085 1084 1086 1085 1085 1084 1084 1083 1075 1083 1084 1084 1071 1055 1058
1091 1084 1090 1091 1092 1090 1090 1084 1092 1093 1089 1092 1091 1088 1070 1091 1076 1065 1091 1092 1092 1091 1080 1089 1090 1089 1089 1088 1081 1085 1065 1055 1089 1090 1089 1070 1090 1090 1090 1090 1082 1089 1088 1087 1088 1089 1089 1073 1089 1086 1077 1085 1079 1072 1088 1084 1088 1087 1087 1087 1086 1067 1078 1079 1086 1082 1073 1079 1087 1088 1086 1085 1077 1086 1086 1080 1083 1084 1083 1082 1083 1066 1084 1084 1085 1078
1062 1075 1090 1091 1081 1077 1088 1075 1081 1092 1091 1077 1076 1088 1089 1091 1091 1075 1091 1092 1091 1090 1091 1090 1089 1088 1089 1088 1088 1073 1050 1054 1082 1088 1088 1088 1089 1088 1089 1074 1083 1090 1087 1064 1086 1088 1089 1073 1089 1085 1085 1084 1085 1087 1088 1088 1088 1087 1086 1087 1073 1067 1086 1086 1087 1082 1087 1086 1088 1087 1081 1070 1085 1071 1086 1085 1070 1085 1083 1082 1081 1073 1083 1084 1084 1083
1090 1090 1077 1090 1071 1066 1065 1060 1066 1092 1077 1071 1071 1090 1088 1068 1090 1056 1084 1090 1088 1090 1090 1089 1081 1088 1087 1082 1088 1087 1073 1079 1087 1088 1087 1088 1088 1088 1079 1073 1089 1089 1080 1063 1072 1072 1080 1085 1089 1086 1084 1084 1084 1085 1086 1087 1088 1087 1086 1085 1073 1087 1087 1086 1087 1082 1087 1086 1087 1086 1087 1080 1087 1086 1086 1085 1085 1077 1084 1077 1082 1077 1083 1083 1083 1083
1089 1089 1088 1081 1089 1090 1060 1090 1085 1091 1071 1086 1092 1090 1087 1074 1070 1061 1065 1071 1066 1068 1089 1087 1087 1079 1088 1088 1082 1073 1088 1087 1081 1080 1086 1073 1087 1087 1088 1088 1088 1089 1087 1087 1073 1069 1088 1088 1089 1086 1084 1084 1077 1084 1079 1086 1086 1086 1086 1086 1082 1088 1088 1086 1062 1073 1088 1087 1086 1086 1086 1072 1083 1086 1086 1085 1084 1080 1084 1077 1082 1082 1076 1083 1070 1082
1082 1088 1075 1054 1083 1089 1090 1090 1091 1089 1071 1085 1092 1090 1060 1055 1056 1070 1061 1084 1071 1090 1090 1088 1087 1081 1088 1088 1088 1075 1087 1087 1081 1088 1087 1078 1081 1087 1087 1078 1080 1088 1087 1072 1073 1079 1088 1087 1087 1087 1085 1084 1077 1071 1066 1078 1063 1063 1085 1079 1079 1087 1086 1086 1071 1074 1088 1088 1075 1072 1085 1081 1087 1082 1086 1081 1081 1080 1079 1067 1080 1082 1083 1083 1083 1082
1076 1087 1086 1052 1089 1089 1088 1090 1090 1066 1053 1091 1090 1076 1056 1060 1071 1079 1091 1092 1091 1085 1087 1087 1068 1080 1087 1073 1087 1088 1087 1087 1086 1087 1086 1073 1083 1087 1086 1080 1074 1087 1078 1075 1088 1087 1087 1085 1072 1087 1085 1084 1079 1075 1068 1062 1058 1072 1085 1071 1086 1085 1086 1086 1086 1068 1082 1068 1074 1074 1086 1086 1087 1087 1078 1073 1074 1078 1069 1080 1084 1082 1081 1082 1082 1082
1075 1084 1086 1080 1058 1077 1088 1068 1060 1066 1083 1075 1091 1089 1076 1083 1084 1090 1091 1091 1091 1089 1090 1087 1063 1065 1088 1085 1087 1087 1087 1087 1087 1087 1087 1086 1086 1086 1086 1077 1071 1087 1074 1079 1088 1087 1081 1072 1072 1087 1085 1077 1084 1084 1084 1073 1080 1086 1085 1085 1085 1085 1085 1082 1073 1087 1087 1082 1087 1088 1085 1082 1087 1087 1086 1086 1086 1086 1085 1085 1084 1082 1081 1068 1082 1068
1079 1076 1069 1078 1087 1089 1089 1056 1061 1067 1085 1090 1090 1089 1089 1090 1076 1076 1091 1090 1089 1073 1087 1088 1074 1088 1088 1087 1087 1087 1080 1087 1087 1087 1086 1087 1078 1071 1075 1069 1070 1087 1082 1081 1088 1073 1081 1078 1087 1087 1085 1084 1084 1084 1084 1085 1086 1087 1086 1085 1084 1077 1086 1083 1084 1088 1087 1088 1079 1079 1087 1087 1086 1086 1086 1085 1086 1086 1085 1085 1085 1083 1074 1082 1082 1076
1085 1071 1056 1074 1082 1070 1088 1087 1080 1090 1089 1090 1090 1089 1083 1083 1084 1084 1090 1090 1087 1074 1089 1087 1073 1087 1088 1087 1087 1074 1073 1081 1087 1087 1078 1086 1086 1068 1067 1072 1072 1076 1073 1088 1088 1067 1087 1087 1088 1087 1084 1084 1084 1084 1078 1078 1081 1086 1086 1085 1084 1078 1084 1075 1084 1088 1079 1074 1063 1079 1088 1085 1086 1086 1086 1086 1086 1086 1079 1084 1081 1082 1069 1068 1082 1077
1060 1074 1078 1088 1086 1076 1087 1086 1086 1087 1087 1088 1089 1088 1085 1082 1089 1089 1090 1083 1073 1069 1089 1088 1089 1088 1087 1087 1086 1087 1087 1086 1084 1086 1068 1087 1086 1058 1081 1085 1067 1071 1074 1088 1088 1080 1088 1087 1087 1085 1077 1084 1083 1084 1077 1078 1085 1086 1086 1086 1079 1071 1077 1071 1088 1082 1069 1068 1063 1087 1088 1082 1087 1087 1086 1086 1085 1085 1077 1084 1083 1083 1081 1063 1082 1082
1044 1060 1086 1086 1086 1080 1087 1086 1080 1085 1085 1087 1087 1087 1086 1086 1087 1082 1090 1089 1083 1089 1089 1088 1088 1088 1086 1075 1069 1086 1087 1086 1087 1085 1069 1086 1073 1076 1087 1086 1064 1066 1082 1088 1088 1089 1089 1087 1086 1085 1083 1084 1076 1072 1084 1084 1085 1085 1085 1085 1078 1061 1078 1070 1084 1087 1084 1087 1087 1088 1087 1087 1087 1087 1086 1086 1086 1081 1085 1085 1083 1083 1082 1082 1082 1081
1060 1083 1087 1085 1085 1069 1080 1082 1079 1059 1069 1086 1086 1075 1074 1075 1079 1082 1089 1089 1080 1089 1089 1088 1087 1088 1086 1067 1069 1087 1087 1087 1087 1073 1069 1086 1085 1085 1069 1086 1070 1072 1071 1078 1086 1087 1087 1087 1086 1081 1078 1077 1065 1072 1077 1076 1084 1085 1080 1085 1084 1073 1085 1085 1082 1088 1088 1088 1088 1087 1071 1082 1087 1086 1081 1061 1086 1084 1077 1085 1083 1081 1081 1079 1081 1080
1083 1088 1087 1085 1067 1077 1085 1085 1084 1086 1085 1085 1074 1069 1083 1076 1073 1086 1088 1088 1088 1086 1087 1087 1085 1085 1074 1086 1087 1086 1086 1085 1085 1069 1076 1077 1071 1073 1074 1085 1080 1086 1086 1087 1078 1074 1087 1087 1086 1084 1084 1071 1065 1084 1071 1056 1070 1072 1085 1085 1085 1086 1086 1084 1052 1075 1088 1088 1088 1087 1076 1065 1078 1074 1062 1048 1086 1083 1085 1085 1085 1082 1074 1067 1081 1080
1087 1088 1086 1085 1074 1084 1069 1064 1078 1085 1086 1074 1086 1067 1072 1085 1079 1085 1086 1081 1086 1085 1085 1086 1085 1084 1068 1078 1086 1075 1086 1073 1074 1073 1078 1080 1081 1080 1082 1080 1073 1069 1069 1075 1083 1082 1086 1085 1072 1084 1083 1079 1083 1085 1083 1079 1079 1067 1085 1081 1086 1086 1086 1085 1048 1068 1076 1088 1079 1084 1087 1076 1079 1078 1068 1070 1087 1086 1085 1085 1083 1084 1075 1082 1083 1081
1084 1085 1085 1069 1074 1069 1065 1059 1044 1064 1074 1074 1074 1086 1086 1085 1059 1079 1079 1056 1085 1069 1084 1085 1085 1065 1068 1066 1086 1085 1086 1086 1085 1084 1076 1084 1086 1086 1072 1086 1085 1085 1086 1087 1087 1081 1080 1064 1076 1084 1063 1083 1075 1063 1062 1085 1084 1077 1086 1086 1087 1086 1086 1086 1059 1087 1079 1088 1076 1087 1087 1087 1088 1087 1070 1085 1087 1087 1085 1075 1068 1073 1084 1084 1083 1082
1074 1079 1084 1074 1066 1076 1079 1069 1055 1061 1057 1080 1077 1087 1086 1087 1066 1064 1051 1047 1081 1064 1060 1071 1080 1074 1080 1069 1069 1080 1086 1086 1085 1084 1084 1081 1085 1086 1086 1086 1080 1071 1086 1087 1087 1071 1085 1085 1086 1085 1065 1066 1053 1069 1082 1086 1085 1086 1079 1087 1087 1087 1086 1086 1086 1087 1087 1085 1088 1088 1087 1088 1087 1087 1087 1086 1087 1086 1085 1084 1084 1076 1084 1083 1083 1082
1069 1071 1083 1069 1084 1084 1084 1075 1075 1086 1070 1069 1077 1086 1077 1084 1082 1084 1075 1075 1077 1070 1068 1064 1079 1085 1085 1085 1085 1085 1085 1086 1084 1084 1083 1080 1080 1085 1081 1069 1069 1082 1085 1086 1086 1086 1085 1086 1086 1085 1083 1079 1058 1083 1075 1087 1086 1087 1087 1087 1087 1083 1071 1085 1086 1086 1087 1087 1088 1088 1087 1087 1087 1087 1086 1086 1085 1085 1085 1085 1085 1084 1084 1083 1082 1082
1084 1084 1076 1059 1084 1083 1083 1080 1074 1085 1072 1083 1085 1064 1081 1086 1084 1087 1087 1087 1087 1085 1085 1084 1084 1084 1084 1084 1083 1084 1084 1084 1076 1082 1084 1081 1085 1085 1086 1085 1086 1074 1086 1085 1086 1086 1086 1086 1086 1084 1083 1078 1076 1074 1087 1087 1087 1086 1086 1086 1087 1087 1087 1079 1078 1086 1086 1087 1088 1087 1087 1087 1087 1086 1086 1085 1084 1085 1085 1085 1085 1084 1084 1083 1082 1082
1084 1084 1069 1080 1075 1064 1078 1078 1083 1084 1084 1079 1082 1067 1064 1085 1069 1086 1086 1087 1087 1085 1086 1085 1084 1084 1083 1083 1082 1080 1075 1070 1070 1078 1083 1080 1076 1074 1073 1086 1084 1066 1086 1086 1074 1078 1086 1086 1086 1083 1082 1067 1075 1082 1086 1086 1086 1086 1086 1086 1086 1086 1086 1087 1086 1085 1085 1087 1087 1087 1087 1087 1086 1086 1086 1085 1084 1083 1080 1084 1084 1084 1083 1083 1082 1083
1083 1080 1083 1083 1074 1066 1073 1082 1082 1080 1084 1070 1075 1075 1055 1056 1043 1060 1085 1085 1086 1085 1085 1085 1084 1083 1082 1083 1083 1079 1073 1081 1074 1067 1073 1083 1070 1068 1077 1086 1074 1085 1086 1084 1083 1086 1086 1086 1085 1082 1058 1055 1084 1085 1086 1086 1086 1086 1086 1086 1086 1083 1086 1086 1086 1086 1067 1078 1076 1086 1078 1086 1086 1086 1085 1085 1083 1082 1084 1084 1084 1083 1083 1083 1082 1082
1069 1070 1082 1082 1075 1075 1082 1082 1082 1078 1083 1070 1085 1085 1083 1071 1051 1053 1068 1083 1084 1083 1082 1083 1083 1081 1083 1077 1083 1082 1078 1078 1083 1072 1071 1062 1066 1085 1085 1086 1086 1084 1085 1086 1085 1086 1086 1085 1084 1082 1082 1081 1086 1086 1086 1086 1087 1087 1086 1086 1086 1086 1085 1086 1087 1086 1086 1086 1086 1078 1077 1086 1086 1085 1085 1074 1069 1075 1078 1084 1084 1083 1083 1083 1082 1082
1078 1082 1081 1081 1069 1082 1083 1082 1081 1082 1082 1082 1083 1084 1083 1083 1079 1082 1073 1073 1082 1082 1081 1069 1074 1074 1082 1082 1082 1082 1082 1078 1082 1074 1079 1060 1052 1085 1084 1083 1085 1083 1084 1086 1082 1086 1086 1085 1085 1083 1061 1060 1077 1087 1087 1087 1087 1087 1086 1086 1086 1085 1084 1086 1086 1086 1086 1077 1076 1086 1087 1086 1085 1085 1081 1085 1084 1082 1078 1083 1083 1082 1083 1083 1082 1082
1083 1082 1082 1073 1068 1082 1082 1078 1074 1069 1068 1082 1082 1082 1082 1082 1082 1078 1077 1072 1077 1072 1067 1073 1082 1072 1082 1082 1081 1082 1082 1082 1082 1079 1079 1072 1058 1075 1080 1081 1084 1083 1078 1084 1086 1086 1086 1085 1084 1082 1062 1055 1075 1086 1086 1086 1087 1087 1086 1086 1086 1086 1086 1086 1086 1086 1086 1077 1086 1086 1086 1085 1085 1084 1084 1084 1077 1068 1082 1083 1082 1083 1082 1082 1082 1081
1075 1074 1075 1069 1082 1082 1081 1073 1073 1068 1064 1081 1081 1077 1082 1081 1082 1078 1075 1064 1078 1073 1065 1082 1082 1077 1082 1077 1082 1081 1082 1082 1082 1082 1082 1082 1079 1074 1080 1079 1065 1062 1066 1078 1085 1086 1085 1084 1082 1078 1069 1063 1086 1087 1087 1086 1086 1086 1085 1084 1084 1084 1085 1086 1086 1086 1084 1085 1086 1086 1086 1083 1085 1083 1076 1084 1084 1084 1075 1083 1082 1082 1082 1082 1082 1082
1070 1075 1076 1083 1082 1079 1078 1081 1082 1081 1073 1081 1077 1064 1075 1074 1081 1081 1081 1068 1072 1077 1063 1073 1078 1081 1081 1081 1082 1081 1081 1081 1081 1081 1080 1071 1072 1062 1057 1058 1054 1058 1058 1067 1068 1085 1085 1082 1082 1082 1072 1070 1086 1086 1085 1086 1086 1084 1083 1083 1083 1082 1083 1085 1086 1086 1086 1084 1085 1086 1086 1085 1085 1084 1081 1079 1084 1084 1083 1083 1082 1081 1081 1082 1082 1081
1084 1083 1082 1069 1074 1059 1059 1079 1080 1081 1079 1081 1080 1078 1077 1073 1070 1081 1081 1081 1068 1055 1068 1070 1081 1081 1081 1081 1076 1079 1081 1081 1074 1072 1078 1067 1060 1046 1053 1059 1068 1082 1068 1067 1058 1085 1083 1081 1081 1079 1072 1085 1086 1085 1086 1084 1083 1082 1082 1083 1082 1082 1082 1084 1084 1084 1085 1085 1085 1086 1086 1082 1085 1084 1084 1084 1083 1083 1083 1082 1081 1081 1081 1082 1082 1082
1084 1083 1064 1055 1056 1056 1047 1081 1077 1072 1063 1073 1073 1072 1072 1077 1072 1080 1073 1081 1081 1075 1081 1081 1081 1074 1067 1080 1081 1077 1081 1081 1076 1072 1071 1069 1075 1082 1083 1084 1085 1085 1081 1062 1051 1085 1082 1081 1074 1064 1075 1085 1085 1085 1084 1083 1082 1082 1082 1083 1080 1082 1082 1082 1083 1083 1084 1085 1085 1085 1085 1086 1085 1084 1084 1083 1083 1082 1082 1082 1081 1081 1082 1082 1082 1082
1071 1068 1055 1063 1075 1064 1075 1082 1060 1059 1081 1081 1055 1081 1081 1081 1080 1080 1078 1081 1081 1081 1081 1080 1064 1072 1067 1078 1081 1077 1079 1077 1077 1076 1076 1074 1083 1083 1083 1082 1083 1084 1082 1074 1063 1085 1081 1067 1078 1062 1085 1085 1085 1083 1082 1082 1071 1081 1082 1082 1083 1074 1077 1074 1068 1082 1083 1084 1084 1076 1085 1085 1085 1085 1084 1081 1083 1075 1082 1082 1081 1067 1081 1081 1081 1082
1084 1082 1070 1081 1065 1082 1082 1082 1068 1059 1081 1051 1080 1082 1081 1079 1080 1077 1077 1079 1080 1074 1072 1072 1071 1072 1077 1080 1076 1080 1078 1069 1078 1078 1080 1081 1082 1079 1081 1074 1080 1085 1085 1085 1085 1075 1082 1057 1081 1082 1084 1084 1083 1082 1081 1080 1073 1081 1081 1081 1082 1083 1078 1077 1062 1078 1082 1082 1083 1075 1084 1084 1084 1084 1084 1083 1083 1082 1082 1081 1080 1078 1081 1080 1071 1071
1083 1082 1081 1075 1078 1081 1081 1081 1081 1081 1082 1069 1059 1080 1081 1080 1080 1072 1067 1072 1072 1067 1072 1076 1077 1080 1080 1077 1071 1076 1077 1078 1079 1068 1076 1080 1080 1072 1080 1080 1081 1083 1084 1084 1085 1085 1083 1080 1081 1078 1082 1082 1082 1078 1080 1080 1080 1080 1081 1075 1081 1082 1079 1068 1074 1081 1081 1081 1081 1082 1084 1084 1083 1084 1083 1083 1082 1082 1082 1080 1079 1079 1080 1080 1080 1080
1083 1070 1064 1080 1074 1080 1068 1079 1081 1080 1079 1068 1069 1082 1073 1073 1072 1067 1078 1076 1062 1063 1079 1078 1071 1072 1080 1076 1076 1079 1071 1079 1076 1071 1076 1072 1077 1079 1079 1067 1081 1081 1083 1083 1084 1084 1083 1081 1079 1077 1080 1080 1081 1076 1081 1080 1081 1080 1080 1080 1081 1081 1081 1066 1081 1081 1081 1080 1070 1080 1082 1083 1082 1075 1083 1082 1081 1082 1081 1079 1078 1078 1078 1080 1079 1079
1082 1070 1075 1081 1080 1081 1080 1074 1080 1079 1079 1081 1081 1081 1068 1072 1079 1072 1067 1078 1079 1079 1079 1072 1062 1080 1072 1072 1062 1076 1073 1066 1077 1063 1071 1071 1076 1070 1070 1070 1062 1077 1080 1081 1083 1083 1083 1082 1079 1079 1080 1080 1079 1072 1080 1080 1080 1079 1080 1080 1081 1081 1081 1081 1082 1081 1076 1080 1073 1073 1067 1074 1081 1081 1082 1081 1078 1080 1080 1078 1074 1078 1078 1078 1078 1079
