prediction/untitled folder/solar_ghi_19900101_05UT.txt
NCOLS 839
NROWS 679
XLLCORNER 112.025005
YLLCORNER -43.9750009
CELLSIZE 0.0499954
NODATA_VALUE -999
[rows 126 to 167 of 679, columns 465 to 557 of 839]
131 115 115 115 115 115 115 115 150 120 115 115 115 115 115 115 115 115 115 125 115 115 115 115 115 115 114 114 114 114 114 114 114 114 114 114 114 129 124 114 122 116 144 139 129 129 153 165 196 199 199 198 198 198 217 217 217 233 233 237 237 306 306 306 358 358 358 390 404 404 488 488 488 488 469 469 493 493 493 493 493 525 554 554 554 577 569 569 569 569 532 532 532
187 136 124 115 115 115 115 115 146 145 115 115 115 115 115 115 115 115 115 125 130 115 115 115 115 115 114 114 114 114 114 114 114 114 114 114 114 119 124 114 127 127 135 115 114 125 169 161 179 199 198 198 198 217 217 217 233 233 237 237 251 306 306 306 358 358 358 390 404 404 488 488 488 488 488 469 469 493 493 493 493 525 529 554 554 577 569 569 569 532 532 532 532
197 135 140 115 115 115 115 115 137 174 115 115 115 115 115 115 115 115 115 115 115 115 115 115 115 115 114 114 114 114 114 114 114 114 114 114 114 114 114 114 123 132 144 131 125 146 158 176 196 199 178 178 217 217 217 233 233 237 237 251 306 306 306 358 358 358 369 390 404 404 404 488 488 488 488 488 469 469 493 493 493 525 529 554 554 577 569 569 532 532 532 532 532
270 146 115 115 115 115 115 115 115 174 115 115 115 115 115 115 115 115 115 115 115 115 115 115 115 115 115 114 114 114 114 128 127 114 114 114 114 119 114 114 118 132 116 121 130 130 169 196 212 215 178 201 217 217 233 233 237 237 251 251 306 306 306 358 358 358 369 390 404 404 404 488 488 488 488 488 488 469 469 493 493 525 529 523 572 577 580 532 532 532 532 532 532
242 216 115 115 115 115 115 115 142 136 115 115 115 118 115 115 115 115 115 115 115 115 115 123 122 115 115 115 114 114 114 114 114 114 114 114 114 134 119 114 114 117 131 131 130 151 177 180 212 199 178 233 233 233 233 237 237 251 251 306 306 306 306 358 358 358 369 390 404 404 404 404 488 488 488 488 488 488 469 469 512 551 543 542 572 572 580 532 532 532 532 532 532
418 217 158 140 118 115 115 115 151 115 115 115 115 118 115 115 115 115 115 126 115 115 115 118 115 115 115 114 114 114 114 114 114 114 114 114 130 130 114 129 133 132 149 144 131 151 177 180 196 199 198 214 226 220 237 237 251 251 243 306 306 306 358 358 358 358 369 390 404 404 404 404 488 488 488 488 488 488 488 492 522 567 565 550 550 550 580 532 532 532 532 532 532
434 220 196 158 134 115 115 122 137 115 120 119 115 118 115 115 115 115 115 115 115 115 115 115 115 115 115 114 114 114 114 114 114 114 114 114 130 114 114 119 133 132 132 131 131 130 151 177 197 196 199 198 201 230 233 251 251 243 280 306 306 306 358 358 358 362 369 390 404 404 404 404 427 457 457 457 457 457 457 453 477 507 565 550 550 550 580 532 532 532 532 532 532
494 285 210 192 153 123 128 133 115 115 131 136 119 134 129 115 115 115 115 115 115 115 115 124 115 115 115 126 135 114 114 114 114 114 114 114 130 114 114 124 114 118 132 131 148 139 151 158 176 183 199 198 195 210 210 219 243 243 280 306 306 334 358 358 358 362 369 390 404 404 404 427 427 427 457 457 457 457 457 430 458 507 507 550 550 550 550 532 532 532 532 532 532
487 392 310 237 189 153 152 160 116 115 120 150 115 135 144 115 115 115 115 115 115 115 119 129 117 115 115 115 131 135 114 114 114 114 114 114 114 114 114 124 114 118 132 132 131 151 134 155 158 193 199 196 178 194 200 219 235 253 280 306 306 334 358 358 365 362 369 390 404 404 404 427 427 427 534 457 457 457 430 430 458 458 507 507 550 550 550 532 532 532 532 532 532
460 645 524 393 322 258 192 183 151 115 121 150 115 140 161 115 115 115 115 115 115 115 130 129 115 115 115 115 115 115 160 134 114 114 114 127 114 114 114 114 119 133 132 132 136 131 130 151 158 180 196 179 178 185 201 216 232 239 252 272 291 334 358 358 365 362 369 390 404 404 415 427 427 427 534 534 457 430 430 430 458 458 458 507 550 550 550 550 532 532 532 532 532
601 547 677 544 444 416 349 235 175 143 137 166 170 165 184 134 115 115 116 115 115 115 115 115 115 115 115 115 115 115 164 139 134 114 114 114 114 114 114 114 119 133 132 149 156 140 135 130 154 173 180 179 178 192 194 203 226 232 238 256 306 359 374 377 365 362 369 390 404 404 415 427 427 489 534 534 534 430 430 430 458 458 458 564 564 564 564 564 564 564 564 532 532
651 751 726 692 559 551 510 351 218 183 189 223 258 246 205 164 152 122 115 115 115 115 115 115 115 128 138 115 115 135 144 139 139 133 114 114 114 114 114 114 129 133 118 123 131 131 148 139 154 158 180 179 186 185 181 198 207 229 235 256 301 338 358 368 364 362 368 388 391 409 415 427 427 489 534 534 534 546 546 430 458 458 564 564 564 564 564 564 564 564 564 564 564
618 766 765 764 730 669 541 364 345 306 289 309 363 368 295 205 198 160 128 115 115 115 115 115 115 123 163 115 115 115 115 115 139 138 132 114 126 116 125 114 114 119 137 132 132 131 131 151 158 162 180 179 199 196 188 198 201 216 239 256 275 301 324 342 353 356 381 391 397 402 417 423 471 489 534 534 546 546 557 557 557 564 564 564 564 564 564 564 564 564 564 564 564
509 744 791 772 757 598 583 427 488 441 387 416 447 464 394 301 212 187 168 147 127 126 115 115 115 115 138 137 115 115 140 115 115 115 138 132 116 126 121 125 119 129 146 141 132 131 135 130 155 173 173 179 193 199 198 198 201 213 243 272 290 302 313 328 332 339 373 383 380 396 414 429 438 460 502 546 546 557 557 557 557 564 564 564 564 564 564 564 564 564 564 564 564
568 753 785 769 733 609 479 584 651 536 460 453 517 573 488 373 250 209 187 179 179 154 115 115 115 115 115 138 142 141 115 115 140 134 115 137 127 116 135 135 125 114 123 132 132 131 152 135 155 158 165 172 179 192 198 198 201 219 257 288 315 329 321 329 317 337 355 369 371 391 402 404 435 456 466 502 557 557 557 557 557 564 564 564 564 564 564 564 564 564 564 564 564
647 577 656 774 750 686 521 698 605 659 579 560 606 579 466 369 272 218 207 179 155 136 115 115 115 115 115 115 162 145 115 140 115 115 115 114 117 131 131 135 139 138 138 137 141 136 148 144 155 158 180 165 179 182 192 201 217 240 284 304 319 326 325 322 326 344 345 353 368 382 402 399 410 428 443 468 491 491 491 491 491 508 508 508 508 508 508 508 508 508 508 508 508
413 499 648 759 773 736 716 714 699 788 670 603 579 484 409 344 304 248 211 187 182 154 115 115 115 115 115 115 162 116 141 115 115 139 138 138 127 114 121 135 147 159 150 158 165 145 140 156 159 159 180 181 180 190 192 211 240 273 297 304 307 315 318 328 323 337 325 347 353 378 386 397 424 432 447 463 477 477 477 476 476 508 508 508 508 508 508 508 508 508 508 508 508
258 440 626 676 735 787 694 755 726 511 502 499 423 350 276 287 263 248 217 186 163 145 145 125 115 134 118 138 142 142 141 114 114 139 139 138 132 116 131 140 139 151 163 177 169 161 168 160 160 159 181 181 191 200 202 215 244 277 285 293 296 303 311 328 320 317 313 326 336 366 389 394 421 431 442 455 453 453 476 476 476 508 508 508 508 508 508 508 508 508 508 508 508
346 546 737 774 773 781 685 632 678 427 579 471 368 320 211 237 224 230 243 223 202 169 145 161 152 124 115 163 146 115 115 140 144 143 143 151 162 132 122 144 148 151 167 177 173 165 172 172 168 167 181 191 207 199 206 215 241 270 286 286 292 283 291 304 303 300 323 326 344 363 372 383 400 421 430 442 463 476 476 476 413 427 410 508 508 508 508 508 508 508 508 598 598
368 595 808 808 784 754 734 408 542 691 691 653 443 311 238 201 200 200 213 233 222 202 180 157 164 152 168 171 122 116 145 144 172 171 171 181 188 165 149 140 140 151 167 181 184 172 169 179 182 189 198 218 223 209 218 225 228 252 279 290 300 297 288 292 304 296 315 341 351 373 362 378 383 409 420 434 457 476 476 413 420 427 410 410 410 444 444 444 444 489 598 598 598
235 371 703 808 800 444 550 518 333 805 763 740 680 521 319 173 139 115 168 223 242 232 215 201 211 217 200 174 173 145 172 172 193 193 196 211 201 187 180 161 156 148 155 174 181 183 184 183 183 202 218 238 248 236 236 226 229 242 264 286 312 313 309 308 305 316 315 345 362 366 362 389 381 414 419 430 434 423 413 413 420 427 410 410 444 444 444 444 489 489 598 598 598
335 299 523 799 808 594 429 742 516 507 805 762 794 755 607 388 115 115 115 171 216 226 222 215 244 254 226 199 195 177 197 204 226 225 218 218 205 194 184 179 179 164 174 178 182 184 190 193 193 202 218 238 259 270 262 240 247 240 254 283 301 308 316 315 313 320 327 348 364 352 375 382 390 396 418 414 390 373 357 377 420 427 410 410 444 444 444 489 489 543 598 598 598
467 449 526 746 808 808 649 797 785 653 769 805 761 804 744 470 145 115 156 175 159 174 215 245 313 321 284 239 219 224 244 293 336 325 236 202 208 208 200 194 193 193 192 188 192 188 201 203 203 209 228 259 271 291 288 282 278 259 254 272 286 304 318 305 301 312 319 334 352 362 368 390 412 404 406 396 369 335 321 341 366 382 381 397 444 444 489 489 527 543 598 598 598
461 434 592 637 772 808 792 801 808 763 716 458 806 799 766 501 378 589 620 426 255 151 170 214 298 329 313 277 258 296 349 400 426 408 244 189 215 224 217 217 219 219 212 199 202 198 201 197 209 228 250 280 291 300 315 315 302 270 269 285 291 298 302 285 277 293 295 315 323 337 377 394 430 428 436 405 353 317 294 321 331 354 378 390 442 489 489 527 553 543 598 598 598
665 519 591 670 724 809 808 808 796 763 749 328 501 806 805 724 626 671 762 647 508 318 185 173 237 285 270 259 275 315 399 469 506 457 328 251 273 301 275 266 260 249 229 205 202 205 203 196 226 258 297 304 316 339 338 346 326 305 306 314 321 326 307 282 273 277 288 284 291 330 355 383 396 397 402 370 325 310 302 322 372 375 370 370 425 517 527 527 553 543 598 598 563
764 657 453 494 666 810 809 809 809 797 783 628 390 387 806 744 473 249 444 622 588 422 222 188 318 328 238 201 224 323 398 479 527 532 430 393 406 389 359 338 307 256 228 209 205 205 197 210 248 302 356 356 368 378 370 361 359 348 348 344 333 323 306 282 273 284 310 309 295 331 320 355 380 366 363 342 327 348 310 332 377 388 398 388 407 462 505 520 553 543 598 598 563
570 618 600 525 692 799 725 809 809 801 779 673 635 310 767 583 461 584 571 680 474 419 333 372 475 545 362 261 308 368 392 465 498 528 494 491 496 438 388 353 316 257 222 219 212 198 187 207 274 335 385 402 417 416 412 395 389 377 373 365 358 336 295 266 269 324 385 379 325 316 280 334 355 364 360 338 287 295 286 255 306 370 409 387 376 397 435 498 520 555 560 565 563
624 497 551 545 507 692 742 810 810 810 809 769 768 564 252 366 780 792 758 641 674 650 501 491 538 573 606 439 439 425 442 472 497 492 512 546 528 478 421 372 329 291 268 259 241 204 195 221 276 343 391 438 463 444 435 426 428 411 395 385 366 355 320 272 280 315 391 378 355 320 275 352 380 376 356 308 279 248 248 255 260 276 321 313 297 336 378 461 526 570 565 585 593
760 519 388 348 359 689 723 803 810 810 801 698 430 368 374 353 417 606 797 760 756 624 526 446 541 566 663 613 619 579 661 536 483 549 579 610 548 513 473 434 387 361 346 336 323 272 243 243 261 307 355 446 490 459 450 422 425 423 402 372 323 274 214 211 235 269 347 346 325 280 271 334 392 364 361 316 245 227 230 227 246 269 279 311 338 361 401 492 563 546 567 596 574
736 681 395 321 515 517 409 532 787 797 809 783 694 439 374 564 611 805 805 785 756 642 598 532 571 413 536 663 752 729 701 654 580 588 598 576 532 586 562 500 432 412 394 388 390 363 314 251 274 333 340 436 489 482 478 445 431 405 388 341 253 200 139 115 162 258 327 243 219 202 211 291 366 360 287 250 251 270 298 254 253 271 315 372 423 425 447 500 543 520 515 581 498
771 755 626 567 471 449 690 810 808 810 810 617 291 456 501 520 498 780 803 797 772 711 785 751 368 559 392 387 509 696 617 637 487 545 480 402 506 646 586 483 429 431 422 418 434 418 367 295 298 378 390 448 460 462 463 470 466 438 412 333 217 148 115 115 115 141 234 255 251 250 215 231 317 350 308 252 241 312 370 297 296 323 357 397 435 417 445 455 509 498 442 524 451
757 755 807 777 631 450 501 530 611 803 810 809 561 320 611 723 788 801 788 795 774 773 766 758 598 605 459 312 436 523 515 514 411 406 442 409 519 587 469 399 386 428 446 421 460 475 413 363 357 417 426 428 429 443 455 463 492 474 442 374 230 139 115 115 115 141 180 180 179 407 347 258 253 353 327 285 300 359 377 382 375 373 370 387 401 403 407 405 458 439 424 459 401
544 692 785 784 581 382 411 495 550 663 729 758 746 551 529 782 737 770 806 726 750 802 746 491 445 516 434 408 501 304 576 434 397 401 445 610 545 560 448 328 331 439 433 406 427 472 430 402 381 441 496 443 403 433 414 412 444 464 466 415 303 182 115 115 138 115 115 132 259 449 407 324 229 244 202 169 245 395 445 461 463 462 481 480 485 495 508 516 456 369 362 384 383
559 645 642 574 584 532 560 623 709 764 788 603 729 538 459 806 800 781 767 550 592 768 642 523 563 342 296 418 374 304 389 554 450 531 433 422 476 490 581 406 362 450 409 398 406 458 487 461 404 448 543 506 421 380 389 425 486 515 510 457 385 266 115 115 188 115 115 123 213 442 468 304 151 115 353 269 273 412 437 429 434 450 508 516 516 515 505 490 408 296 251 286 327
739 650 670 677 748 783 801 810 805 689 358 254 528 393 666 800 782 788 547 599 733 661 714 631 466 366 404 400 557 353 386 461 416 513 415 362 435 476 593 548 468 448 394 422 445 508 457 378 402 416 543 569 531 444 395 438 463 543 581 543 464 349 210 163 155 115 115 176 244 469 487 303 155 115 201 153 325 374 285 262 311 395 448 485 523 518 472 414 360 253 176 164 199
641 622 749 741 737 791 811 806 810 776 781 697 657 696 757 753 771 800 807 749 624 435 402 530 415 417 509 432 567 335 621 502 604 670 504 486 497 618 548 535 625 568 428 415 515 594 553 353 372 383 516 492 594 517 523 516 563 619 617 579 545 464 344 231 194 178 115 169 368 496 410 271 209 115 115 157 179 342 278 205 215 258 313 364 427 457 419 369 316 252 150 120 160
457 571 668 566 593 580 733 765 795 796 758 704 772 755 771 680 664 643 659 407 349 280 181 360 335 630 452 381 427 544 632 648 740 614 429 415 539 678 616 569 668 694 586 541 593 620 645 366 362 447 494 422 593 574 494 460 571 661 655 630 608 549 507 390 267 212 202 246 401 445 432 355 358 205 173 114 160 189 235 192 199 208 217 237 279 312 278 241 241 234 170 141 153
326 404 590 786 727 795 757 798 769 701 710 798 720 651 784 684 633 466 317 184 184 236 196 262 291 653 331 592 601 607 695 758 713 489 369 405 432 497 559 577 609 646 687 701 677 676 634 559 439 576 499 446 572 561 604 610 654 683 654 657 638 614 582 521 417 351 342 383 467 494 405 430 528 480 379 321 319 202 205 202 212 211 187 187 203 230 236 238 239 242 191 146 133
417 466 538 707 712 478 394 499 515 619 690 788 811 811 639 445 525 437 287 184 155 186 197 160 284 722 468 601 754 579 525 683 632 477 389 533 455 490 594 589 576 656 692 710 547 646 591 532 576 634 426 521 475 618 694 687 707 704 706 701 663 661 666 648 621 517 425 514 583 577 542 469 531 547 499 436 380 356 338 236 215 215 184 169 176 189 219 266 255 247 219 166 115
431 405 569 816 807 741 616 505 385 462 578 630 775 811 810 428 359 404 242 168 198 163 235 259 357 599 773 485 766 489 387 480 542 511 412 556 592 632 662 561 547 576 593 580 603 425 380 567 754 711 642 584 544 552 737 705 728 721 727 702 680 716 702 702 696 608 567 569 573 649 560 368 476 418 523 473 460 384 355 292 236 233 211 162 149 144 167 225 258 254 248 194 141
225 299 325 416 816 815 760 720 684 619 568 567 669 793 810 476 240 218 184 191 198 183 253 298 429 459 623 579 642 426 395 470 555 556 444 596 636 645 663 588 485 487 624 498 449 499 596 755 760 747 777 429 653 546 752 680 730 739 736 729 706 711 700 662 669 708 731 734 693 683 666 365 317 266 342 326 490 484 397 276 193 216 244 188 166 153 164 185 198 225 238 204 180
225 193 210 203 726 725 412 777 717 672 703 528 484 574 686 477 309 304 234 216 223 205 229 219 370 386 434 552 604 454 534 472 607 614 526 651 676 667 699 696 525 441 475 578 634 597 676 716 536 561 493 618 636 482 752 682 706 753 729 712 716 711 689 689 718 735 720 731 669 671 629 496 210 271 271 247 457 660 488 359 223 186 206 212 184 173 176 182 189 188 205 191 187
