prediction/untitled folder/solar_ghi_19900101_05UT.txt
NCOLS 839
NROWS 679
XLLCORNER 112.025005
YLLCORNER -43.9750009
CELLSIZE 0.0499954
NODATA_VALUE -999
[rows 546 to 587 of 679, columns 558 to 650 of 839]
774 781 807 796 781 784 805 804 803 797 803 803 802 801 800 799 798 798 783 786 791 795 789 783 778 783 791 794 782 786 788 792 792 790 790 778 777 789 789 787 781 786 786 785 783 783 781 780 780 781 770 781 771 753 780 769 755 755 755 773 774 755 771 768 758 758 769 771 767 766 766 763 756 747 762 767 765 765 764 764 763 762 762 761 760 759 758 758 758 758 758 759 759
781 781 776 785 790 789 806 796 803 796 802 801 802 801 800 799 799 798 798 798 797 796 794 793 788 788 793 794 793 793 793 792 785 791 790 790 789 789 788 788 777 787 787 786 784 783 781 781 781 776 766 770 780 777 769 769 766 766 773 766 760 740 764 769 762 765 770 772 746 770 769 757 751 751 762 767 766 765 765 765 764 763 763 762 762 761 759 759 754 758 758 759 760
762 762 762 781 799 797 792 793 802 797 791 790 801 802 801 800 799 798 798 798 798 798 796 794 791 788 793 787 793 787 792 792 791 784 790 778 789 789 788 781 780 786 786 787 785 783 783 782 782 781 766 749 759 768 758 763 778 778 759 749 756 766 748 752 765 773 763 756 745 760 758 768 768 762 759 767 766 766 766 765 765 764 764 764 763 762 762 760 760 760 760 760 760
762 762 762 776 780 791 765 788 804 802 791 795 795 794 800 794 800 799 792 798 798 798 796 789 788 792 793 781 792 787 793 792 791 779 790 783 789 788 787 787 787 786 786 786 785 784 783 783 783 782 770 753 744 774 753 768 778 779 758 759 756 760 744 739 749 766 773 757 750 760 768 768 768 767 763 767 766 766 760 760 764 764 764 764 764 763 762 762 761 760 761 760 760
762 762 776 776 772 766 792 773 769 803 801 801 800 795 801 789 783 783 792 798 797 797 796 789 782 791 792 776 788 792 792 792 791 791 790 789 777 782 788 787 786 786 776 774 784 783 783 783 782 776 775 769 753 776 769 778 766 771 769 773 756 753 750 739 744 759 773 763 751 766 769 769 768 767 761 761 766 766 760 759 764 758 759 758 763 762 763 762 760 760 761 760 759
762 776 776 772 772 787 802 773 788 804 803 802 801 779 801 800 799 798 797 796 797 797 796 794 793 783 787 791 791 792 792 792 791 791 790 790 789 788 787 787 787 786 785 785 784 783 783 783 782 781 781 770 780 779 779 773 767 771 762 770 750 753 752 754 754 763 770 757 770 771 766 769 768 767 766 764 767 766 760 755 765 764 761 752 762 763 763 763 761 758 754 759 759
776 776 772 772 787 787 801 782 796 796 803 802 802 790 794 792 799 797 795 793 791 796 796 795 793 784 791 791 791 781 785 788 791 790 790 790 789 789 788 787 786 786 786 785 784 784 771 778 782 781 781 780 764 769 779 761 751 753 756 775 757 755 756 759 758 770 770 768 772 771 762 770 769 768 767 767 767 767 760 759 757 752 757 761 762 748 762 762 761 756 760 753 744
776 772 772 787 787 801 801 801 801 798 786 785 785 796 801 800 797 796 795 795 797 796 790 789 793 793 792 786 785 776 780 783 790 790 790 789 788 788 787 786 786 786 785 785 784 783 777 782 781 782 781 773 779 769 779 771 767 770 771 775 759 754 774 767 763 774 762 763 762 761 755 770 760 769 767 768 767 767 767 764 755 753 763 761 762 757 760 762 761 760 754 755 748
772 772 787 787 801 799 799 799 772 801 802 783 784 789 793 799 797 796 795 785 791 796 789 794 793 792 781 791 790 790 790 784 783 790 790 789 788 787 787 787 787 786 785 784 784 783 783 782 782 782 763 762 779 764 778 768 778 776 776 766 760 765 768 773 762 762 760 768 758 753 755 755 749 756 757 767 767 756 764 765 765 764 763 763 758 758 756 755 761 760 748 759 752
772 787 787 799 799 799 799 799 795 787 780 780 781 769 773 786 798 796 795 794 794 784 783 788 792 792 791 791 790 790 789 788 789 789 783 782 782 787 787 787 786 785 784 784 784 783 783 782 782 782 767 774 773 772 778 778 772 777 773 757 755 774 771 771 768 754 765 765 759 762 749 740 743 744 756 767 767 766 766 763 765 765 764 763 747 752 762 761 761 750 741 745 749
787 799 799 799 799 799 799 795 795 797 795 784 782 773 782 781 785 789 794 784 789 789 783 782 791 791 790 790 790 790 788 788 789 788 788 787 786 778 786 786 786 785 784 784 779 768 782 777 781 764 763 776 759 768 773 774 773 776 767 763 772 774 771 756 765 765 766 749 754 759 769 764 768 762 760 767 767 767 766 765 755 746 754 763 746 740 745 744 738 732 756 746 753
799 799 799 799 799 799 795 797 797 797 797 796 795 795 795 794 793 790 785 775 778 786 792 791 790 790 790 789 789 787 790 789 789 788 787 787 785 782 786 786 785 785 784 783 778 777 781 781 776 774 773 776 769 775 776 776 777 776 772 769 775 774 772 767 761 753 761 764 762 758 764 762 761 762 761 767 766 766 761 765 759 748 752 761 752 754 743 733 733 747 754 754 752
799 799 799 799 799 797 797 797 797 797 797 795 796 795 793 794 792 792 791 791 791 782 781 791 791 791 790 789 785 784 789 784 783 788 788 787 786 787 786 786 780 785 784 783 775 781 782 781 774 775 777 773 763 778 777 775 770 776 771 765 770 773 772 762 755 754 754 758 769 769 769 763 768 762 761 767 766 763 763 765 764 755 753 760 762 761 759 747 757 756 755 755 755
799 799 799 797 797 797 797 797 797 797 795 795 796 794 793 793 792 792 791 791 790 790 790 772 722 791 792 790 789 789 789 789 787 784 782 780 781 781 787 786 786 785 784 784 772 782 781 780 775 765 779 779 778 778 777 771 772 775 769 760 763 768 772 757 756 771 764 756 759 769 769 769 768 767 767 761 760 756 759 765 759 753 755 757 761 761 759 758 758 756 757 744 753
799 799 797 797 797 797 797 797 797 795 795 795 794 794 793 793 793 792 791 791 790 790 789 789 767 780 792 791 790 790 789 788 779 771 766 765 765 764 785 786 785 785 784 784 782 782 782 781 780 780 779 779 778 777 777 776 775 775 774 769 768 767 768 767 757 765 769 763 759 764 763 763 768 768 767 766 749 750 765 764 758 757 757 757 761 761 760 759 753 747 753 746 753
797 797 797 797 797 797 797 797 797 795 795 794 794 794 793 793 793 792 792 791 790 790 789 789 787 788 791 792 791 790 789 788 781 777 771 771 769 761 774 778 784 784 783 776 782 782 779 780 780 774 779 778 769 777 776 776 775 775 774 773 773 773 772 771 771 770 769 768 762 762 763 763 768 763 767 766 761 765 759 752 746 751 751 756 761 759 743 736 723 732 736 730 730
797 797 797 797 797 797 797 797 795 795 795 794 794 793 793 793 793 792 792 791 790 790 789 789 787 787 788 790 790 784 784 786 784 784 783 782 782 781 774 765 779 782 776 767 775 778 772 768 763 767 773 778 777 772 776 771 775 775 774 773 773 773 772 771 771 770 770 769 768 762 762 762 756 756 766 766 765 764 758 751 742 750 753 753 754 749 733 736 723 732 736 730 752
797 797 797 797 797 797 797 797 795 795 794 794 794 793 793 793 793 792 792 791 790 789 789 789 787 787 788 787 787 769 773 755 784 783 782 782 782 781 780 779 780 763 740 740 777 776 776 756 741 753 767 777 777 777 776 776 775 775 774 773 773 769 767 771 770 769 764 765 768 768 762 762 766 766 766 765 765 763 758 758 760 759 757 750 743 747 754 754 754 753 752 751 752
797 797 797 797 797 797 797 795 795 795 794 794 793 793 793 793 793 792 792 791 790 789 789 787 787 787 787 787 784 782 785 777 782 782 783 782 781 780 781 779 778 779 775 778 776 776 775 775 775 774 761 752 763 772 776 775 775 774 769 768 772 768 771 770 770 770 769 763 763 761 764 764 765 766 754 756 758 757 761 760 759 754 752 757 755 755 755 754 754 753 752 752 751
797 797 797 797 797 797 797 795 795 794 794 794 793 793 793 793 793 792 792 791 790 789 789 787 787 787 787 784 784 785 784 783 783 783 783 782 781 780 781 779 778 778 777 777 777 776 775 775 775 773 773 760 755 755 767 775 774 774 773 773 772 772 772 771 770 770 768 767 761 761 747 747 760 764 759 763 762 756 757 758 758 758 756 755 755 755 754 754 753 753 752 752 751
797 797 797 797 797 797 795 795 795 794 794 793 793 793 793 793 793 792 792 791 789 789 787 787 787 787 784 784 785 785 784 784 783 783 783 782 781 780 781 779 778 778 777 777 777 776 775 775 774 774 773 772 769 743 763 769 766 771 774 773 772 767 772 771 769 768 768 767 766 766 755 755 758 763 762 762 761 760 753 758 757 757 756 756 755 755 754 754 753 753 752 752 751
797 797 797 797 797 797 795 795 794 794 794 793 793 793 793 793 793 792 792 791 789 789 787 787 787 784 784 785 785 784 784 784 783 783 783 783 781 780 781 778 778 778 777 777 777 776 775 775 774 774 773 772 772 771 771 745 743 757 761 768 765 772 769 760 759 764 767 766 765 765 764 763 763 763 762 761 761 759 755 757 758 757 756 756 755 755 754 754 754 753 753 752 751
-999 795 795 795 795 795 795 795 794 794 793 793 793 793 793 793 793 792 792 791 789 787 787 787 784 784 785 785 784 784 784 783 783 783 783 783 781 780 781 778 778 777 777 777 777 776 775 775 774 774 773 772 772 771 770 770 770 770 769 761 750 766 771 770 768 767 766 766 765 761 765 764 763 762 762 761 760 758 758 758 757 757 756 755 755 755 755 754 754 754 753 752 751
-999 -999 -999 794 794 794 794 794 794 794 793 793 793 793 793 793 793 792 792 789 789 787 787 784 784 785 785 784 784 784 783 783 783 783 783 783 783 780 781 778 778 777 777 777 777 776 775 775 774 774 772 772 772 770 770 770 769 769 769 767 765 752 759 764 768 767 767 766 765 765 764 763 763 762 762 761 759 759 758 758 757 757 756 755 755 755 755 755 754 754 754 752 751
-999 -999 -999 -999 -999 793 793 793 793 793 793 793 793 793 793 793 793 792 792 789 787 787 784 784 785 785 784 784 784 784 783 783 783 783 783 783 783 783 778 778 777 777 777 777 777 776 775 775 774 774 772 772 770 770 770 769 769 769 768 767 768 767 750 758 762 766 760 766 765 764 763 764 763 762 752 760 759 759 758 757 757 757 757 755 755 755 755 755 754 754 754 754 751
-999 -999 -999 -999 -999 -999 -999 -999 -999 -999 -999 -999 -999 789 789 789 789 789 789 789 787 787 784 785 785 784 784 784 784 783 783 783 783 783 783 783 783 783 778 778 777 777 777 777 777 776 775 775 774 774 772 772 770 770 769 769 769 769 768 767 767 767 766 766 762 765 743 746 761 760 764 744 761 761 760 759 758 758 758 757 757 757 757 757 755 755 755 755 755 754 754 754 751
-999 -999 -999 -999 -999 -999 -999 -999 -999 -999 -999 -999 -999 -999 -999 787 787 787 787 787 787 784 785 785 784 784 784 784 784 783 783 783 783 783 783 783 783 783 778 777 777 777 777 777 777 776 775 775 774 772 772 770 770 770 769 769 769 769 768 767 767 767 766 766 764 764 763 762 757 744 752 762 761 760 759 759 759 758 757 757 757 757 757 757 755 755 755 755 755 754 754 754 754
-999 -999 -999 -999 -999 -999 -999 -999 -999 -999 -999 -999 -999 -999 -999 -999 -999 787 787 784 784 785 785 784 784 784 784 784 783 783 783 783 783 783 783 783 783 783 783 777 777 777 777 777 777 776 775 775 774 772 772 770 770 769 769 769 769 769 767 767 767 767 766 766 764 764 763 763 761 755 761 761 760 760 759 759 758 758 757 757 757 757 757 757 757 755 755 755 755 755 754 754 754
-999 -999 -999 -999 -999 -999 -999 -999 -999 -999 -999 -999 -999 -999 -999 -999 -999 -999 784 784 785 785 784 784 784 784 784 784 783 783 783 783 783 783 783 783 783 783 783 777 777 777 777 777 777 776 775 775 774 772 770 770 770 769 769 769 769 769 767 767 767 766 766 766 764 764 763 763 762 762 761 760 760 760 759 759 758 758 757 757 757 757 757 757 757 755 755 755 755 755 754 754 746
-999 -999 -999 -999 -999 -999 -999 -999 -999 -999 -999 -999 -999 -999 -999 -999 -999 -999 -999 785 785 784 784 784 784 784 784 783 783 783 783 783 783 783 783 783 783 783 783 777 777 777 777 777 777 776 775 775 772 772 770 770 769 769 769 769 769 769 767 767 767 766 766 764 764 763 763 763 762 762 761 760 760 760 759 759 758 758 758 757 757 757 757 757 757 757 755 755 755 755 755 754 746
-999 -999 -999 -999 -999 -999 -999 -999 -999 -999 -999 -999 -999 -999 -999 -999 -999 -999 -999 -999 784 784 784 784 784 784 784 783 783 783 783 783 783 783 783 783 783 783 783 777 777 777 777 777 777 776 775 775 772 770 770 769 769 769 769 769 769 767 767 767 767 766 766 764 763 763 763 763 762 762 760 760 760 760 760 759 759 758 758 757 757 757 757 757 757 757 757 755 755 755 755 754 746
-999 -999 -999 -999 -999 -999 -999 -999 -999 -999 -999 -999 -999 -999 -999 -999 -999 -999 -999 -999 -999 -999 783 783 783 783 783 783 783 783 783 783 783 783 783 783 783 783 783 783 783 783 783 772 772 772 772 772 772 770 770 769 769 769 769 769 769 767 767 767 766 766 764 763 763 763 763 763 762 760 760 760 760 760 760 760 759 758 758 758 757 757 757 757 757 757 757 755 755 755 755 755 746
-999 -999 -999 -999 -999 -999 -999 -999 -999 -999 -999 -999 -999 -999 -999 -999 -999 -999 -999 -999 -999 -999 -999 -999 -999 -999 -999 -999 -999 -999 -999 -999 -999 -999 -999 -999 -999 -999 -999 -999 -999 -999 -999 -999 770 770 770 770 770 770 769 769 769 769 769 769 769 767 767 767 766 766 763 763 763 763 763 763 762 760 760 760 760 760 760 760 760 759 758 758 757 757 757 757 757 757 757 757 755 755 755 755 746
-999 -999 -999 -999 -999 -999 -999 -999 -999 -999 -999 -999 -999 -999 -999 -999 -999 -999 -999 -999 -999 -999 -999 -999 -999 -999 -999 -999 -999 -999 -999 -999 -999 -999 -999 -999 -999 -999 -999 -999 -999 -999 -999 -999 -999 -999 769 769 769 769 769 769 769 769 769 769 767 767 767 767 766 763 763 763 763 763 763 763 762 760 760 760 760 760 760 760 760 760 758 758 758 757 757 757 757 757 757 757 757 757 757 757 -999
-999 -999 -999 -999 -999 -999 -999 -999 -999 -999 -999 -999 -999 -999 -999 -999 -999 -999 -999 -999 -999 -999 -999 -999 -999 -999 -999 -999 -999 -999 -999 -999 -999 -999 -999 -999 -999 -999 -999 -999 -999 -999 -999 -999 -999 -999 -999 769 769 769 769 769 769 769 769 769 767 767 767 766 763 763 763 763 763 763 763 763 760 760 760 760 760 760 760 760 760 760 760 758 758 757 757 757 757 757 757 757 757 757 757 -999 -999
-999 -999 -999 -999 -999 -999 -999 -999 -999 -999 -999 -999 -999 -999 -999 -999 -999 -999 -999 -999 -999 -999 -999 -999 -999 -999 -999 -999 -999 -999 -999 -999 -999 -999 -999 -999 -999 -999 -999 -999 -999 -999 -999 -999 -999 -999 -999 -999 -999 -999 767 767 767 767 767 767 767 767 767 766 763 763 763 763 763 763 763 763 760 760 760 760 760 760 760 760 760 760 760 760 758 758 757 757 757 757 757 757 757 757 -999 -999 -999
-999 -999 -999 -999 -999 -999 -999 -999 -999 -999 -999 -999 -999 -999 -999 -999 -999 -999 -999 -999 -999 -999 -999 -999 -999 -999 -999 -999 -999 -999 -999 -999 -999 -999 -999 -999 -999 -999 -999 -999 -999 -999 -999 -999 -999 -999 -999 -999 -999 -999 -999 -999 -999 766 766 766 766 766 766 763 763 763 763 763 763 763 763 763 760 760 760 760 760 760 760 760 760 760 760 760 758 750 752 752 752 752 752 752 752 752 752 752 752
-999 -999 -999 -999 -999 -999 -999 -999 -999 -999 -999 -999 -999 -999 -999 -999 -999 -999 -999 -999 -999 -999 -999 -999 -999 -999 -999 -999 -999 -999 -999 -999 -999 -999 -999 -999 -999 -999 -999 -999 -999 -999 -999 -999 -999 -999 -999 -999 -999 -999 -999 -999 -999 -999 -999 764 764 763 763 763 763 763 763 763 763 763 763 760 760 760 760 760 760 760 760 760 760 760 760 750 750 750 752 752 752 752 752 752 752 752 752 752 752
-999 -999 -999 -999 -999 -999 -999 -999 -999 -999 -999 -999 -999 -999 -999 -999 -999 -999 -999 -999 -999 -999 -999 -999 -999 -999 -999 -999 -999 -999 -999 -999 -999 -999 -999 -999 -999 -999 -999 -999 -999 -999 -999 -999 -999 -999 -999 -999 -999 -999 -999 -999 -999 -999 -999 -999 763 763 763 763 763 763 763 763 763 763 763 760 760 760 760 760 760 760 760 760 750 750 750 750 750 750 752 752 752 752 752 752 752 752 752 752 752
-999 -999 -999 -999 -999 -999 -999 -999 -999 -999 -999 -999 -999 -999 -999 -999 -999 -999 -999 -999 -999 -999 -999 -999 -999 -999 -999 -999 -999 -999 -999 -999 -999 -999 -999 -999 -999 -999 -999 -999 -999 -999 -999 -999 -999 -999 -999 -999 -999 -999 -999 -999 -999 -999 -999 -999 -999 -999 -999 -999 -999 760 760 760 760 760 760 760 760 760 760 760 760 760 750 750 750 750 750 750 750 750 752 752 752 752 752 752 752 752 752 752 752
-999 -999 -999 -999 -999 -999 -999 -999 -999 -999 -999 -999 -999 -999 -999 -999 -999 -999 -999 -999 -999 -999 -999 -999 -999 -999 -999 -999 -999 -999 -999 -999 -999 -999 -999 -999 -999 -999 -999 -999 -999 -999 -999 -999 -999 -999 -999 -999 -999 -999 -999 -999 -999 -999 -999 -999 -999 -999 -999 -999 -999 -999 -999 -999 -999 -999 -999 -999 -999 715 715 715 736 736 750 750 750 750 750 750 750 750 752 752 752 752 752 752 752 752 752 752 752
-999 -999 -999 -999 -999 -999 -999 -999 -999 -999 -999 -999 -999 -999 -999 -999 -999 -999 -999 -999 -999 -999 -999 -999 -999 -999 -999 -999 -999 -999 -999 -999 -999 -999 -999 -999 -999 -999 -999 -999 -999 -999 -999 -999 -999 -999 -999 -999 -999 -999 -999 -999 -999 -999 -999 -999 -999 -999 -999 -999 -999 -999 -999 -999 -999 -999 -999 -999 702 715 715 715 715 736 736 750 750 750 750 750 750 750 752 752 752 752 752 752 752 752 752 752 752
