prediction/untitled folder/solar_ghi_19900101_08UT.txt
NCOLS 839
NROWS 679
XLLCORNER 112.025005
YLLCORNER -43.9750009
CELLSIZE 0.0499954
NODATA_VALUE -999
[rows 473 to 515 of 679, columns 576 to 671 of 839]
145 144 143 143 142 141 139 137 139 137 138 134 135 132 130 129 127 128 127 128 127 125 126 125 126 126 126 124 124 121 122 122 120 117 119 119 118 115 114 114 113 111 111 112 112 113 112 109 110 107 107 107 104 104 104 104 102 99 102 101 99 98 98 97 96 97 96 95 95 94 92 90 91 92 91 90 91 90 87 85 85 84 84 84 83 81 83 83 83 81 78 78 80 80 75 75
146 145 144 143 142 140 136 137 138 138 138 134 137 134 133 130 131 132 131 127 126 127 127 129 127 127 125 125 124 123 123 123 121 120 121 120 118 118 117 116 116 113 113 114 114 113 111 108 110 104 106 105 106 104 102 103 103 100 101 101 99 99 99 98 94 98 97 96 94 95 94 93 91 89 88 89 91 88 89 87 87 86 84 84 85 82 84 83 82 81 81 79 77 81 78 78
140 142 144 143 143 142 136 134 137 136 139 136 137 135 134 130 131 132 130 129 128 130 129 128 128 126 125 123 121 125 123 123 123 122 121 120 119 119 119 118 116 114 115 115 114 112 113 112 109 105 109 107 107 105 102 102 104 102 101 98 103 101 98 99 97 95 97 94 93 92 91 93 92 92 91 93 89 90 88 89 87 85 87 85 84 83 84 84 85 82 80 79 78 81 80 77
139 145 141 144 142 140 141 140 135 134 134 138 133 133 135 134 132 131 128 129 129 128 130 129 129 128 127 127 126 125 120 122 121 120 121 120 118 117 116 115 117 116 115 115 114 114 113 112 106 103 109 108 107 108 106 105 104 103 102 102 103 101 100 99 99 95 96 94 94 93 94 94 93 94 91 94 88 88 89 88 87 86 87 86 84 85 83 84 84 82 80 80 78 80 79 77
140 146 145 144 144 143 141 140 140 137 135 137 138 136 134 131 132 134 128 128 133 132 130 129 129 126 123 123 123 123 122 124 123 123 119 120 120 118 117 116 118 117 115 113 112 114 114 112 109 109 110 107 107 107 107 105 104 103 103 103 101 100 100 99 99 97 97 95 94 94 94 95 95 93 91 92 89 87 89 89 87 88 87 87 85 84 85 84 84 83 81 81 78 78 79 79
146 146 139 142 144 142 142 140 140 137 138 137 137 136 136 134 136 135 133 133 131 132 128 128 129 126 122 124 123 120 125 124 124 123 121 119 120 119 119 119 118 118 115 114 112 115 111 111 108 111 109 107 106 107 105 104 104 103 104 103 101 99 101 100 99 100 98 95 95 96 93 95 96 93 91 92 92 90 88 88 89 88 88 84 86 86 85 85 84 81 81 82 79 78 79 80
148 144 141 142 141 143 143 140 140 138 138 138 137 135 136 135 135 133 133 132 129 132 129 128 129 128 126 127 125 122 126 125 123 123 123 120 121 121 119 117 115 118 117 114 112 111 112 111 110 109 108 107 108 106 104 104 104 102 104 103 101 101 101 102 99 101 97 95 96 96 95 97 97 96 92 90 91 90 88 90 91 86 86 87 86 86 85 85 85 85 83 84 82 82 80 80
148 145 141 144 142 143 144 142 142 137 137 137 138 135 133 133 133 131 132 131 132 133 132 131 129 129 129 128 128 127 126 126 123 123 123 123 122 121 120 116 113 116 118 115 115 111 114 109 109 110 109 109 107 105 104 105 107 106 104 103 102 102 103 104 101 99 98 98 98 98 97 97 95 93 94 91 91 90 89 88 89 90 88 89 87 85 85 84 84 84 84 84 82 81 80 81
149 144 141 141 144 145 143 142 142 142 136 138 137 136 136 131 130 129 132 133 129 132 133 131 130 129 130 129 124 128 126 125 123 124 124 123 120 121 120 119 117 115 119 117 115 116 114 112 114 114 112 110 109 108 108 106 103 107 105 104 104 104 103 102 102 98 99 99 98 97 95 96 96 95 94 93 92 92 90 90 88 91 90 88 86 85 84 84 84 83 83 85 82 82 81 81
149 146 141 140 141 142 141 139 139 139 141 140 138 136 138 137 136 135 129 130 130 132 133 131 131 131 130 128 123 128 127 123 123 125 124 123 121 116 122 121 120 117 116 118 117 116 112 113 112 111 108 108 109 109 109 109 107 106 105 105 105 105 104 102 103 101 100 99 99 98 96 97 96 95 93 94 93 91 91 90 89 90 89 88 86 85 84 85 83 83 83 85 83 83 82 82
150 147 147 144 143 143 144 140 141 140 143 139 140 139 139 139 135 136 137 134 133 131 131 133 132 130 131 125 126 128 128 127 126 125 125 124 123 117 121 120 119 119 119 118 118 117 114 113 112 109 109 108 109 109 105 110 109 106 105 104 104 106 105 102 100 101 102 100 99 98 97 98 97 95 94 93 93 91 91 89 91 91 88 89 87 86 86 85 83 85 87 84 83 84 82 81
150 149 147 144 142 141 145 142 141 142 142 139 141 141 139 138 136 137 137 135 134 130 129 132 131 130 130 127 129 129 128 127 127 126 125 124 124 118 120 120 120 120 120 119 117 118 116 115 113 109 110 110 110 110 106 110 109 107 106 104 105 107 104 100 101 102 101 98 98 99 98 97 94 94 93 92 92 94 93 94 94 88 87 87 87 87 88 86 87 86 84 82 83 83 83 82
151 148 148 147 143 141 143 142 143 141 141 143 142 141 140 138 136 137 136 135 136 135 130 130 130 130 127 131 129 129 129 126 126 126 124 124 122 122 121 121 122 121 120 119 118 118 117 117 116 112 111 114 111 108 110 111 109 107 108 107 105 105 101 105 105 105 103 99 99 99 99 98 95 95 95 93 93 95 93 91 92 89 90 90 88 87 86 86 87 87 88 86 84 83 82 82
151 148 149 149 145 144 143 143 145 143 142 143 142 142 140 134 138 134 138 134 136 136 130 127 127 132 133 131 129 127 128 127 125 127 126 124 123 124 124 123 122 121 121 120 119 117 117 115 115 116 115 113 111 111 112 112 107 106 110 107 105 108 107 105 102 101 102 103 101 100 98 99 96 94 94 94 95 95 94 94 91 89 90 89 89 89 88 87 87 88 88 87 84 84 80 83
152 150 150 149 146 147 147 146 145 145 144 143 143 142 141 140 140 139 138 137 134 133 132 131 131 132 133 127 130 129 127 124 125 125 121 126 125 122 121 122 122 122 117 120 111 116 114 113 114 116 115 112 110 112 112 108 105 108 110 107 103 107 105 104 102 100 101 102 101 99 97 97 96 96 95 95 95 92 95 93 92 89 89 90 90 90 89 88 86 87 87 87 85 84 81 84
152 151 148 149 148 148 147 146 144 143 143 142 142 142 141 139 140 138 139 132 130 131 131 128 128 134 133 132 130 131 130 129 129 127 126 125 126 124 123 119 117 120 115 121 117 118 114 113 115 114 114 113 112 111 109 107 108 109 108 106 105 105 104 105 101 99 101 101 98 99 100 99 97 96 97 95 96 91 93 91 91 90 91 90 89 91 88 87 87 86 87 86 85 84 86 82
153 151 149 150 146 146 146 147 146 145 143 144 141 141 142 141 140 140 138 135 131 130 132 129 126 134 133 131 129 130 131 130 128 124 128 124 124 126 125 120 119 119 119 120 121 118 113 114 115 114 112 112 112 113 111 109 111 111 108 105 107 105 105 104 101 101 100 99 97 101 100 99 98 98 96 96 96 92 92 92 91 90 91 90 90 91 88 88 88 87 87 86 86 85 87 84
153 152 151 150 148 145 146 147 147 146 143 144 142 141 141 142 141 140 139 139 133 130 131 132 129 135 133 130 129 130 130 130 128 127 128 125 124 126 125 125 124 123 123 117 120 120 114 113 114 115 114 112 112 112 113 112 110 110 107 111 108 105 106 107 105 103 101 98 101 102 101 99 96 96 96 95 94 96 93 91 91 91 90 90 92 92 90 88 86 87 88 88 86 85 86 85
153 151 148 149 150 149 149 146 145 145 146 145 144 142 140 142 139 141 140 139 137 132 131 135 136 135 134 131 133 132 132 130 128 129 128 125 126 124 125 123 118 122 123 121 122 121 116 114 114 114 116 114 116 114 110 111 111 109 109 107 108 108 107 104 105 106 102 101 99 100 100 99 98 96 94 95 95 92 93 91 91 91 91 92 91 94 92 89 88 87 88 87 86 85 87 87
154 153 148 150 150 149 149 147 142 145 144 146 143 142 141 140 139 138 140 140 139 137 136 137 136 129 134 133 133 132 127 125 121 125 125 124 125 126 126 126 125 119 121 123 121 117 118 119 118 113 117 112 114 114 112 110 110 109 108 109 109 108 107 106 104 107 103 102 100 102 100 99 98 97 95 97 96 94 92 93 92 92 92 94 89 92 92 89 90 88 88 87 84 83 86 85
151 148 151 152 151 149 150 147 145 148 145 146 145 142 144 140 140 139 141 139 138 136 133 134 128 135 135 133 134 133 133 131 128 127 128 129 129 128 127 126 126 122 122 123 120 119 122 121 120 115 114 112 116 114 113 113 110 110 108 110 111 106 106 108 108 104 105 104 103 102 102 99 98 97 98 99 97 95 93 93 94 92 93 92 91 92 90 89 90 89 89 88 86 84 83 85
151 151 152 151 148 147 150 148 147 147 144 145 144 142 144 142 142 139 141 139 137 134 134 137 130 135 133 133 133 134 131 132 130 130 127 130 129 129 128 126 125 124 124 122 121 118 121 121 118 118 113 114 115 114 115 114 111 112 111 111 109 106 105 106 108 106 107 106 104 102 101 100 98 97 100 99 96 95 94 94 96 92 92 91 92 93 93 91 89 87 86 88 87 86 86 84
154 154 153 151 148 148 151 150 149 147 147 145 143 144 145 143 143 140 141 141 139 135 134 134 135 134 132 133 131 133 132 133 129 130 131 130 126 126 125 128 124 125 124 122 121 118 120 122 116 115 115 114 112 113 114 113 113 115 113 112 110 106 107 108 109 108 107 103 103 101 101 101 100 98 97 101 101 100 97 94 96 95 92 94 92 93 91 90 90 90 88 90 87 87 85 85
156 155 154 151 151 152 147 147 148 149 147 144 141 145 145 143 143 140 140 142 142 138 137 134 139 138 136 133 135 135 133 130 130 129 131 131 128 129 129 126 119 123 125 124 120 122 122 118 117 114 117 115 116 117 116 113 115 112 113 111 113 110 107 106 106 110 106 106 105 106 102 100 101 100 99 100 99 99 98 94 94 94 93 95 94 93 90 89 90 89 89 90 89 87 86 85
153 149 147 148 148 149 143 139 139 142 148 148 147 147 146 140 142 138 136 140 141 140 135 140 136 135 136 136 135 136 135 134 131 130 129 130 130 130 130 124 123 124 126 124 122 123 122 123 117 115 116 117 119 117 112 113 114 113 112 111 110 108 105 108 108 110 107 106 103 104 102 102 99 100 103 99 97 96 96 95 95 92 93 94 95 94 92 92 92 89 89 89 89 88 86 84
156 152 153 151 150 152 145 148 149 146 147 147 146 144 144 141 141 143 143 142 140 141 136 139 136 136 137 134 134 135 134 133 131 130 129 130 128 131 129 128 124 126 126 124 126 122 123 123 121 119 117 116 118 118 115 115 117 113 111 110 109 111 108 110 107 109 109 105 103 103 102 102 99 101 103 101 97 97 96 95 95 93 93 94 94 94 93 93 93 90 89 89 87 88 87 85
158 154 152 153 153 154 150 151 152 149 145 145 144 143 146 141 141 144 145 140 140 141 138 140 137 137 136 134 132 135 135 135 131 131 129 128 129 131 127 128 126 128 126 125 125 124 123 121 123 121 118 118 119 118 119 115 116 114 115 114 110 113 112 111 107 107 107 107 103 102 102 99 102 102 102 101 98 97 97 96 95 95 94 94 92 93 92 93 90 92 90 88 87 86 86 87
157 156 155 154 155 152 154 147 152 148 145 144 146 145 144 142 141 139 140 143 142 143 142 141 135 134 132 133 132 134 134 134 132 132 132 129 127 124 128 127 126 127 127 126 123 122 123 122 123 122 119 118 121 119 118 115 117 114 115 116 115 112 112 110 111 110 109 107 104 103 101 102 101 100 98 99 101 99 98 97 96 96 95 94 93 92 92 92 93 91 90 91 89 86 87 87
157 158 157 156 155 153 154 151 149 152 149 146 148 145 139 140 135 135 136 137 142 143 142 141 137 140 139 138 138 137 130 131 135 133 131 130 121 102 132 131 127 127 125 126 126 125 124 123 124 123 121 120 120 116 119 117 118 117 114 111 114 114 111 113 111 110 111 109 108 106 103 102 103 101 102 101 99 98 97 98 96 95 94 93 93 94 93 91 93 90 91 91 87 89 90 86
157 154 154 155 151 150 148 150 149 152 151 149 149 149 146 144 146 146 145 143 144 140 139 138 133 137 136 136 138 136 132 135 135 134 133 131 125 108 132 130 126 129 129 128 127 125 126 125 122 118 118 120 115 112 115 118 116 115 117 115 113 114 111 110 108 108 108 108 107 108 106 106 106 101 102 101 99 98 98 98 98 96 94 94 95 93 94 93 92 90 90 91 88 89 90 87
159 157 157 156 155 155 154 153 151 152 151 149 149 148 147 147 146 145 142 142 144 140 140 137 134 135 133 136 138 135 134 136 134 135 135 129 122 107 121 130 131 130 129 125 124 126 126 125 123 121 122 122 119 115 118 120 117 116 117 117 111 112 111 109 109 107 106 107 106 107 107 108 106 103 101 101 99 100 99 97 98 97 95 96 97 93 95 95 94 92 90 90 91 88 87 88
159 158 157 155 155 155 154 152 151 152 151 149 150 147 148 148 147 145 145 145 145 144 141 141 139 136 136 137 135 135 134 134 133 134 134 131 124 117 124 130 131 130 126 127 126 127 125 126 125 124 124 123 122 119 118 120 118 117 117 117 113 113 112 108 111 109 108 108 107 108 106 106 105 106 104 100 101 100 98 99 97 97 97 96 97 95 96 96 96 93 92 91 90 88 89 90
159 158 157 155 156 155 154 152 153 152 151 151 150 149 146 148 146 146 146 145 143 143 140 141 142 136 133 137 134 139 136 138 135 134 135 135 132 130 133 132 131 129 128 128 125 126 126 125 125 125 122 123 122 122 113 118 120 119 115 115 117 116 115 113 111 110 108 107 109 110 107 106 106 105 106 106 105 105 100 100 100 97 96 99 100 95 95 95 96 94 92 92 90 89 90 90
159 158 157 157 156 154 155 154 153 152 152 150 150 150 147 147 146 146 147 144 144 143 143 141 142 140 135 136 133 139 136 138 137 135 136 135 134 133 133 132 131 131 130 128 127 126 126 125 124 125 123 122 119 121 118 121 120 116 116 118 117 116 114 109 111 113 110 106 108 111 107 105 106 105 104 102 102 103 102 101 100 98 96 97 98 95 94 95 96 94 91 93 89 90 91 90
159 159 158 156 156 156 155 154 154 153 152 150 147 150 148 147 147 147 145 145 144 142 144 143 141 142 138 136 133 138 131 137 138 135 136 135 135 133 130 130 128 128 129 128 128 125 124 124 123 124 124 122 120 121 119 121 119 115 116 115 117 115 116 112 113 114 110 107 108 108 106 105 107 107 103 103 102 103 101 102 101 99 96 99 96 96 96 96 95 96 91 93 90 91 90 91
160 159 158 157 156 155 155 155 152 151 152 149 149 151 147 148 146 146 146 146 144 142 143 142 143 139 136 138 139 138 136 139 136 135 137 136 135 134 131 129 128 126 130 127 127 127 126 127 125 125 125 121 118 122 120 120 116 115 119 116 115 116 116 115 115 113 112 109 108 107 105 105 105 108 105 103 104 105 101 102 101 99 98 102 97 96 98 95 93 96 93 94 91 91 88 87
160 159 157 157 156 156 154 155 153 152 153 152 150 151 147 148 147 147 147 146 145 140 143 141 140 140 141 142 141 140 136 137 137 134 135 134 135 135 134 132 130 128 128 127 127 129 126 125 124 121 123 120 120 121 121 122 120 118 117 114 114 113 116 116 115 114 111 110 107 106 106 106 107 107 106 102 102 102 102 103 103 100 103 102 100 95 94 98 95 94 92 94 93 88 89 90
160 160 158 158 157 157 155 154 155 152 152 152 150 150 151 150 148 147 148 144 141 142 144 141 141 143 143 142 140 141 138 136 136 137 136 133 136 135 133 133 133 131 130 124 127 128 127 124 122 120 121 122 124 122 118 117 120 121 115 118 117 116 116 116 115 114 114 113 107 106 107 107 104 105 109 104 103 106 106 105 102 100 98 100 98 97 96 99 98 96 94 90 91 90 93 91
161 159 157 159 158 157 156 156 155 154 154 153 151 150 151 148 148 148 147 146 142 145 145 142 143 144 142 143 142 140 138 135 136 135 134 137 135 133 132 134 133 131 130 130 128 128 126 126 123 120 125 125 123 123 120 121 122 118 119 116 118 114 115 115 115 113 114 112 111 105 104 105 105 105 107 105 104 102 105 105 103 102 100 100 98 97 97 98 97 98 94 92 91 93 93 91
161 160 160 159 157 154 156 153 153 153 154 154 153 150 150 148 145 144 143 145 148 147 146 142 141 144 144 141 142 140 138 136 137 136 138 137 135 132 130 134 132 132 131 130 131 127 125 125 128 124 126 123 125 124 123 123 120 119 118 114 115 115 115 115 114 114 115 112 113 108 105 104 105 105 107 104 104 102 104 105 105 104 102 102 100 99 97 97 96 96 94 94 94 95 93 92
162 159 159 158 158 158 156 155 148 151 154 154 153 151 150 149 147 146 146 147 148 146 147 144 143 145 144 140 141 141 139 137 138 137 138 136 136 133 132 132 134 130 131 129 130 128 127 127 128 126 125 124 122 123 124 123 121 122 118 116 116 115 115 116 115 115 115 114 113 111 106 105 105 105 107 102 101 102 102 105 105 104 104 103 102 102 100 98 94 97 97 94 92 90 91 93
161 158 156 157 158 159 158 154 151 153 155 154 153 151 150 151 149 147 150 148 149 147 146 145 144 145 144 141 140 139 138 137 139 139 139 138 137 135 135 135 133 130 131 129 128 128 127 126 128 124 124 126 123 120 120 122 120 122 116 116 115 114 116 115 114 116 115 114 114 113 110 105 106 107 105 105 105 104 106 106 106 105 104 102 102 101 99 97 99 99 98 95 94 94 93 93
158 159 158 158 157 158 157 158 157 156 154 153 152 150 149 152 146 147 150 148 149 146 146 147 145 144 145 143 142 139 138 140 140 140 139 138 136 135 135 132 132 132 132 126 126 128 125 125 129 125 127 125 124 124 125 124 119 121 117 117 117 117 118 117 113 114 116 112 112 113 109 105 106 104 106 104 104 104 102 107 105 100 99 100 101 102 98 99 98 100 99 96 95 96 94 93
