prediction/untitled folder/solar_ghi_19900101_09UT.txt
NCOLS 839
NROWS 679
XLLCORNER 112.025005
YLLCORNER -43.9750009
CELLSIZE 0.0499954
NODATA_VALUE -999
[rows 220 to 274 of 679, columns 192 to 287 of 839]
121 121 122 121 117 80 117 119 118 116 116 116 115 114 94 103 112 111 110 110 109 109 108 108 106 105 103 105 104 101 100 99 98 96 97 96 98 96 96 95 94 93 93 92 91 91 90 89 88 86 82 86 86 85 83 78 83 83 81 82 80 79 78 78 77 76 77 76 74 74 75 74 71 71 72 70 71 71 70 70 69 69 68 67 66 66 65 64 64 63 63 62 63 61 61 60
122 121 122 118 111 108 116 119 118 117 117 116 115 115 114 113 112 112 111 110 109 109 109 107 107 106 105 104 104 104 102 101 99 98 99 98 98 97 96 95 95 94 93 92 92 91 90 90 89 88 88 87 86 86 85 84 84 83 82 82 81 80 80 79 78 78 77 76 76 75 74 74 73 72 72 71 71 70 70 69 69 68 67 67 66 66 65 65 64 64 63 62 62 61 61 60
124 124 123 122 121 121 120 119 118 118 117 116 116 115 114 114 113 112 111 111 110 109 108 108 107 106 106 105 104 103 102 102 101 100 100 99 98 97 97 96 95 94 94 93 92 91 91 90 89 89 88 87 87 86 85 85 84 84 83 82 81 81 80 80 79 78 77 77 77 76 75 75 72 73 73 72 71 71 71 66 64 67 69 68 68 67 65 65 64 65 65 63 62 62 61 60
125 119 123 122 122 121 120 120 119 118 117 117 116 115 115 114 94 112 112 111 110 110 109 108 107 107 106 105 104 104 103 102 101 101 100 99 99 98 97 96 96 95 94 93 93 92 91 90 90 89 88 88 87 86 86 85 84 84 83 82 82 81 80 80 79 78 78 77 76 76 75 74 74 73 73 72 72 71 70 70 69 69 68 67 67 66 66 65 64 64 63 63 62 62 61 61
125 124 123 123 122 121 121 120 119 119 118 117 116 116 115 114 114 113 112 111 111 110 109 109 108 107 106 106 105 104 103 103 102 101 101 100 99 98 97 97 96 95 95 94 93 92 92 91 90 90 89 88 87 87 86 85 85 84 83 83 82 82 81 80 80 79 78 77 77 76 76 75 74 74 73 72 72 71 71 70 70 69 68 68 67 67 66 66 65 65 64 63 63 62 61 61
125 125 124 123 122 122 121 120 120 119 118 117 117 116 115 115 114 113 113 112 111 110 110 109 108 107 107 106 105 105 104 103 102 102 101 100 99 99 98 97 96 96 95 94 93 93 92 91 91 90 89 89 88 87 86 86 85 85 84 83 83 82 81 81 80 79 79 78 77 77 76 75 75 74 73 73 72 72 71 70 70 69 69 68 68 67 67 66 65 65 64 64 63 63 62 61
126 125 124 123 123 122 121 121 120 119 119 118 117 116 116 115 114 114 113 112 111 111 110 109 109 108 107 106 106 105 104 103 103 102 101 100 100 99 98 98 97 96 95 95 94 93 92 92 91 90 90 89 88 88 87 86 86 85 84 84 83 82 82 81 80 80 79 78 78 77 77 75 76 75 74 73 73 73 70 70 71 66 68 69 69 68 65 67 67 65 66 66 65 63 64 63
126 121 118 124 123 122 122 121 120 120 119 119 118 117 116 115 115 114 113 113 112 111 110 110 109 108 108 107 106 106 103 103 104 99 97 99 100 99 99 100 99 97 96 95 94 94 92 91 91 90 89 89 87 86 85 86 84 86 75 83 84 83 81 80 80 79 78 78 78 78 72 73 74 74 75 74 72 71 71 70 71 71 68 70 70 63 58 68 68 67 67 66 65 63 64 64
122 119 120 122 124 123 122 121 120 120 119 119 118 117 116 116 115 114 114 113 112 111 111 109 110 109 108 107 107 106 105 105 103 101 100 103 101 102 101 100 99 97 96 96 95 94 93 93 92 91 90 90 87 84 87 86 84 83 69 82 84 82 83 82 82 80 80 79 77 77 76 75 76 76 73 73 72 71 73 72 72 69 71 70 67 67 69 68 68 67 67 66 66 65 65 62
123 124 125 125 124 123 120 120 121 120 120 119 120 118 117 116 116 115 114 114 112 111 111 111 110 110 107 108 106 107 106 103 99 99 104 103 103 102 100 100 100 98 97 96 95 94 94 93 92 92 91 90 87 86 87 87 86 84 80 84 83 76 82 83 82 80 81 80 78 77 76 77 77 74 74 73 67 68 71 73 72 69 69 71 70 67 67 69 68 68 67 67 66 66 65 65
125 126 126 125 124 124 120 120 121 121 120 120 119 118 118 117 113 115 114 114 113 113 111 112 110 110 109 109 105 107 107 106 105 102 104 104 103 102 102 101 100 98 97 94 93 95 94 93 92 92 91 91 90 88 88 87 86 86 85 84 82 79 82 82 81 82 80 79 78 79 79 76 77 77 76 75 73 72 74 73 72 72 69 71 68 70 67 69 68 68 68 67 67 66 66 65
127 127 126 125 125 119 116 119 122 119 120 119 121 119 117 117 116 116 115 114 114 113 112 110 111 109 110 108 109 108 108 107 106 105 105 104 102 101 101 100 99 98 98 97 96 95 95 94 93 92 92 91 90 90 89 88 88 87 86 86 85 84 84 83 82 82 81 80 80 79 78 78 77 76 76 75 74 74 73 73 72 72 71 70 70 69 69 68 68 67 67 66 65 65 64 64
128 127 126 126 125 124 124 123 122 122 121 120 120 119 118 117 117 116 115 115 114 113 112 112 111 110 110 109 108 107 107 106 105 105 104 103 102 102 101 100 99 99 98 97 96 96 95 94 94 93 92 92 91 90 90 89 88 87 87 86 86 85 84 83 83 82 81 81 80 79 79 78 77 77 76 75 75 74 75 74 72 72 71 71 70 70 69 69 68 69 68 68 67 67 65 64
128 127 127 126 125 125 124 123 123 122 121 113 117 119 119 118 117 116 116 115 114 114 113 112 111 110 111 110 106 109 108 105 104 106 106 105 104 103 101 101 100 99 98 97 97 96 95 95 94 93 93 92 91 91 90 89 89 88 87 87 86 85 85 84 83 83 82 81 80 80 79 79 78 77 77 76 75 75 74 73 73 72 72 71 71 70 70 69 68 68 67 67 66 66 65 64
128 128 127 126 126 125 124 124 123 122 122 119 120 120 119 118 118 117 116 115 115 114 113 112 112 111 110 109 109 108 107 107 106 105 105 104 103 103 102 101 100 100 99 98 97 97 96 95 94 94 93 92 92 91 90 90 89 89 88 87 86 86 85 84 84 83 82 82 81 80 80 79 78 78 77 76 76 75 74 74 73 73 72 72 71 70 70 69 69 68 68 67 67 66 65 65
129 128 127 127 126 125 125 124 123 123 122 121 121 120 119 119 118 117 117 116 115 114 114 113 112 111 111 110 109 109 108 107 106 106 105 104 104 103 102 101 101 100 99 99 98 97 96 96 95 94 94 93 92 91 91 90 90 89 88 88 87 86 85 85 84 83 83 82 81 81 80 79 79 78 77 77 76 75 75 74 74 73 73 72 71 71 70 70 69 69 68 68 67 66 66 65
129 129 128 127 127 126 125 125 124 123 123 122 121 121 120 119 119 118 117 116 116 115 114 113 113 112 111 110 110 109 108 108 107 106 105 105 104 103 103 102 101 100 100 99 98 98 97 96 95 95 94 93 93 92 91 91 90 89 89 88 87 87 86 85 85 84 83 83 82 81 81 80 79 79 78 77 77 77 75 75 74 74 73 72 72 71 71 70 70 69 68 68 67 67 66 66
130 129 128 128 127 126 126 125 124 124 123 122 122 121 120 120 119 118 118 117 116 115 115 114 113 112 111 108 110 109 111 110 107 108 108 107 106 106 104 103 99 103 102 99 99 98 98 97 95 94 94 93 93 92 92 91 91 90 89 88 87 86 86 86 85 84 83 83 83 82 80 79 79 80 77 76 75 75 74 76 75 75 72 71 73 73 73 72 72 71 71 70 70 69 68 68
130 129 129 122 116 124 126 126 125 124 121 122 122 119 118 120 120 119 118 117 117 116 115 115 114 113 112 106 107 111 110 107 106 109 105 107 103 106 105 104 99 103 101 102 99 99 98 97 96 95 94 93 93 89 91 91 90 89 89 89 88 87 86 86 86 84 84 84 82 81 78 80 79 80 77 77 76 75 75 74 73 76 75 74 74 74 73 73 72 72 71 70 70 69 69 68
130 130 128 104 110 127 127 126 125 122 119 123 123 119 118 121 120 120 119 118 117 116 115 115 114 113 113 109 112 111 110 110 107 110 109 104 107 107 106 105 103 103 102 103 100 99 98 98 97 96 95 95 91 92 92 92 91 90 90 89 89 88 87 87 86 84 85 84 83 82 81 80 81 80 78 78 77 78 75 74 74 76 76 72 71 74 73 73 72 72 71 67 70 70 69 69
126 124 125 117 117 128 127 126 126 125 116 123 123 123 122 121 121 120 119 118 117 117 116 115 115 114 113 112 111 112 111 110 110 110 109 105 108 107 106 105 100 103 99 102 99 97 99 98 97 96 95 95 93 93 93 91 92 90 91 90 88 88 88 87 87 86 82 84 84 82 81 82 82 81 79 80 79 79 75 75 74 77 73 72 72 74 74 73 73 72 72 71 71 70 70 69
121 115 123 127 127 121 119 127 126 124 121 125 124 123 122 122 121 121 120 119 118 118 116 116 116 115 114 113 111 112 112 111 110 110 110 109 104 108 106 105 105 105 100 102 100 100 99 98 98 97 96 96 95 93 93 92 92 91 91 90 89 88 88 88 87 87 85 84 84 84 82 81 82 82 81 81 80 79 76 78 75 77 73 73 72 71 74 73 73 73 72 72 71 71 70 70
130 131 130 127 126 115 103 127 122 117 120 126 124 124 123 122 122 121 120 120 119 118 117 117 116 115 115 114 111 110 113 112 110 111 110 109 108 108 107 106 102 105 104 103 103 100 100 99 98 97 94 95 94 94 94 92 92 91 90 91 89 88 88 88 88 85 85 86 85 84 84 83 83 82 82 81 80 80 77 78 78 77 76 73 73 75 71 71 73 73 73 72 72 71 71 70
132 131 131 120 125 129 126 125 118 120 125 125 126 125 123 123 122 122 121 120 119 118 118 116 116 116 116 114 114 113 113 112 109 107 110 110 109 109 106 107 106 106 105 104 102 100 99 99 98 97 96 96 95 95 93 93 92 91 91 91 91 90 88 89 88 87 85 86 85 85 84 84 83 83 82 81 81 80 80 77 78 78 77 76 76 75 72 75 74 74 73 73 68 72 71 71
133 129 131 128 130 129 129 128 128 127 126 126 125 125 124 123 123 122 121 121 120 119 118 118 117 116 116 115 115 114 114 110 110 108 107 106 109 109 106 108 107 106 105 105 103 100 100 99 99 98 97 96 96 95 95 93 93 92 91 92 91 91 90 88 89 88 86 87 86 85 85 84 84 83 83 82 81 81 80 79 79 78 77 74 77 76 76 75 75 74 74 73 73 72 72 67
133 133 132 130 131 130 129 129 128 128 127 126 126 125 124 123 123 123 122 120 120 120 119 118 118 117 116 116 116 115 112 110 113 110 108 107 107 109 109 108 108 103 106 105 105 101 100 100 99 98 97 97 97 96 95 94 93 92 92 91 91 91 90 89 88 87 88 86 86 86 83 85 84 83 80 80 82 81 78 77 79 79 78 74 77 77 76 72 75 75 74 74 73 71 72 71
134 133 132 131 130 130 129 129 128 127 128 127 126 125 125 124 124 123 122 122 121 120 120 119 118 118 117 117 116 115 111 110 113 110 109 107 107 106 109 108 108 103 102 106 105 99 101 101 100 99 99 98 97 96 95 95 94 93 92 93 92 91 91 90 89 89 87 86 87 85 86 85 85 82 83 82 82 81 79 78 80 79 79 78 78 77 76 76 72 75 74 74 73 71 72 72
134 133 133 132 131 130 130 130 129 128 128 127 127 126 125 125 124 124 122 122 121 120 119 119 119 119 118 117 117 116 114 114 113 111 108 110 107 111 110 109 104 104 107 104 105 105 101 101 100 99 99 98 98 97 95 95 94 93 92 92 91 90 90 89 90 89 87 88 88 87 84 86 83 84 84 81 82 82 81 78 80 79 78 78 78 77 77 76 72 75 75 74 74 73 73 72
134 134 133 132 132 131 131 130 129 129 128 128 127 126 126 125 125 124 123 123 122 121 120 120 119 119 114 118 114 116 116 113 114 112 113 112 112 111 106 110 108 108 108 105 106 105 103 102 101 97 100 99 98 97 94 95 94 94 93 92 92 91 90 90 90 90 89 89 88 87 87 84 86 85 84 83 83 82 82 81 78 80 80 79 78 78 77 77 72 76 75 75 74 74 73 73
135 134 133 133 132 132 131 130 130 129 129 128 127 127 126 126 125 124 124 123 122 121 121 120 120 119 119 117 118 117 116 115 114 113 113 113 110 107 108 109 109 109 108 105 106 106 105 102 102 101 100 99 99 98 94 96 95 94 94 94 93 92 91 92 91 90 89 89 88 88 87 85 86 85 85 84 84 83 80 79 81 81 80 79 79 78 78 77 73 76 76 75 75 74 74 73
135 134 134 133 133 132 131 131 130 129 129 128 128 127 127 126 125 125 124 123 122 122 121 120 120 119 118 118 117 117 116 116 115 114 114 113 108 108 111 111 110 105 108 106 105 105 106 103 102 100 100 100 99 99 98 97 96 96 94 95 94 92 92 90 91 90 89 89 88 88 87 87 86 86 85 84 82 83 83 82 79 81 80 80 79 79 78 78 77 77 76 75 75 74 74 74
135 135 134 134 133 132 132 131 131 130 129 129 128 128 127 126 126 125 125 123 123 122 121 119 121 119 119 118 117 118 117 116 116 115 113 114 113 109 111 111 110 110 109 106 106 107 106 103 103 102 101 100 100 99 98 97 97 96 94 93 94 93 92 91 90 90 90 89 89 88 88 85 87 86 85 85 84 84 83 82 82 78 81 80 79 79 78 78 77 77 76 76 75 75 73 74
136 135 135 134 133 133 132 131 131 130 130 129 129 128 128 127 126 125 125 123 123 123 122 121 121 120 119 119 119 118 117 117 112 115 114 114 112 108 112 107 111 110 108 108 108 107 105 103 103 102 102 101 100 99 99 97 97 97 94 95 93 94 92 93 91 90 90 89 89 87 87 87 87 86 86 85 85 84 83 83 82 81 81 80 79 76 79 78 78 77 77 76 75 73 74 74
136 136 135 134 134 133 133 132 131 130 130 129 129 125 127 127 126 126 125 125 123 123 122 122 120 120 119 120 119 113 118 117 112 116 115 114 114 112 111 111 111 110 110 109 108 108 106 104 102 102 102 101 101 100 99 99 97 96 95 94 94 93 92 92 92 92 89 89 90 89 88 86 86 86 86 86 84 84 84 80 82 81 81 81 80 79 79 78 78 77 75 76 76 71 75 74
132 136 135 135 134 134 133 132 132 131 130 130 129 129 128 128 127 126 126 124 124 123 123 123 121 121 120 119 120 119 118 116 117 116 115 114 114 112 111 111 111 111 110 109 109 108 107 106 104 103 102 102 101 100 99 98 98 96 97 94 94 93 92 92 91 92 90 89 90 89 88 86 86 87 86 84 83 85 84 83 80 82 79 80 77 80 79 79 78 78 77 77 76 75 71 74
137 136 136 135 134 134 133 132 132 131 131 130 129 129 128 128 127 126 126 125 124 123 121 122 122 121 120 120 120 115 118 116 117 112 116 115 114 113 112 112 112 111 110 110 109 107 108 107 104 103 103 102 101 100 100 98 98 97 95 95 94 94 93 92 92 92 92 91 88 90 89 86 86 87 85 84 83 84 84 84 80 83 81 81 80 80 79 79 78 78 77 77 76 76 75 75
137 137 136 135 135 134 134 133 132 132 131 130 130 129 128 128 128 127 126 126 125 124 122 123 122 122 121 121 120 116 119 118 117 117 116 115 111 114 111 113 112 111 109 110 109 109 108 108 104 104 103 102 101 100 100 98 99 98 97 96 96 95 94 92 92 93 92 92 89 90 90 89 88 87 86 85 84 85 85 84 83 83 82 81 81 80 80 79 79 78 78 77 77 76 75 75
138 137 136 136 135 134 134 133 133 132 131 131 130 130 129 127 127 128 126 126 125 124 124 123 120 123 121 120 120 116 119 115 118 117 112 112 115 110 114 113 112 112 111 110 110 109 109 108 105 104 103 103 102 101 99 100 99 98 97 96 96 95 95 93 94 93 93 92 91 91 90 89 89 88 87 85 84 85 85 84 84 83 83 82 81 81 80 79 79 78 78 77 77 76 76 75
138 137 137 136 136 135 134 134 133 132 132 131 131 130 130 130 130 127 127 126 125 125 124 123 121 123 122 121 120 120 120 119 118 117 115 115 115 115 114 112 113 112 111 108 110 109 108 108 107 104 104 103 102 101 100 99 99 99 97 97 95 96 95 93 93 93 93 92 92 91 90 90 89 88 87 87 86 85 85 85 84 83 83 82 78 81 80 80 76 79 78 78 77 72 74 75
138 138 137 136 136 135 131 134 133 133 132 132 131 130 130 129 129 128 127 126 125 126 124 124 123 123 122 119 118 118 119 119 118 117 116 115 116 115 110 114 113 113 112 111 110 110 109 103 102 105 104 103 102 101 100 99 100 99 97 97 97 96 96 95 94 93 93 93 92 92 91 90 89 88 88 87 86 86 85 85 84 81 83 82 82 81 81 80 76 79 78 78 77 77 76 76
136 138 137 137 136 136 135 134 134 133 133 132 131 131 130 130 129 128 128 127 126 122 117 122 118 117 118 120 119 119 120 119 119 117 117 116 116 115 115 114 113 113 112 111 109 110 109 109 106 105 105 104 103 102 101 100 99 99 98 97 97 97 96 95 94 94 94 93 92 91 91 91 90 89 88 87 87 87 85 85 84 84 84 83 82 82 78 80 80 79 79 78 78 73 77 76
133 138 138 137 137 136 135 134 134 134 133 132 132 131 131 130 129 129 128 127 127 122 116 118 123 117 122 122 118 115 120 120 119 118 116 117 112 109 110 114 109 109 112 112 111 110 110 109 109 105 105 104 103 102 102 101 100 100 98 97 98 97 96 95 95 94 94 93 93 92 91 91 88 89 88 88 88 87 86 86 84 84 84 82 83 79 81 81 80 80 79 78 76 77 73 76
139 139 138 138 137 136 136 135 134 134 133 132 132 131 131 130 130 129 128 128 124 118 116 118 124 123 123 123 118 117 113 120 120 119 118 117 115 116 114 114 109 109 113 112 109 111 110 104 109 106 105 104 103 103 103 101 101 99 99 99 98 98 97 95 95 95 94 93 91 92 92 91 90 89 89 88 87 87 86 85 84 84 84 83 83 79 82 80 80 80 79 79 78 77 77 77
140 139 139 138 137 137 136 135 135 134 134 133 132 132 131 131 130 129 129 125 124 119 119 122 125 123 123 123 120 120 121 120 120 115 118 116 116 116 112 115 115 114 108 108 107 110 110 109 107 106 106 105 104 103 102 102 101 101 100 99 97 98 97 95 96 95 94 94 94 92 92 91 90 90 89 88 87 87 86 86 85 83 84 84 83 79 82 81 81 76 79 79 78 77 77 77
141 139 139 138 138 137 136 136 135 135 134 133 133 132 131 131 130 130 129 120 119 121 126 125 125 124 123 124 123 122 122 121 119 116 119 118 117 117 112 114 115 114 108 113 106 106 111 110 110 107 106 105 104 103 103 102 102 101 100 98 99 98 97 96 96 94 95 94 93 93 92 92 91 90 89 88 89 87 87 86 86 85 82 84 84 83 82 81 81 80 79 79 78 77 78 77
141 139 139 139 138 137 137 136 136 135 134 133 133 133 132 131 131 130 130 126 125 121 124 123 125 120 122 124 122 122 120 120 121 120 119 119 118 115 112 116 113 114 114 111 106 112 111 108 110 107 106 106 105 104 102 102 101 101 99 99 99 98 97 97 95 96 95 94 94 93 92 92 91 90 90 89 89 88 87 86 86 85 85 84 84 80 83 82 81 81 80 79 79 78 78 77
141 141 140 136 138 138 137 136 136 135 135 134 133 133 132 132 131 130 130 129 126 121 124 123 122 124 121 124 122 122 122 121 121 120 119 119 118 116 117 116 115 115 114 114 111 112 112 111 108 110 106 106 105 104 103 99 102 102 100 100 98 98 97 97 97 96 94 95 94 93 93 92 91 90 90 90 89 88 87 87 86 86 85 84 84 84 83 82 81 81 80 79 75 75 74 78
141 141 140 139 139 138 137 137 136 136 135 134 134 133 133 132 131 131 130 130 129 125 121 123 126 125 122 123 123 123 122 121 121 121 120 119 119 118 117 117 114 115 115 114 113 111 112 111 111 110 107 106 106 105 104 102 101 101 100 100 100 99 98 98 96 96 96 95 95 94 93 91 92 91 90 88 89 88 88 87 85 83 85 85 84 84 83 83 82 80 77 79 80 78 75 78
141 141 140 140 139 138 138 137 137 136 135 135 134 133 133 132 132 131 130 130 129 126 124 127 126 125 124 124 124 123 123 123 117 121 121 119 118 118 117 117 116 116 115 114 112 113 112 112 110 110 108 107 106 105 105 103 102 102 102 101 99 99 99 98 97 97 96 95 94 94 93 92 91 91 91 88 89 89 88 87 87 84 84 85 85 84 84 83 81 82 78 79 79 76 78 77
142 141 141 140 139 139 138 137 137 136 136 135 134 134 133 133 132 132 131 130 129 129 128 127 126 126 125 124 125 123 119 123 123 121 121 118 115 119 118 117 117 116 115 115 114 113 111 112 106 110 108 107 105 105 105 103 102 103 101 101 101 100 99 98 97 97 96 96 94 93 94 92 92 92 91 90 90 87 88 88 85 84 86 86 85 84 84 82 81 81 80 78 79 77 78 77
142 142 141 141 140 139 139 138 137 137 136 135 135 134 134 133 132 132 131 130 130 129 128 128 127 126 126 125 124 123 120 122 121 121 119 118 119 119 118 117 117 117 116 115 114 114 113 112 111 111 109 107 106 106 105 103 103 103 101 102 101 100 100 99 98 97 97 96 95 94 94 92 92 92 91 91 90 88 89 88 86 87 84 86 85 84 83 82 82 82 80 78 80 79 76 78
143 142 141 141 140 139 139 138 138 137 136 136 135 135 134 133 133 132 132 131 130 129 129 128 127 126 126 125 124 124 122 122 121 121 121 120 119 119 119 118 117 117 116 115 115 114 113 112 112 109 110 109 106 106 106 105 103 102 103 102 100 101 100 98 97 98 97 96 96 95 94 94 93 91 90 91 91 88 88 88 86 87 86 85 85 84 83 83 82 81 81 80 80 79 79 78
143 142 139 141 140 140 139 139 138 137 137 136 136 135 134 134 133 133 132 131 131 130 129 128 128 127 126 125 125 124 123 123 122 121 120 120 121 119 119 119 118 116 117 116 115 114 114 113 112 109 109 110 107 106 105 105 103 103 103 101 102 100 100 100 99 98 98 97 96 95 95 94 92 93 92 91 91 90 88 89 88 86 85 86 86 83 81 84 82 82 81 80 80 79 79 79
143 143 142 141 141 140 140 139 138 138 137 137 136 135 135 134 134 133 132 132 131 130 129 129 128 127 127 126 125 124 124 123 122 121 120 120 120 119 119 119 117 118 117 116 115 115 114 113 112 110 111 110 108 107 106 104 104 103 102 103 102 101 101 100 99 99 98 97 97 96 95 95 94 91 91 92 90 90 88 88 87 88 87 86 86 82 84 84 80 82 81 81 80 79 79 78
144 143 142 142 141 140 140 139 139 138 138 137 136 136 135 135 134 134 133 132 131 131 130 129 128 128 127 126 125 125 124 123 123 122 121 120 120 119 120 115 119 118 117 116 116 115 115 113 112 110 110 110 108 107 107 106 105 103 103 103 103 100 101 100 100 99 98 98 96 95 96 95 94 92 93 92 91 91 89 89 89 88 86 87 86 84 83 85 83 80 83 80 80 80 79 79
