prediction/untitled folder/solar_ghi_19900101_06UT.txt
NCOLS 839
NROWS 679
XLLCORNER 112.025005
YLLCORNER -43.9750009
CELLSIZE 0.0499954
NODATA_VALUE -999
[rows 420 to 461 of 679, columns 658 to 751 of 839]
491 500 495 493 493 486 485 495 483 500 495 493 475 491 497 479 474 490 487 478 463 475 331 418 462 464 469 475 459 451 479 484 477 472 458 471 400 325 311 364 438 437 377 340 476 476 457 436 423 330 350 434 393 365 468 456 443 429 447 446 380 252 278 462 461 404 283 434 459 458 451 344 412 454 438 417 362 411 450 419 399 430 446 444 434 373 332 341 384 385 383 419 428 432
483 489 496 499 492 473 434 458 445 479 489 487 474 492 484 460 468 490 493 483 464 457 468 469 471 461 448 451 470 463 480 484 483 482 458 466 464 341 309 363 401 430 359 299 458 450 416 362 386 359 359 422 432 445 456 432 397 411 441 454 441 440 400 366 450 426 306 453 453 448 419 407 377 360 417 453 428 416 449 449 432 427 436 440 438 421 363 331 320 343 346 324 339 367
490 489 506 505 486 468 381 427 431 446 463 469 494 498 468 447 477 478 490 489 471 416 476 481 467 467 442 426 486 485 485 484 477 464 476 476 398 424 311 190 436 436 447 478 464 444 443 368 355 367 346 354 325 340 377 468 412 381 418 441 447 394 329 378 364 449 442 448 453 446 423 422 403 379 417 453 441 400 422 447 447 447 445 445 443 428 388 364 299 301 293 269 276 314
503 501 494 493 491 481 465 474 478 476 445 456 488 482 486 497 489 478 477 493 492 377 430 469 479 479 477 481 482 481 478 468 484 396 434 452 393 417 481 389 299 248 350 453 428 446 424 364 342 366 395 441 374 409 426 462 444 423 423 435 435 433 400 446 406 455 449 454 459 458 445 435 432 434 448 453 429 411 427 405 428 446 446 446 439 429 417 396 320 285 262 243 248 275
508 502 495 481 486 405 491 502 490 490 484 495 475 445 497 497 471 460 453 488 493 469 480 490 480 473 477 487 486 487 449 430 468 467 460 453 407 390 475 423 199 388 466 466 447 453 419 394 405 394 396 415 440 407 446 468 456 436 402 381 416 440 433 457 425 418 405 448 459 458 446 457 445 450 454 447 436 417 421 394 400 447 436 431 423 417 443 415 366 312 273 266 270 268
508 490 469 494 481 492 492 492 491 484 494 493 423 376 497 484 441 428 445 426 475 487 479 474 476 489 455 388 487 482 456 438 415 435 460 430 401 458 459 410 236 429 479 478 358 309 323 373 468 415 315 379 454 421 451 465 446 443 426 387 403 442 433 433 384 321 313 405 459 453 429 445 420 431 443 450 436 404 401 411 427 441 402 394 408 416 427 423 416 377 364 401 397 368
508 483 362 495 487 411 474 472 478 478 482 499 455 387 491 479 456 427 443 439 456 471 481 479 482 485 477 399 477 476 464 469 421 420 455 420 408 482 439 329 286 344 454 466 340 248 238 308 443 296 311 395 387 373 401 432 421 424 456 391 415 458 458 428 370 285 262 330 447 441 427 409 342 407 443 454 438 416 428 440 440 437 384 339 373 385 411 434 443 424 420 424 401 333
508 501 386 468 474 440 498 492 484 473 477 483 469 457 498 474 435 447 454 458 453 457 476 491 484 479 479 469 474 470 474 475 468 461 473 433 447 481 439 306 324 300 327 344 332 278 197 294 310 174 373 423 303 277 310 376 410 386 431 275 435 465 447 420 394 370 358 382 381 362 452 439 386 445 446 439 442 435 446 435 444 433 420 400 360 363 411 429 423 424 436 436 431 403
497 502 475 434 399 475 492 491 486 425 377 477 480 493 498 481 427 447 473 465 465 451 439 491 479 484 479 473 476 471 470 462 469 485 485 447 465 482 464 391 417 329 268 243 254 301 240 440 152 267 284 269 287 318 392 452 390 339 420 254 442 465 392 324 241 210 310 424 388 459 434 446 428 432 437 439 436 436 439 445 445 448 442 376 337 368 405 392 355 395 431 440 428 425
484 436 449 386 356 447 446 453 497 378 263 444 500 469 486 487 455 466 483 483 484 444 376 481 479 485 483 475 473 476 475 450 416 443 454 391 459 476 451 446 344 270 294 298 198 422 397 431 398 369 369 332 348 402 441 470 469 426 396 396 437 448 442 446 413 299 257 294 419 409 375 440 440 444 451 442 443 452 423 423 423 439 449 414 389 407 429 410 374 397 420 431 413 415
491 375 327 313 434 493 486 504 503 460 339 275 500 500 493 463 448 447 466 489 494 493 463 418 492 455 461 472 472 483 451 411 438 349 443 361 316 301 349 243 257 375 425 448 343 477 433 399 389 427 424 426 424 336 297 470 469 446 424 442 449 459 464 464 463 421 352 382 436 419 389 428 445 439 437 427 432 441 428 430 417 404 428 443 435 439 446 436 432 421 417 418 408 406
424 508 507 462 475 433 412 492 503 503 409 430 500 493 499 475 473 459 459 440 360 472 424 492 492 486 489 478 476 488 465 409 358 353 327 302 321 396 270 146 152 247 309 462 395 477 377 359 318 308 316 387 463 322 220 470 470 445 397 374 409 444 446 447 464 463 451 461 443 398 410 441 451 440 432 426 425 408 429 435 422 396 396 431 437 435 442 444 438 431 419 429 430 415
285 446 506 495 455 415 381 387 503 502 472 396 490 499 468 488 497 485 485 496 466 478 443 486 455 479 491 466 453 483 477 470 347 424 260 302 385 465 297 152 149 213 272 344 381 401 407 296 231 222 267 290 260 287 167 375 470 439 357 287 315 387 354 374 461 463 463 418 419 396 416 459 458 451 439 427 443 431 430 421 420 433 426 427 413 436 439 445 444 442 412 405 441 436
379 464 450 387 312 315 448 446 493 420 402 403 464 376 391 492 498 406 312 495 495 483 465 470 456 469 490 479 400 358 477 487 411 463 246 291 430 465 337 247 269 288 286 243 282 344 459 305 181 164 246 292 108 245 176 276 406 334 291 255 254 332 290 301 441 464 419 326 364 443 460 459 458 428 427 448 436 449 448 439 434 446 449 404 297 424 438 444 435 433 427 414 415 425
478 508 477 409 347 341 482 481 493 427 410 398 463 350 355 498 498 406 293 441 484 494 487 476 481 491 491 490 393 258 466 488 390 457 292 305 395 415 360 340 477 437 305 250 210 341 478 418 272 168 191 309 162 238 247 279 329 199 169 265 268 404 412 290 424 446 237 185 228 268 326 416 336 422 351 363 413 427 438 447 409 363 450 432 388 375 419 438 443 437 434 438 441 424
416 466 507 494 457 402 483 460 432 484 448 379 464 391 350 493 498 465 468 374 471 494 494 486 464 481 491 490 432 261 414 372 287 402 394 407 379 328 460 482 458 391 395 429 332 385 478 478 414 231 106 241 124 251 387 434 344 272 298 405 323 437 444 431 428 342 302 301 336 392 424 441 428 440 412 421 407 424 443 442 440 379 450 438 407 402 418 425 432 437 432 436 436 385
345 371 437 415 421 289 472 412 335 452 325 303 425 359 289 492 498 491 459 278 423 470 494 483 396 415 492 491 459 441 334 211 372 475 388 371 462 473 460 459 384 390 463 402 250 242 365 433 349 421 377 396 359 358 394 441 334 256 322 440 420 385 351 289 361 400 385 406 437 437 311 430 459 451 444 428 392 382 413 439 433 394 444 438 417 389 402 429 432 436 421 425 421 374
479 471 312 225 500 506 482 155 309 479 191 170 370 437 306 357 498 498 497 473 447 426 459 347 244 295 492 480 388 361 279 367 471 468 320 290 485 484 446 441 217 262 397 444 389 379 434 453 411 403 320 457 462 430 330 307 313 274 351 398 313 244 302 326 400 442 400 378 444 450 270 405 438 433 370 326 334 375 409 449 425 413 430 435 428 344 321 446 446 404 417 423 415 423
472 491 423 299 470 350 499 182 308 298 229 293 466 339 162 303 499 461 497 491 463 439 471 471 390 408 474 491 442 319 366 458 483 452 330 261 467 448 281 398 336 352 425 464 462 454 455 406 459 403 358 445 475 381 267 238 273 299 310 396 304 261 324 417 455 464 420 364 438 432 330 423 412 407 346 278 292 384 452 434 447 450 439 438 413 297 236 446 442 317 399 434 437 431
383 484 464 306 483 450 505 382 422 412 366 419 501 443 286 355 493 492 487 468 467 420 404 438 427 486 306 437 418 347 438 489 466 459 412 323 395 350 300 366 427 459 475 452 408 379 462 415 477 453 322 383 475 337 202 190 250 365 256 377 413 431 439 442 442 454 447 453 450 426 454 459 447 436 455 440 366 342 424 374 441 441 432 427 345 259 291 436 414 285 358 422 417 428
395 472 444 347 483 456 481 492 487 487 486 486 501 501 452 374 477 492 466 465 485 454 366 324 393 492 322 390 302 357 460 489 482 481 482 461 376 337 423 422 392 435 464 444 374 294 479 478 478 477 271 284 444 368 215 147 275 459 289 384 469 468 467 444 424 430 422 445 402 433 461 460 442 430 453 456 427 437 416 436 453 452 434 428 421 386 406 448 324 359 417 386 354 399
439 466 458 443 489 450 457 474 487 493 490 474 489 501 477 387 475 492 467 473 496 495 420 293 438 481 485 449 275 328 417 409 488 487 481 445 415 461 467 468 455 458 464 416 443 323 437 449 461 477 477 446 451 474 429 181 371 377 426 470 464 468 468 449 448 441 458 463 261 232 333 450 424 398 457 457 434 440 383 419 454 452 434 427 434 328 409 395 387 417 440 423 379 417
453 459 491 502 503 495 489 488 494 499 492 441 476 495 452 476 500 499 487 460 473 490 453 412 493 493 476 468 479 480 298 199 418 487 487 365 380 444 407 408 452 458 470 481 456 451 474 477 477 465 466 369 291 456 474 388 441 193 301 334 338 469 468 467 330 301 453 401 261 252 341 378 278 309 457 457 198 249 337 416 437 377 293 269 397 384 365 364 394 429 439 440 425 437
411 497 406 490 507 502 494 489 493 499 497 486 419 490 351 443 481 470 421 395 467 463 328 201 436 481 476 389 407 491 490 404 370 488 475 438 436 462 461 428 359 310 451 475 463 295 396 473 472 461 472 433 343 444 474 435 461 351 376 420 358 370 456 467 201 254 382 402 272 227 259 263 210 253 423 458 182 223 367 421 361 277 210 135 301 444 409 376 382 393 435 439 443 434
504 510 492 496 502 506 505 505 498 503 503 503 494 490 471 489 495 496 481 480 454 362 454 403 470 488 464 440 448 474 486 471 427 488 475 287 292 395 473 462 393 353 428 365 419 337 401 467 428 391 446 471 432 446 464 446 455 460 448 452 445 368 456 438 262 293 382 369 294 261 233 165 230 260 347 398 278 298 450 449 334 220 210 128 269 428 448 410 382 387 388 444 439 422
493 510 503 484 489 507 506 494 499 499 499 503 497 490 495 489 483 486 487 498 479 414 479 495 495 494 493 475 486 480 473 453 398 489 488 339 332 409 449 469 436 371 453 391 431 436 443 455 417 361 446 472 466 457 460 456 455 436 421 453 452 445 469 411 412 436 447 365 313 423 354 177 308 302 325 304 272 274 334 455 455 275 285 270 339 417 432 437 437 424 318 411 416 308
499 510 504 464 477 502 494 494 504 499 497 497 496 494 496 495 480 457 436 486 481 455 472 464 447 488 493 487 492 475 454 288 293 458 471 439 430 436 436 441 474 379 466 470 476 469 462 457 443 415 477 465 471 458 450 463 455 407 393 471 440 446 458 450 363 371 398 410 457 456 462 438 378 270 333 287 195 234 285 456 449 448 430 411 417 428 428 417 448 447 406 417 325 233
499 506 510 477 472 464 429 504 504 499 498 492 496 501 497 491 484 457 409 475 453 445 431 416 390 429 478 482 480 462 480 220 256 384 394 418 444 380 469 415 436 478 460 466 457 464 475 470 456 460 478 472 471 472 450 443 426 390 454 446 383 455 451 444 449 357 296 370 446 463 462 450 431 411 425 342 238 311 374 410 414 449 445 446 451 410 338 320 448 447 310 352 288 249
487 498 510 509 490 438 371 498 499 504 504 487 496 497 497 495 488 481 463 486 416 468 399 416 464 457 463 493 491 469 491 485 461 458 434 444 487 476 485 485 300 421 466 464 441 418 462 449 461 478 478 477 460 465 459 458 451 449 449 462 465 459 463 463 468 449 338 208 299 463 456 427 360 367 425 411 350 390 428 420 426 360 379 374 319 377 383 337 428 436 307 285 284 259
474 479 498 509 497 483 501 487 500 505 492 486 502 484 466 495 488 483 456 478 480 491 491 484 491 466 344 450 445 491 487 479 359 352 412 398 404 319 486 480 408 449 483 477 453 458 457 462 467 456 468 472 465 470 475 458 450 449 348 460 462 440 452 469 462 461 400 220 331 430 424 419 404 406 449 431 434 425 434 440 438 319 271 325 282 331 450 421 432 435 350 298 305 299
494 493 511 509 502 504 506 494 494 505 498 497 503 502 491 496 501 463 481 482 429 460 477 466 495 496 451 493 482 485 479 480 435 419 425 348 403 403 480 481 467 462 448 440 460 481 481 480 469 463 468 467 466 470 475 452 424 438 387 454 454 435 440 469 468 445 414 319 416 418 364 373 444 460 460 430 425 416 423 428 428 317 238 273 344 353 450 440 443 437 389 352 441 399
495 488 493 504 497 508 507 490 482 495 497 493 493 498 497 490 494 482 494 483 464 476 461 435 393 304 478 495 493 480 485 489 474 447 420 392 445 464 476 481 482 475 450 413 398 452 481 481 481 475 474 473 462 465 465 451 406 438 468 467 467 465 446 453 468 444 397 418 443 432 332 304 432 456 444 411 424 412 404 414 408 353 260 264 164 353 421 421 439 397 345 447 440 349
488 488 493 493 498 509 508 491 489 490 499 493 488 497 502 491 489 494 489 482 488 492 469 448 427 291 437 483 489 464 464 486 481 460 433 454 397 451 481 480 480 486 474 449 359 433 471 482 481 474 474 479 460 459 476 464 351 432 462 443 466 471 465 446 440 429 391 418 442 442 408 379 445 450 461 460 458 454 422 414 422 415 362 355 164 268 244 421 259 320 391 431 435 368
495 495 494 487 499 510 504 504 496 497 502 495 498 503 498 491 496 501 489 482 487 494 486 491 481 460 439 466 478 457 445 470 475 468 468 466 332 414 481 481 470 480 475 467 473 483 481 459 457 469 476 479 478 472 476 463 176 291 350 273 317 472 471 460 378 415 460 384 363 448 443 422 415 385 462 460 299 329 458 441 423 426 403 355 268 268 244 276 322 378 382 333 291 263
502 501 501 488 505 504 503 503 502 497 502 505 499 504 498 491 492 501 496 490 482 493 494 490 467 475 486 465 482 488 487 492 487 480 480 474 486 489 477 476 471 465 464 468 473 471 479 482 477 463 450 451 468 416 454 452 238 294 473 369 292 461 428 452 359 307 404 465 431 442 429 410 379 337 438 456 371 358 458 452 434 410 349 415 415 268 161 247 380 417 321 317 293 224
503 508 513 512 506 508 499 498 503 507 497 494 498 500 504 503 497 496 495 483 483 475 483 497 479 486 485 480 494 466 451 469 482 463 480 460 463 478 478 472 476 476 475 480 467 467 459 459 465 465 464 463 468 436 449 477 294 258 392 451 397 411 436 449 434 328 361 466 466 460 465 436 355 368 420 461 439 425 459 428 441 416 347 355 355 432 161 271 384 351 315 356 383 260
499 503 502 507 512 511 504 493 497 504 496 506 501 499 504 503 503 502 497 488 495 499 496 498 488 487 486 473 477 482 477 476 481 481 483 474 470 479 484 477 471 475 463 481 414 435 460 453 439 464 481 469 468 401 428 434 360 302 324 450 464 417 448 422 427 374 361 425 329 406 464 464 376 342 393 450 460 437 459 417 382 414 404 347 335 432 432 435 400 277 388 444 364 267
498 498 507 496 498 500 499 510 509 503 502 507 502 506 500 497 497 503 501 497 497 500 495 495 492 487 488 473 479 484 483 483 476 483 477 475 475 479 479 466 473 471 469 480 430 429 467 453 412 459 481 463 469 415 428 415 395 435 370 452 463 436 449 409 341 318 362 415 221 356 450 465 424 306 285 426 438 444 460 422 288 336 416 438 454 408 408 441 253 341 428 433 424 331
501 504 504 515 513 507 508 511 506 504 503 502 503 506 505 499 494 495 502 502 497 495 493 499 495 488 487 476 481 478 484 484 481 482 475 474 474 479 485 466 471 471 477 481 469 462 464 453 406 446 452 451 462 462 461 461 454 434 470 475 474 430 443 461 335 225 286 467 461 465 464 419 398 422 415 373 387 460 453 318 322 352 390 449 444 431 416 436 419 423 444 438 410 414
509 517 504 516 514 514 509 508 504 505 499 503 503 502 506 505 500 503 497 503 491 490 495 500 500 483 475 481 486 479 494 491 483 476 476 475 474 474 485 484 472 466 470 464 463 462 462 461 460 460 446 464 476 463 446 455 417 303 306 384 438 456 461 460 408 306 422 429 450 466 442 398 390 374 262 101 432 461 450 391 364 385 423 455 445 438 425 451 451 440 427 439 392 369
518 518 504 497 492 498 495 495 501 494 499 510 509 498 500 501 505 500 486 503 498 502 501 496 496 489 469 468 467 486 492 478 472 470 483 489 487 471 468 467 473 467 483 482 471 469 463 473 460 466 453 453 459 458 438 401 478 441 436 446 445 457 462 460 444 409 440 424 466 466 450 425 437 423 290 194 406 461 449 436 400 371 430 455 448 396 382 433 451 444 418 415 404 372
507 519 506 509 515 509 507 508 512 482 494 508 492 484 491 502 506 495 504 504 504 492 486 486 484 467 483 477 494 486 480 475 479 477 477 482 488 469 474 467 467 454 465 472 482 481 474 469 473 466 460 452 454 442 401 430 468 461 460 447 446 457 462 450 443 448 298 299 422 467 460 417 413 388 380 346 421 458 461 455 442 382 389 415 433 368 323 365 442 451 445 396 415 425
