prediction/untitled folder/solar_ghi_19900101_20UT.txt
NCOLS 839
NROWS 679
XLLCORNER 112.025005
YLLCORNER -43.9750009
CELLSIZE 0.0499954
NODATA_VALUE -999
[rows 424 to 476 of 679, columns 672 to 767 of 839]
249 250 250 247 252 253 254 255 255 256 257 258 259 254 255 252 258 248 247 252 252 258 263 266 269 270 265 264 269 267 274 261 267 274 271 270 276 277 273 273 282 280 284 280 282 283 278 280 286 286 281 278 273 279 279 280 286 287 292 287 289 289 293 289 285 289 282 289 283 299 300 300 305 306 307 307 308 309 309 310 310 304 313 313 309 299 311 316 307 304 309 311 310 309 312 306
250 251 250 250 253 254 255 255 256 257 258 255 256 246 257 257 259 248 246 252 249 260 262 266 269 270 266 263 269 272 275 256 266 269 271 271 271 278 274 281 282 284 285 283 283 282 279 279 279 286 280 284 285 286 287 286 287 287 288 294 289 295 299 293 300 301 295 297 289 299 304 301 301 302 302 308 304 309 310 310 302 299 302 308 314 311 316 308 308 308 309 306 304 310 307 312
250 251 252 253 254 255 255 256 256 257 258 259 259 253 258 257 253 256 254 266 263 267 264 263 263 266 269 260 265 274 267 268 267 269 268 271 272 276 278 274 280 277 282 278 283 279 285 280 281 287 283 284 292 288 290 290 288 289 288 294 296 296 300 290 295 301 296 298 293 295 300 305 297 301 303 295 309 309 305 301 302 308 298 300 315 316 316 313 308 314 315 311 312 312 317 306
249 251 253 253 254 254 256 256 254 258 259 260 255 257 262 257 259 256 257 266 267 268 264 258 259 266 272 266 265 273 272 268 275 275 267 272 272 277 279 271 270 275 278 285 280 280 285 279 287 288 284 285 286 278 288 293 284 282 289 295 299 299 290 290 301 301 296 294 292 295 291 297 298 307 296 309 303 300 301 302 307 308 314 315 315 312 317 318 318 313 309 311 317 314 312 319
246 252 253 254 254 255 256 257 257 258 257 260 255 252 257 262 256 257 263 265 267 263 260 255 261 270 273 267 272 269 272 275 270 270 265 267 272 263 271 274 273 272 283 280 275 275 288 288 288 283 291 288 293 285 292 294 289 290 290 290 290 294 294 301 302 301 303 304 304 298 294 307 299 308 305 300 310 310 306 308 309 314 314 315 312 317 317 318 319 315 304 312 318 318 314 315
247 253 254 254 248 253 253 257 258 259 260 261 251 258 257 259 247 254 255 252 251 259 269 267 262 263 261 266 273 272 267 274 276 278 277 273 281 276 282 281 278 276 282 285 286 287 289 290 284 284 285 280 288 290 289 282 284 284 298 295 298 294 295 302 302 303 301 301 305 300 303 304 300 305 300 306 311 311 312 304 304 309 315 316 317 317 318 319 319 320 311 318 313 313 320 316
252 253 254 255 254 254 255 257 257 260 261 261 256 244 255 245 252 258 265 265 268 264 257 271 272 263 270 268 269 272 263 268 272 277 272 274 282 276 277 282 277 284 279 285 289 290 284 289 285 292 291 281 287 289 289 289 288 290 299 300 296 297 302 302 299 302 295 298 301 300 307 307 309 309 305 310 311 307 313 304 299 305 311 312 311 312 313 319 320 320 311 311 295 296 308 314
253 254 252 255 256 256 256 258 256 260 259 253 257 253 254 255 263 260 260 267 266 257 259 272 267 268 274 268 265 263 266 274 265 271 269 275 278 284 272 278 277 280 280 280 285 290 288 279 279 285 286 286 289 291 290 294 293 293 292 300 301 301 302 302 298 303 301 296 298 302 307 307 306 310 310 311 312 307 309 308 303 295 295 303 303 303 297 292 304 246 233 234 209 221 229 236
253 254 255 256 257 257 258 260 260 257 261 252 259 254 263 264 265 265 266 266 265 257 266 268 266 262 269 268 269 263 266 276 271 272 269 276 277 285 278 279 278 279 279 281 275 287 288 285 274 280 280 287 288 289 288 296 290 292 294 301 300 302 302 302 300 304 305 306 303 295 301 301 303 307 305 307 305 313 299 301 298 293 286 286 282 278 277 208 233 138 117 124 114 122 147 131
253 254 256 256 257 258 259 260 260 257 256 254 252 260 255 266 267 267 268 265 259 260 272 263 262 257 264 269 271 270 271 277 275 275 275 277 285 285 279 280 280 282 283 285 278 287 289 289 286 286 286 282 291 290 289 289 295 293 300 290 290 298 302 303 301 305 305 306 308 302 304 306 301 301 297 293 298 312 307 303 280 292 297 265 216 206 245 182 146 130 128 128 122 134 164 153
254 255 254 256 258 258 259 260 261 258 250 255 247 248 255 263 262 268 264 265 261 263 267 269 259 258 267 273 275 271 273 274 274 275 277 285 282 285 280 274 280 282 290 286 285 287 287 286 294 292 288 288 292 295 295 291 289 293 301 299 297 302 303 303 304 305 306 306 308 309 302 298 297 299 289 287 302 308 309 295 284 290 258 183 172 220 162 124 131 124 111 112 115 138 228 137
254 251 250 252 258 259 260 260 262 262 257 251 252 253 253 252 253 258 266 267 270 272 262 273 259 260 268 265 270 280 269 271 278 273 276 279 285 278 282 287 283 288 291 289 290 293 286 283 288 295 289 290 291 290 292 299 293 299 302 302 303 303 303 304 305 305 296 297 308 300 290 295 297 302 303 302 314 308 293 272 291 256 168 142 130 148 144 120 117 118 115 112 113 140 157 138
250 248 247 253 259 259 260 261 262 263 255 247 252 257 261 257 249 252 266 268 270 261 262 271 273 271 277 272 266 271 278 275 279 281 283 286 285 280 284 283 284 290 287 292 293 291 294 295 296 288 295 294 292 298 293 299 299 299 299 303 303 298 304 305 295 291 286 294 299 297 299 303 300 304 286 299 310 312 292 256 221 175 156 156 139 144 149 124 111 115 115 119 132 136 124 125
256 256 258 258 259 260 261 261 262 263 261 256 260 258 262 267 259 258 259 258 261 260 273 269 270 272 267 263 274 268 278 271 279 277 285 287 287 288 284 289 286 290 290 283 289 294 295 290 288 294 295 294 298 296 292 292 295 300 303 297 304 290 294 296 291 292 287 296 295 292 301 307 304 304 293 307 300 295 290 249 205 143 160 157 161 162 162 147 128 133 135 131 146 142 129 129
256 257 258 259 260 260 261 262 262 264 256 264 262 254 257 246 250 258 268 258 269 272 271 270 275 272 270 280 271 274 279 276 281 276 279 280 282 289 290 291 291 291 291 293 285 287 291 283 289 293 293 299 297 297 301 301 299 299 301 293 291 292 289 291 296 291 296 306 303 294 300 309 312 305 301 296 281 272 265 227 172 142 159 151 161 169 159 153 153 159 158 145 151 147 144 142
257 258 259 260 260 261 260 263 262 263 260 260 258 258 249 243 256 251 272 260 270 271 274 270 271 267 271 276 272 273 279 280 285 286 287 288 288 288 291 291 292 293 292 294 293 295 296 295 295 289 294 298 300 299 302 301 296 296 296 299 295 290 287 292 293 294 299 302 306 301 299 313 309 304 295 271 258 256 231 190 149 136 143 143 154 159 157 153 148 174 160 151 157 155 148 139
257 258 259 260 261 257 260 263 264 265 255 256 262 263 262 266 266 257 268 271 271 268 265 268 269 273 272 266 272 275 281 283 286 286 287 288 289 278 286 285 278 289 291 294 295 296 297 298 298 297 296 299 301 301 302 301 301 296 296 301 305 294 290 289 293 292 302 296 289 302 307 307 305 299 282 255 250 265 223 166 144 141 138 147 153 148 154 164 156 171 163 159 163 165 153 135
258 259 256 261 261 258 263 263 264 261 256 257 259 269 270 270 271 264 268 265 262 268 269 269 271 271 278 273 278 283 282 278 282 283 287 289 290 278 286 285 279 286 293 292 288 297 294 298 299 300 295 298 301 302 302 294 300 296 303 298 302 297 300 302 294 289 303 297 291 297 298 287 291 287 272 282 257 266 271 211 176 159 146 146 165 161 153 154 156 166 163 159 185 185 145 147
259 259 258 261 262 263 264 263 265 261 256 257 265 270 266 266 268 273 266 263 266 275 275 271 275 272 280 278 281 284 282 277 278 277 285 289 290 284 292 293 285 287 295 294 294 290 280 293 295 299 295 292 302 302 292 299 296 303 298 299 298 299 305 304 296 291 303 310 298 291 286 266 270 269 241 226 282 283 307 233 190 172 159 151 152 144 140 154 177 175 170 170 169 165 154 146
259 260 261 261 262 262 264 260 260 251 257 257 266 268 267 258 263 274 267 262 262 276 275 271 268 272 270 273 275 277 281 276 280 279 281 286 291 291 284 286 287 293 295 297 293 298 293 293 295 296 297 300 302 303 301 301 303 298 307 295 295 301 299 295 293 294 312 299 300 305 289 285 301 288 194 227 266 202 182 176 177 172 155 165 174 180 150 160 169 197 193 171 199 190 168 174
260 261 261 260 259 262 260 256 256 247 255 258 256 266 258 259 255 267 266 262 271 277 278 270 280 281 273 272 275 274 282 277 276 289 276 291 290 286 292 292 287 285 295 298 296 282 295 292 300 298 303 303 303 292 302 298 299 300 299 303 302 309 306 309 297 294 295 301 305 299 294 300 308 299 170 185 185 172 158 159 169 177 164 147 153 171 163 160 173 207 234 213 198 278 178 172
251 252 253 251 246 258 265 257 247 255 258 249 256 258 269 264 268 270 270 276 277 275 266 280 281 281 271 272 284 286 283 277 286 285 290 291 290 287 287 295 287 288 289 295 292 281 291 297 300 296 293 296 303 299 297 306 303 307 308 309 302 296 303 311 311 303 304 304 305 305 305 311 306 294 175 166 153 149 145 146 156 155 156 139 135 149 181 202 206 224 245 302 242 298 201 170
261 262 253 253 259 265 266 267 256 258 265 250 262 269 273 272 274 271 266 277 273 277 257 270 281 278 282 283 276 277 273 277 280 286 291 289 281 287 290 288 289 295 289 298 299 293 288 301 303 303 297 290 304 305 302 306 307 308 308 309 307 302 304 312 313 309 308 305 310 315 314 305 304 287 185 162 149 132 133 133 138 134 126 127 127 136 163 206 224 212 207 270 290 243 200 177
256 262 263 260 258 266 266 268 261 253 269 250 263 267 271 272 273 271 265 278 271 271 265 277 275 273 277 280 282 277 284 286 290 287 292 282 280 287 289 289 289 296 291 297 292 290 291 299 303 302 301 302 305 303 300 300 307 308 309 301 306 311 303 308 309 305 308 311 316 316 315 307 310 294 223 195 172 133 124 129 125 126 119 120 123 132 137 142 173 195 166 180 204 186 169 173
262 263 264 264 263 262 267 267 254 258 264 262 255 259 263 272 275 274 262 274 279 270 275 279 280 278 275 276 286 284 286 285 291 290 277 281 279 293 296 295 290 296 296 298 292 288 296 301 302 300 300 305 305 296 301 301 304 301 305 289 297 309 305 302 303 311 305 311 316 316 308 307 314 297 284 289 241 141 129 137 130 126 127 131 131 128 133 147 164 244 191 158 185 186 155 169
262 263 264 265 266 261 267 268 254 265 264 261 263 260 264 270 275 277 267 269 280 266 273 277 282 284 278 277 282 286 281 281 285 278 277 284 288 295 297 297 298 299 298 296 292 294 303 291 301 304 300 305 305 297 299 302 294 294 283 301 292 297 313 311 304 305 309 303 306 305 302 314 315 283 237 241 271 178 152 152 143 139 139 128 117 133 142 155 146 157 143 135 146 155 138 149
263 263 260 265 266 266 267 266 259 265 260 269 269 264 261 261 267 268 277 270 277 261 267 282 284 282 271 274 279 279 290 286 283 287 292 288 290 296 295 296 298 298 286 287 291 289 298 291 289 298 298 303 300 298 298 299 295 295 299 303 302 301 305 305 305 311 311 310 297 307 317 312 315 268 224 179 172 163 165 156 138 135 135 132 138 141 164 147 143 139 140 145 140 118 122 138
263 264 255 261 267 267 268 263 259 260 256 257 273 266 275 272 273 263 276 280 269 264 262 281 284 274 279 278 282 275 275 287 292 293 287 276 288 289 296 283 283 291 290 287 283 290 300 288 298 292 287 290 295 307 305 304 306 307 303 303 307 310 303 310 307 306 313 310 307 307 308 312 300 300 261 212 167 154 147 139 131 123 124 128 138 193 165 178 166 140 132 137 125 105 119 123
263 264 265 266 267 268 267 259 264 260 261 273 274 266 275 267 260 264 264 264 262 252 258 265 269 269 278 288 286 288 289 291 290 293 285 295 287 289 296 289 290 290 292 287 294 295 298 298 298 298 301 293 298 307 304 301 302 308 309 305 307 304 298 306 312 300 306 294 303 307 308 313 309 300 303 291 212 172 155 138 132 132 128 128 139 171 157 171 184 158 128 121 112 105 113 121
263 263 265 266 267 268 255 243 261 252 252 271 263 265 275 273 276 261 270 281 273 266 269 248 272 268 272 274 274 281 288 292 292 293 287 282 289 288 287 297 292 292 298 294 302 295 296 299 292 295 303 299 297 307 309 309 310 307 309 305 311 305 295 301 307 300 305 295 298 307 313 313 309 321 315 307 254 207 178 165 159 182 192 160 147 144 144 154 171 176 129 118 110 110 110 118
264 265 266 266 267 268 265 266 265 261 265 271 273 261 276 264 275 265 265 273 273 269 270 264 270 271 275 284 280 279 280 288 283 279 286 282 289 293 288 290 291 293 299 302 295 295 296 298 299 299 300 299 298 308 309 310 310 311 309 304 305 300 301 301 307 301 307 308 304 304 304 313 314 321 318 307 284 259 237 212 228 265 276 193 153 140 141 145 155 173 151 122 113 110 114 118
264 265 263 267 268 268 267 265 266 266 266 267 274 266 261 254 260 270 266 267 271 275 275 278 271 271 278 280 280 282 276 279 280 275 285 288 287 289 289 290 296 291 294 302 301 294 299 297 299 302 302 300 293 308 309 310 311 311 308 305 306 304 313 311 308 303 302 318 318 309 309 312 314 321 317 308 308 321 312 316 326 320 246 166 135 130 132 138 146 145 195 138 113 116 121 125
265 266 263 267 268 269 264 265 266 262 265 258 273 259 258 259 264 266 271 266 269 269 276 276 272 278 284 278 276 276 277 289 284 290 286 287 279 276 283 300 301 298 292 298 301 302 297 297 298 300 302 299 304 309 309 305 296 300 299 305 307 307 307 306 304 303 309 318 319 319 311 312 312 322 322 318 320 325 326 316 314 305 215 153 131 131 132 133 134 135 149 155 144 128 125 138
265 266 267 268 263 268 260 256 261 265 254 247 260 241 263 260 261 265 268 256 264 270 271 277 278 280 280 280 280 274 282 293 286 292 281 283 282 279 288 300 299 300 293 292 290 290 298 297 298 306 303 300 298 308 309 304 303 312 313 306 306 313 307 301 308 314 309 308 309 311 299 317 317 311 313 314 324 322 326 317 320 312 199 131 120 120 132 132 123 124 145 203 224 177 162 147
263 266 267 266 265 266 251 248 257 258 251 248 249 250 264 260 260 271 268 266 278 276 273 278 273 279 274 274 283 282 271 284 285 286 287 288 294 292 278 291 292 292 292 295 288 283 293 304 299 300 301 301 309 309 309 301 297 296 305 312 306 308 301 296 302 310 302 306 319 310 311 316 312 301 302 317 324 313 299 316 318 250 170 131 127 127 132 125 119 137 164 222 281 216 196 160
253 263 268 269 266 260 261 257 232 239 261 248 249 267 269 271 268 267 275 280 280 279 283 287 284 277 281 289 283 273 292 286 283 286 288 288 287 290 291 281 282 281 288 294 295 292 279 299 305 295 300 305 309 306 300 300 303 312 304 311 302 302 302 303 309 312 304 312 310 317 314 316 312 302 308 318 321 316 305 319 325 249 154 134 132 124 132 129 126 147 193 264 311 229 232 181
251 251 255 257 254 239 252 258 243 247 261 260 267 274 265 259 269 271 279 275 276 273 275 283 279 278 287 289 273 279 286 281 282 287 287 290 290 290 285 293 289 290 291 294 297 298 294 299 300 300 305 309 310 310 302 296 302 313 307 306 307 307 311 312 315 317 319 310 298 305 315 312 313 304 313 315 315 311 305 312 328 297 179 141 136 125 135 134 140 164 229 310 335 238 274 200
256 252 259 260 255 240 255 269 260 261 260 248 248 259 261 269 273 272 279 276 274 277 279 279 268 276 276 282 278 285 284 287 287 289 288 285 284 291 293 288 290 293 292 295 291 292 305 299 300 304 306 303 307 307 307 297 297 310 310 305 306 309 308 315 317 319 319 315 299 300 300 305 305 308 314 314 311 308 300 311 326 319 222 169 150 141 147 143 147 196 334 331 335 286 291 222
253 258 264 264 260 261 264 259 264 272 266 267 263 259 262 271 266 273 266 266 275 277 279 273 270 280 273 282 283 283 287 287 283 295 292 286 274 290 300 294 294 292 294 289 292 292 299 299 300 298 298 298 295 296 308 310 303 298 299 306 301 302 309 315 318 319 319 306 303 303 311 295 301 308 308 309 313 308 305 311 317 329 195 174 163 165 165 164 168 217 334 335 336 236 217 246
260 264 267 266 263 253 256 240 256 267 265 269 274 263 261 266 258 272 263 268 263 275 269 264 269 280 284 287 279 284 292 294 288 298 294 293 281 288 294 295 294 296 292 291 297 305 301 299 299 297 294 299 299 301 312 312 313 304 305 301 296 290 303 318 314 319 309 304 298 300 300 312 308 311 310 310 316 316 314 302 313 318 195 163 178 197 219 309 306 329 334 335 335 302 221 193
261 265 267 268 257 269 239 232 257 257 259 274 279 267 267 268 267 267 260 271 267 270 273 264 278 284 283 285 274 280 288 296 288 288 298 300 294 302 301 299 297 291 291 303 298 299 293 294 301 301 308 302 301 290 303 309 313 304 307 301 302 314 309 314 283 291 300 299 300 300 301 312 314 312 312 316 308 305 306 305 316 319 253 207 243 323 323 334 334 334 334 335 335 315 240 191
267 265 269 272 256 273 265 267 277 256 256 269 276 272 273 279 272 257 260 266 272 261 269 287 287 284 285 281 282 290 293 283 284 291 300 292 284 282 291 304 291 287 300 299 299 293 294 301 301 308 303 292 292 291 310 296 288 302 307 308 298 309 318 310 300 299 300 306 301 313 316 315 320 308 309 316 321 317 318 306 307 314 303 320 334 334 335 334 330 334 335 335 336 319 232 196
268 268 272 273 259 262 258 271 262 257 265 261 272 281 282 275 262 257 263 276 283 268 268 272 284 285 280 275 281 289 288 281 295 292 298 297 295 291 303 303 299 299 287 289 303 295 290 291 297 303 298 303 304 292 298 291 293 306 301 302 304 305 310 301 303 306 307 310 302 314 324 324 313 315 316 323 322 318 318 320 318 322 321 327 333 335 335 335 329 331 335 336 337 331 284 216
262 269 272 267 265 262 263 258 268 271 277 279 277 273 279 271 277 274 268 277 278 282 280 281 285 287 278 276 296 290 283 290 292 292 280 288 295 299 296 303 300 303 300 303 304 302 302 301 296 299 299 306 303 298 299 296 300 301 297 303 304 299 298 298 303 314 316 316 314 317 321 324 317 310 316 323 322 317 324 329 330 329 331 326 333 335 336 335 335 336 336 335 336 336 337 286
270 265 273 254 260 261 258 259 274 274 280 280 270 266 269 275 281 273 272 273 275 279 277 276 281 293 282 278 289 290 279 289 293 292 285 284 291 302 302 298 298 302 307 306 303 309 310 310 306 309 303 301 312 313 304 315 309 297 297 312 307 297 294 294 300 310 320 320 317 313 314 314 318 309 314 320 315 324 329 330 328 327 323 328 324 334 335 336 337 336 337 336 336 336 337 330
272 260 272 259 261 258 259 273 274 274 280 270 276 262 271 270 274 273 277 274 276 276 280 274 278 282 276 271 278 287 281 286 287 298 294 288 301 299 299 301 293 307 307 304 303 309 310 311 306 312 312 311 314 314 315 315 314 298 301 303 299 307 302 297 301 310 322 323 312 318 319 315 318 317 317 317 307 319 329 330 329 317 330 333 330 334 335 336 336 336 337 337 334 337 332 322
267 253 272 260 256 262 269 273 270 274 270 270 277 268 270 272 277 277 280 279 276 275 284 285 281 288 276 277 284 285 285 286 287 294 289 290 302 299 292 303 293 307 308 301 309 310 302 306 312 302 313 314 314 314 305 309 312 296 296 298 292 296 305 302 305 323 323 320 324 324 325 325 305 304 327 324 319 322 328 330 327 320 329 332 334 334 335 336 337 337 337 335 337 337 333 335
266 255 273 250 249 255 268 275 269 279 270 275 273 277 274 269 277 283 278 280 276 281 292 292 294 295 292 292 295 283 294 286 299 301 294 296 303 297 289 299 299 305 309 309 308 308 291 309 304 302 312 314 313 314 314 315 311 302 296 304 316 304 305 306 318 322 323 323 324 324 325 326 317 317 322 317 316 305 310 320 322 332 332 329 334 334 335 336 337 337 337 337 337 337 338 339
272 274 272 247 257 255 249 250 266 263 278 265 266 271 274 280 275 278 286 279 279 282 282 286 291 295 296 293 297 283 287 292 293 299 298 286 305 306 302 302 305 301 309 310 300 311 300 303 303 302 311 314 314 314 314 299 298 297 296 297 302 302 303 308 323 322 323 323 324 324 320 305 316 327 327 322 326 322 318 329 322 332 333 334 334 334 335 335 337 337 338 337 338 338 338 339
274 275 256 257 248 261 258 249 264 268 279 268 267 273 282 286 283 264 282 282 278 281 283 279 275 281 283 297 298 299 297 297 293 283 284 285 301 306 299 300 301 301 300 310 307 311 304 299 296 297 305 302 304 293 294 288 296 304 303 298 300 301 312 308 320 321 319 313 317 324 315 310 313 327 328 329 323 330 330 331 332 332 333 334 334 335 335 336 336 337 338 338 338 339 338 339
275 276 261 262 274 273 269 276 269 277 272 271 266 270 280 283 271 275 272 273 277 276 277 278 282 290 280 291 298 296 296 297 295 290 292 297 294 294 299 300 301 307 307 299 311 311 312 309 293 299 305 294 298 286 288 295 297 298 305 310 301 309 318 313 318 314 317 312 312 314 316 309 310 317 328 328 324 329 331 324 332 328 333 334 334 334 335 336 336 337 338 339 339 340 339 340
275 276 257 257 271 267 263 276 266 277 282 278 275 275 275 281 274 271 274 288 283 285 283 280 288 296 294 295 289 283 287 294 298 291 303 304 307 296 299 294 295 308 310 296 295 301 307 310 298 295 312 296 302 294 302 309 310 308 310 313 305 313 318 321 316 318 314 324 308 303 310 306 311 317 323 324 330 316 331 327 328 329 333 334 334 336 336 336 336 338 338 339 341 339 339 340
272 274 257 258 264 264 257 271 270 272 282 278 273 279 278 280 275 277 285 290 290 288 291 294 291 294 296 294 289 285 288 301 298 290 303 301 307 308 294 300 301 310 310 302 295 291 294 291 296 299 313 315 301 300 318 318 315 319 320 317 309 317 317 323 323 323 307 324 308 310 304 311 324 328 313 312 330 320 331 332 333 333 334 334 335 335 336 337 337 340 339 336 339 340 342 342
