prediction/untitled folder/solar_ghi_19900101_07UT.txt
NCOLS 839
NROWS 679
XLLCORNER 112.025005
YLLCORNER -43.9750009
CELLSIZE 0.0499954
NODATA_VALUE -999
[rows 588 to 629 of 679, columns 658 to 751 of 839]
-999 -999 -999 -999 -999 -999 -999 -999 -999 -999 -999 -999 -999 -999 -999 -999 -999 311 311 311 311 311 311 311 311 311 311 311 311 310 310 310 310 310 310 310 310 309 309 309 309 -999 -999 -999 -999 -999 -999 286 286 286 276 276 276 291 291 291 291 291 291 291 291 291 291 291 291 291 291 291 283 283 283 289 289 289 287 -999 -999 -999 -999 -999 -999 -999 -999 -999 -999 -999 -999 -999 -999 -999 -999 -999 -999 -999
-999 -999 -999 -999 -999 -999 -999 -999 -999 -999 -999 -999 -999 -999 -999 -999 -999 311 311 311 311 311 311 311 311 311 311 311 311 310 310 310 310 310 310 310 310 310 309 309 309 -999 -999 -999 -999 -999 -999 286 286 286 286 276 276 276 291 291 291 291 291 291 291 291 291 291 291 291 291 283 283 283 289 286 286 286 286 286 286 -999 -999 -999 -999 -999 -999 -999 -999 -999 -999 -999 -999 -999 -999 -999 -999 -999
-999 -999 -999 -999 -999 -999 -999 -999 -999 -999 -999 -999 -999 -999 -999 -999 -999 -999 311 311 311 311 311 311 311 311 311 311 311 310 310 310 310 310 310 310 310 310 310 309 309 -999 -999 -999 -999 -999 -999 286 286 286 286 286 276 276 276 291 291 291 291 291 291 291 291 291 291 291 283 283 283 289 286 286 286 286 286 286 286 -999 -999 -999 -999 -999 -999 -999 -999 -999 -999 -999 -999 -999 -999 -999 -999 -999
-999 -999 -999 -999 -999 -999 -999 -999 -999 -999 -999 -999 -999 -999 -999 -999 -999 -999 311 311 311 311 311 311 311 311 311 311 311 310 310 310 310 310 310 310 310 310 310 310 -999 -999 -999 -999 -999 -999 -999 286 286 286 286 286 286 276 276 276 291 291 291 291 291 291 291 291 291 283 283 283 289 289 286 286 286 286 286 286 286 -999 -999 -999 -999 -999 -999 -999 -999 -999 -999 -999 -999 -999 -999 -999 -999 -999
-999 -999 -999 -999 -999 -999 -999 -999 -999 -999 -999 -999 -999 -999 -999 -999 -999 -999 -999 -999 -999 -999 -999 -999 -999 -999 -999 -999 -999 -999 -999 -999 -999 -999 -999 -999 -999 -999 -999 -999 -999 -999 -999 -999 -999 -999 -999 286 286 286 286 286 286 286 276 276 276 291 291 291 291 291 291 291 283 283 283 289 289 286 286 286 286 286 286 286 286 -999 -999 -999 -999 -999 -999 -999 -999 -999 -999 -999 -999 -999 -999 -999 -999 -999
-999 -999 -999 -999 -999 -999 -999 -999 -999 -999 -999 -999 -999 -999 -999 -999 -999 -999 -999 -999 -999 -999 -999 -999 -999 -999 -999 -999 -999 -999 -999 -999 -999 -999 -999 -999 -999 -999 -999 -999 -999 -999 -999 -999 -999 -999 -999 286 286 286 286 286 286 286 286 276 276 276 291 291 291 291 291 283 283 283 289 289 286 286 286 286 286 286 286 286 286 -999 -999 -999 -999 -999 -999 -999 -999 -999 -999 -999 -999 -999 -999 -999 -999 -999
-999 -999 -999 -999 -999 -999 -999 -999 -999 -999 -999 -999 -999 -999 -999 -999 -999 -999 -999 -999 -999 -999 -999 -999 -999 -999 -999 -999 -999 -999 -999 -999 -999 -999 -999 -999 -999 -999 -999 -999 -999 -999 -999 -999 -999 -999 -999 286 286 286 286 286 286 286 286 286 276 276 276 291 291 291 283 283 283 289 289 289 286 286 286 286 286 286 286 286 286 -999 -999 -999 -999 -999 -999 -999 -999 -999 -999 -999 -999 -999 -999 -999 -999 -999
-999 -999 -999 -999 -999 -999 -999 -999 -999 -999 -999 -999 -999 -999 -999 -999 -999 -999 -999 -999 -999 -999 -999 -999 -999 -999 -999 -999 -999 -999 -999 -999 -999 -999 -999 -999 -999 -999 -999 -999 -999 -999 -999 -999 -999 -999 -999 286 286 286 286 286 286 286 286 286 286 276 276 276 276 283 283 283 289 289 289 286 286 286 286 286 286 286 286 286 286 -999 -999 -999 -999 -999 -999 -999 -999 -999 -999 -999 -999 -999 -999 -999 -999 -999
-999 -999 -999 -999 -999 -999 -999 -999 -999 -999 -999 -999 -999 -999 -999 -999 -999 -999 -999 -999 -999 -999 -999 -999 -999 -999 -999 -999 -999 -999 -999 -999 -999 -999 -999 -999 -999 -999 -999 -999 -999 -999 -999 -999 -999 -999 -999 286 286 286 286 286 286 286 286 286 286 286 293 293 280 275 275 289 289 289 287 286 286 286 286 286 286 286 286 286 286 286 286 -999 -999 -999 -999 -999 -999 -999 -999 -999 -999 -999 -999 -999 -999 -999
-999 -999 -999 -999 -999 -999 -999 -999 -999 -999 -999 -999 -999 -999 -999 -999 -999 -999 -999 -999 -999 -999 -999 -999 -999 -999 -999 -999 -999 -999 -999 -999 -999 -999 -999 -999 -999 -999 -999 -999 -999 -999 -999 -999 -999 -999 -999 286 286 286 286 286 286 286 286 286 286 286 286 292 289 267 287 289 289 287 286 286 286 286 286 286 286 286 286 286 286 286 286 286 -999 -999 -999 -999 -999 -999 -999 -999 -999 -999 -999 -999 -999 -999
335 335 335 335 335 335 335 335 335 335 -999 -999 -999 -999 -999 -999 -999 -999 -999 -999 -999 -999 -999 -999 -999 -999 -999 -999 -999 -999 -999 -999 -999 -999 -999 -999 -999 -999 -999 -999 -999 -999 -999 -999 -999 -999 -999 286 286 286 286 286 286 286 286 286 286 286 286 292 292 279 278 287 287 287 286 286 286 286 286 286 286 286 286 286 286 286 286 286 -999 -999 -999 -999 -999 -999 -999 -999 -999 -999 -999 -999 -999 -999
335 335 335 335 335 335 335 335 335 335 -999 -999 -999 -999 -999 -999 -999 -999 -999 -999 -999 -999 -999 -999 -999 -999 -999 -999 -999 -999 -999 -999 -999 -999 -999 -999 -999 -999 -999 -999 -999 -999 -999 -999 -999 -999 -999 286 286 286 286 286 286 286 286 286 286 286 291 291 291 290 288 286 288 287 286 286 286 286 286 286 286 286 286 286 286 286 286 286 -999 -999 -999 -999 -999 -999 -999 -999 -999 -999 -999 -999 -999 -999
335 335 335 335 335 335 335 335 335 335 -999 -999 -999 -999 -999 -999 -999 -999 -999 -999 -999 -999 -999 -999 -999 -999 -999 -999 -999 -999 -999 -999 -999 -999 -999 -999 -999 -999 -999 -999 -999 -999 -999 -999 -999 -999 -999 286 286 286 286 286 286 286 286 286 286 286 289 289 289 288 287 289 288 287 286 286 286 286 286 286 286 286 286 286 286 286 286 286 -999 -999 -999 -999 -999 -999 -999 -999 -999 -999 -999 -999 -999 -999
335 335 335 335 335 335 335 335 335 335 -999 -999 -999 -999 -999 -999 -999 -999 -999 -999 -999 -999 -999 -999 -999 -999 -999 -999 -999 -999 -999 -999 -999 -999 -999 -999 -999 -999 -999 -999 -999 -999 -999 -999 -999 -999 -999 286 286 286 286 286 286 286 286 286 286 289 289 289 289 288 289 289 288 287 286 286 286 286 286 286 286 286 286 286 286 286 286 286 -999 -999 -999 -999 -999 -999 -999 -999 -999 -999 -999 -999 -999 -999
335 335 335 335 335 335 335 335 335 335 -999 -999 -999 -999 -999 -999 -999 -999 -999 -999 -999 -999 -999 -999 -999 -999 -999 -999 -999 -999 -999 -999 -999 -999 -999 -999 -999 -999 -999 -999 -999 -999 -999 -999 -999 -999 -999 286 286 286 286 286 286 286 286 286 289 289 289 289 289 290 290 287 289 288 288 285 285 285 285 286 286 286 286 286 286 286 286 286 -999 -999 -999 -999 -999 -999 -999 -999 -999 -999 -999 -999 -999 -999
335 335 335 335 335 335 335 335 335 335 -999 -999 -999 -999 -999 -999 -999 -999 -999 -999 -999 -999 -999 -999 -999 -999 -999 -999 -999 -999 -999 -999 -999 -999 -999 -999 -999 -999 -999 -999 -999 -999 -999 -999 -999 -999 -999 286 286 286 286 286 286 286 286 289 289 289 289 289 290 290 290 287 288 286 285 285 285 285 286 286 286 286 286 286 286 286 286 286 -999 -999 -999 -999 -999 -999 -999 -999 -999 -999 -999 -999 -999 -999
335 335 335 335 335 335 335 335 335 335 -999 -999 -999 -999 -999 -999 -999 -999 -999 -999 -999 -999 -999 -999 -999 -999 -999 -999 -999 -999 -999 -999 -999 -999 -999 -999 -999 -999 -999 -999 -999 -999 -999 -999 -999 -999 -999 286 286 286 286 286 286 286 289 289 289 289 289 290 290 288 288 288 287 286 285 285 286 286 286 286 286 286 286 286 286 286 286 286 -999 -999 -999 -999 -999 -999 -999 -999 -999 -999 -999 -999 -999 -999
335 335 335 335 335 335 335 335 335 335 336 336 -999 -999 -999 -999 -999 -999 -999 -999 -999 -999 -999 -999 -999 -999 -999 -999 -999 -999 -999 -999 -999 -999 -999 -999 -999 -999 -999 -999 -999 -999 -999 -999 -999 -999 -999 286 286 286 286 286 286 289 289 289 288 288 288 288 288 288 288 288 287 287 287 287 286 286 286 286 286 286 286 286 286 286 286 286 -999 -999 -999 -999 -999 -999 -999 -999 -999 -999 -999 -999 -999 -999
335 335 335 335 335 335 335 335 335 335 331 331 331 331 331 331 331 331 -999 -999 -999 -999 -999 -999 -999 -999 -999 -999 -999 -999 -999 -999 -999 -999 -999 -999 -999 -999 -999 -999 -999 -999 -999 -999 -999 -999 -999 286 286 286 286 286 289 288 288 288 288 288 288 288 288 288 288 290 289 288 287 287 286 286 286 286 286 286 286 286 286 286 286 286 -999 -999 -999 -999 -999 -999 -999 -999 -999 -999 -999 -999 -999 -999
335 335 335 335 335 335 335 335 335 331 331 331 326 326 326 326 326 326 326 326 326 326 -999 -999 -999 -999 -999 -999 -999 -999 -999 -999 -999 -999 -999 -999 -999 -999 -999 -999 -999 -999 -999 297 297 297 297 297 297 297 297 297 288 288 288 288 288 288 288 288 288 288 288 290 289 288 288 287 287 286 286 286 286 286 286 286 286 286 286 286 -999 -999 -999 -999 -999 -999 -999 -999 -999 -999 -999 -999 -999 -999
335 335 335 335 335 335 335 335 331 331 331 331 326 326 326 326 326 325 325 325 325 325 325 325 -999 -999 -999 -999 -999 -999 -999 -999 -999 -999 -999 -999 -999 -999 -999 -999 -999 -999 300 297 297 297 297 297 297 297 297 297 297 297 288 288 288 288 288 288 288 288 288 290 289 288 288 287 287 286 286 286 286 286 286 286 286 286 286 286 -999 -999 -999 -999 -999 -999 -999 -999 -999 -999 -999 -999 -999 -999
335 335 335 335 335 335 330 331 331 331 331 326 326 326 326 326 326 325 325 326 326 326 326 326 326 326 -999 -999 -999 -999 -999 -999 -999 -999 -999 -999 304 304 304 304 304 304 304 304 304 304 304 297 297 297 297 297 297 297 295 288 288 288 288 288 288 288 288 290 290 289 289 287 287 286 286 286 286 286 286 286 286 286 286 286 -999 -999 -999 -999 -999 -999 -999 -999 -999 -999 -999 -999 -999 -999
335 335 335 335 335 331 330 331 331 331 331 326 326 326 326 326 325 325 325 326 326 319 319 319 319 319 319 319 -999 310 310 310 310 310 310 310 310 310 310 310 309 307 304 304 304 304 304 294 297 297 297 297 297 297 295 298 288 288 288 288 288 290 290 290 290 289 289 289 287 286 286 286 286 286 286 286 286 286 286 286 -999 -999 -999 -999 -999 -999 -999 -999 -999 -999 -999 -999 -999 -999
333 333 333 333 336 331 330 331 331 331 331 326 326 326 326 326 325 325 326 326 326 319 321 321 321 321 321 321 321 304 304 304 304 304 304 310 310 310 310 310 309 307 304 304 304 304 304 294 297 297 297 297 297 297 295 298 297 288 288 288 290 290 290 290 290 289 289 289 287 286 286 286 286 286 286 286 286 286 286 286 -999 -999 -999 -999 -999 -999 -999 -999 -999 -999 -999 -999 -999 -999
333 333 333 336 333 331 330 331 331 331 331 326 326 326 326 325 325 325 326 326 319 319 321 321 321 321 321 321 321 312 312 304 304 304 304 310 310 310 310 310 309 307 302 304 304 304 304 294 292 297 297 297 297 297 295 298 297 288 288 288 288 288 290 290 290 289 289 289 289 286 286 286 286 286 286 286 286 286 286 286 -999 -999 -999 -999 -999 -999 -999 -999 -999 -999 -999 -999 -999 -999
333 333 336 336 333 331 330 331 331 331 326 326 326 326 326 325 325 326 326 326 319 321 321 321 321 321 321 321 310 310 312 304 304 304 304 310 310 310 310 310 309 307 302 304 304 304 304 294 292 297 297 297 297 297 295 298 297 297 288 288 288 288 293 293 293 289 289 289 289 286 286 286 286 286 286 286 286 286 286 286 -999 -999 -999 -999 -999 -999 -999 -999 -999 -999 -999 -999 -999 -999
330 336 336 334 333 331 330 331 331 331 326 326 326 326 325 325 325 326 326 319 319 321 321 321 321 321 321 321 310 310 312 312 304 304 304 304 310 310 310 310 309 307 302 304 304 304 304 294 292 297 297 297 297 297 295 298 297 297 294 288 288 288 293 293 293 292 290 290 290 290 290 286 286 286 286 286 286 286 286 286 -999 -999 -999 -999 -999 -999 -999 -999 -999 -999 -999 -999 -999 -999
330 336 336 334 333 331 330 331 331 330 326 326 326 326 325 325 326 326 326 319 319 321 321 321 321 321 321 311 310 310 308 312 304 304 304 304 310 310 310 310 309 307 302 304 304 304 304 294 292 292 297 297 297 297 295 298 297 297 294 294 288 288 293 293 292 290 290 290 290 290 290 289 289 289 289 289 289 286 286 286 -999 -999 -999 -999 -999 -999 -999 -999 -999 -999 -999 -999 -999 -999
329 333 335 334 333 331 330 331 331 330 326 326 326 325 325 325 326 326 319 319 319 321 321 321 321 321 321 311 310 310 308 312 312 304 304 304 310 310 310 310 309 307 302 305 304 304 304 294 292 292 300 297 297 297 295 298 297 297 295 294 294 293 293 292 292 290 290 290 290 290 289 289 289 289 289 289 289 289 286 286 -999 -999 -999 -999 -999 -999 -999 -999 -999 -999 -999 -999 -999 -999
326 332 335 334 333 333 332 331 331 330 326 326 326 325 325 326 326 326 319 319 311 321 321 321 321 321 321 311 310 310 308 312 312 304 304 304 304 310 310 310 309 307 302 305 304 304 304 294 292 292 300 300 297 297 295 298 297 297 295 295 294 294 293 292 291 290 290 290 290 289 289 289 289 289 289 289 289 289 286 286 -999 -999 -999 -999 -999 -999 -999 -999 -999 -999 -999 -999 -999 -999
333 336 335 334 334 333 332 331 331 330 330 324 322 325 325 326 326 319 319 319 311 321 321 321 321 321 321 311 310 310 308 312 312 312 304 304 304 310 310 310 309 307 302 305 306 304 304 294 292 292 296 300 300 299 295 295 295 297 296 295 294 294 293 293 291 291 290 290 289 289 289 289 289 289 289 289 289 289 286 286 -999 -999 -999 -999 -999 -999 -999 -999 -999 -999 -999 -999 -999 -999
337 336 335 332 334 333 332 332 331 330 328 329 323 324 324 326 326 319 319 317 311 321 321 321 321 321 309 311 310 310 308 311 312 312 304 304 304 310 310 310 309 307 302 305 306 304 304 294 292 292 296 296 293 297 299 298 294 293 296 295 293 289 290 293 292 291 290 289 289 289 289 289 289 289 289 289 289 289 -999 -999 -999 -999 -999 -999 -999 -999 -999 -999 -999 -999 -999 -999 -999 -999
331 336 335 334 334 333 332 332 331 331 330 329 328 325 327 326 325 319 319 317 311 321 321 321 321 321 309 311 310 310 308 311 312 312 312 304 304 304 310 310 309 307 302 305 306 305 305 304 303 303 302 301 295 288 294 297 298 297 296 296 289 284 288 292 292 291 290 289 289 289 289 289 289 289 289 289 289 289 -999 -999 -999 -999 -999 -999 -999 -999 -999 -999 -999 -999 -999 -999 -999 -999
322 336 336 335 334 333 332 332 331 330 329 329 328 328 327 326 325 325 323 317 311 321 321 321 321 313 309 311 310 310 308 311 315 312 312 304 304 304 311 307 308 309 308 304 304 304 304 303 301 303 302 301 299 294 290 299 298 297 294 295 291 283 283 293 292 291 290 290 290 289 289 289 289 289 289 289 289 289 -999 -999 -999 -999 -999 -999 -999 -999 -999 -999 -999 -999 -999 -999 -999 -999
330 312 319 332 334 333 333 332 331 330 330 329 328 328 325 325 326 325 324 317 323 316 322 321 321 313 309 311 310 310 308 311 315 312 312 309 304 304 311 307 304 309 309 306 305 305 305 303 301 300 302 301 298 300 284 291 298 295 296 295 295 294 285 292 292 289 291 291 291 291 291 289 289 289 289 289 289 289 -999 -999 -999 -999 -999 -999 -999 -999 -999 -999 -999 -999 -999 -999 -999 -999
293 275 307 335 334 334 333 332 331 330 330 329 329 328 328 327 326 325 324 322 323 322 319 321 310 313 309 311 310 310 308 311 315 314 314 308 304 307 305 310 302 299 300 308 307 306 305 305 304 297 299 302 301 301 268 268 292 297 294 296 295 295 289 292 291 291 291 291 291 291 291 291 291 291 289 289 289 289 -999 -999 -999 -999 -999 -999 -999 -999 -999 -999 -999 -999 -999 -999 -999 -999
252 264 297 335 334 334 332 331 332 331 330 329 329 328 327 327 326 326 325 323 321 320 322 321 320 318 319 316 311 315 317 316 315 314 310 311 310 313 312 311 310 302 303 309 308 307 305 305 297 296 297 300 301 300 289 277 287 291 295 295 293 289 286 288 292 292 291 291 291 291 291 291 291 291 291 291 291 289 -999 -999 -999 -999 -999 -999 -999 -999 -999 -999 -999 -999 -999 -999 -999 -999
237 285 316 328 335 334 333 332 332 330 330 328 328 328 327 325 326 326 325 324 323 323 322 321 321 320 320 319 315 312 318 317 316 312 306 313 314 313 311 312 308 300 307 308 308 307 306 305 302 301 300 300 301 301 300 298 288 279 287 296 290 283 278 284 293 292 289 289 289 289 289 289 289 289 289 289 289 289 -999 -999 -999 -999 -999 -999 -999 -999 -999 -999 -999 -999 -999 -999 -999 -999
276 278 268 306 326 335 333 332 332 331 331 330 329 329 328 327 326 326 324 324 323 323 322 322 321 320 320 316 316 315 315 315 314 308 306 302 307 311 309 305 304 303 304 304 296 298 306 305 305 304 302 302 301 301 300 299 296 276 282 289 288 283 291 290 293 292 289 289 289 289 289 289 289 289 289 289 289 289 -999 -999 -999 -999 -999 -999 -999 -999 -999 -999 -999 -999 -999 -999 -999 -999
297 286 251 290 306 327 334 328 332 331 331 330 330 329 328 327 327 326 325 324 323 323 322 321 321 320 320 308 313 307 310 310 316 315 314 308 304 306 306 304 312 311 296 297 299 294 307 306 305 304 303 300 300 300 300 299 297 281 273 295 296 287 283 285 293 292 291 291 291 291 291 291 291 291 291 291 291 289 -999 -999 -999 -999 -999 -999 -999 -999 -999 -999 -999 -999 -999 -999 -999 -999
308 280 287 307 306 319 331 311 328 332 332 331 330 329 328 327 327 326 325 324 324 323 322 322 321 320 320 319 316 318 314 317 316 315 314 312 302 304 310 306 311 299 281 286 299 292 301 304 305 301 304 301 300 299 300 294 296 291 282 295 296 292 282 278 293 291 291 291 291 291 291 291 291 291 291 291 291 289 -999 -999 -999 -999 -999 -999 -999 -999 -999 -999 -999 -999 -999 -999 -999 -999
286 288 304 296 261 249 270 315 327 332 331 330 330 329 328 328 327 326 325 325 324 323 322 322 322 320 320 319 319 318 315 316 316 315 314 314 303 312 313 305 304 301 281 274 301 294 297 304 298 292 304 303 301 301 301 288 288 295 298 295 296 296 291 272 293 283 278 278 278 278 278 278 278 278 278 278 278 289 -999 -999 -999 -999 -999 -999 -999 -999 -999 -999 -999 -999 -999 -999 -999 -999
