prediction/untitled folder/solar_ghi_19900101_07UT.txt
NCOLS 839
NROWS 679
XLLCORNER 112.025005
YLLCORNER -43.9750009
CELLSIZE 0.0499954
NODATA_VALUE -999
[rows 42 to 83 of 679, columns 376 to 469 of 839]
350 350 350 350 350 386 385 385 356 356 356 356 356 149 144 187 216 216 216 177 159 172 202 202 212 247 247 247 99 111 85 122 118 118 179 176 212 202 180 180 201 234 252 242 253 239 268 225 168 164 121 97 113 127 151 169 163 168 177 158 167 178 174 165 173 190 186 172 150 149 154 174 177 182 194 198 207 214 215 216 229 272 232 232 232 262 289 262 262 223 223 261 278 260
350 350 350 350 350 386 385 385 367 367 367 367 149 149 144 187 216 216 216 177 159 172 202 202 212 212 247 247 99 111 85 122 122 116 147 123 172 179 172 177 189 228 246 217 218 238 257 232 182 155 148 123 115 125 158 170 170 169 135 149 170 178 169 165 149 148 160 160 162 158 146 165 168 186 199 196 201 200 206 208 209 219 232 232 262 289 244 289 262 262 215 237 270 270
355 336 336 336 336 382 385 373 373 363 363 149 149 142 144 187 195 216 216 177 159 172 202 202 212 212 247 247 99 111 85 85 89 122 144 121 135 156 155 154 176 210 239 223 189 206 229 224 176 137 128 126 125 141 165 180 170 156 130 167 182 194 181 168 143 124 134 142 159 168 155 154 162 171 176 179 198 200 219 212 202 223 236 262 262 289 244 289 289 262 230 228 269 271
355 355 303 303 303 372 376 380 294 273 213 149 149 142 144 187 195 216 216 177 159 172 202 202 212 212 230 262 207 85 85 85 89 136 97 121 135 153 161 164 177 190 235 230 193 158 192 186 169 145 124 117 121 144 161 161 154 136 156 168 180 180 169 165 141 116 117 128 150 150 144 140 160 171 171 164 173 198 216 215 208 221 247 282 281 289 244 244 278 293 253 230 265 281
355 355 344 313 303 269 206 237 275 211 87 109 122 142 144 187 195 198 187 174 141 132 165 181 197 186 205 243 231 120 85 85 85 127 110 110 106 135 129 127 158 192 223 242 214 170 158 166 138 120 124 126 128 153 152 129 124 136 144 155 168 168 160 153 156 122 114 145 153 133 130 134 131 156 158 164 170 187 203 219 219 220 248 281 256 281 249 267 289 294 277 230 246 285
355 355 344 313 328 321 235 196 107 87 87 104 132 137 148 150 177 230 202 154 123 117 145 167 177 169 186 220 247 238 145 92 85 98 105 117 106 117 141 116 131 157 186 234 230 199 154 151 113 106 118 117 123 141 137 127 118 131 136 143 150 152 134 139 145 121 100 137 154 121 138 112 117 139 138 149 161 163 183 216 226 229 263 258 239 281 290 289 290 301 293 233 230 266
371 371 352 335 352 356 272 149 87 87 87 110 196 109 145 119 138 146 159 175 139 102 125 158 160 176 153 198 229 255 155 107 85 85 112 117 117 117 135 122 114 128 167 206 233 211 154 128 104 98 107 118 126 139 130 127 118 126 136 135 135 127 126 139 145 138 114 122 147 133 146 100 122 145 147 143 152 154 175 210 220 242 258 224 217 235 292 295 304 313 301 243 226 266
371 371 352 305 295 277 169 87 87 87 87 147 146 87 99 154 123 127 129 168 151 104 86 134 137 160 133 182 201 214 155 110 113 106 107 114 119 106 115 125 110 119 160 186 219 210 164 115 105 103 109 122 127 146 131 119 122 126 128 136 130 118 120 136 138 138 132 126 134 147 141 109 132 157 160 146 161 170 181 195 203 237 241 204 210 206 230 246 314 320 316 262 238 276
347 347 253 287 368 310 214 87 87 87 105 138 194 143 93 97 124 166 149 140 136 112 86 96 137 168 133 156 182 169 165 126 108 104 106 114 139 97 103 113 109 110 145 174 208 207 169 109 97 108 119 127 132 143 137 119 133 126 120 134 139 123 118 124 124 128 141 155 124 157 141 118 127 163 171 144 147 173 179 190 231 269 269 254 253 243 252 222 241 290 313 231 227 277
363 347 253 317 303 342 125 87 87 87 118 135 170 190 142 126 105 130 170 159 155 118 86 86 134 172 139 174 162 173 152 120 103 104 106 111 134 115 97 111 106 111 146 167 194 210 182 124 103 116 129 129 137 146 139 128 144 132 127 123 139 146 127 112 113 121 128 169 120 154 126 128 125 161 178 150 141 171 170 175 181 200 194 201 207 213 216 223 205 211 238 213 244 288
296 354 202 138 212 215 96 87 87 87 151 117 166 162 114 114 118 116 156 165 158 108 87 86 115 137 172 187 170 159 140 132 108 104 102 116 137 145 108 90 106 114 129 151 186 200 168 127 112 124 133 130 143 152 148 129 145 154 118 120 138 159 138 118 110 108 115 166 133 160 136 145 132 164 181 154 139 163 161 161 171 186 185 193 196 204 209 206 199 190 195 191 237 277
394 378 288 311 355 234 121 87 87 87 99 139 128 111 93 137 151 142 139 164 165 99 90 92 111 109 152 171 194 159 127 129 101 90 98 113 137 148 123 87 85 158 151 151 189 201 140 112 118 131 123 125 135 143 152 128 127 160 122 124 128 141 138 141 107 96 97 154 135 158 142 157 144 164 182 175 163 162 159 158 161 187 197 212 212 215 210 200 197 205 218 202 227 261
387 360 355 355 355 367 352 163 87 87 87 110 126 87 87 129 171 131 110 155 182 114 94 113 113 104 114 145 167 162 140 136 95 85 102 115 134 155 133 90 85 152 247 175 190 185 133 96 99 124 126 119 132 132 152 128 121 133 125 134 115 135 141 135 110 99 97 138 125 134 155 163 159 162 164 169 181 163 156 158 151 140 170 188 205 219 224 220 213 216 232 252 231 226
388 386 382 380 354 370 367 367 130 93 129 205 130 87 87 91 134 94 102 173 176 124 112 121 113 106 120 142 144 144 140 162 118 85 92 115 118 151 177 85 85 116 197 178 169 133 108 87 84 105 119 110 128 130 143 122 121 130 114 120 121 144 141 133 103 97 111 123 133 125 146 164 163 162 158 167 175 159 165 171 143 138 158 157 176 193 214 210 210 230 248 267 266 277
379 382 381 375 354 360 378 376 279 200 206 262 240 214 143 129 142 108 121 140 140 120 118 139 89 106 127 131 136 138 149 181 175 110 94 115 114 118 208 95 99 127 141 135 114 128 99 84 84 98 108 115 121 115 123 127 132 141 113 103 112 147 146 122 98 89 105 121 123 122 134 152 148 162 167 181 181 159 155 168 152 141 158 136 162 188 196 195 192 201 230 268 294 278
389 387 386 377 366 332 363 379 367 276 260 318 291 325 293 284 271 214 188 166 127 102 109 154 108 91 120 129 136 136 153 186 198 148 141 113 115 134 184 135 163 157 163 144 127 129 111 90 84 98 124 121 128 119 107 146 129 126 113 102 105 128 133 125 105 83 103 123 123 125 146 155 157 159 161 184 181 163 159 171 152 149 136 139 159 176 187 186 181 182 198 241 295 274
394 392 391 370 365 332 342 377 382 376 351 369 327 313 341 351 335 329 296 271 213 118 111 129 133 104 104 126 126 145 163 186 189 178 199 183 169 176 182 179 185 191 193 173 140 143 152 112 92 84 91 120 121 121 128 130 132 136 121 105 112 131 136 123 104 83 98 106 123 124 145 154 148 160 170 194 181 163 168 177 164 141 134 139 160 170 178 181 180 189 194 215 265 289
394 393 392 371 357 321 295 357 381 387 386 385 334 248 204 159 179 239 294 327 306 226 179 151 133 102 108 113 126 151 184 177 159 176 199 215 220 214 204 185 191 213 180 182 167 146 142 121 94 84 84 118 122 106 130 132 140 139 133 122 118 124 139 138 112 92 105 106 123 138 122 129 139 130 153 185 173 163 169 177 177 152 131 151 159 174 180 181 181 180 190 204 221 270
394 393 393 382 360 321 267 333 367 371 380 384 364 282 170 87 111 172 287 337 338 309 233 214 194 130 113 120 143 160 180 172 149 162 168 191 212 201 209 222 201 188 177 179 187 175 182 182 100 84 91 97 112 131 123 130 129 128 121 120 120 129 142 136 120 96 98 101 108 132 129 134 148 136 143 164 176 176 163 169 168 158 152 158 166 180 182 181 183 176 184 202 214 242
394 393 393 386 372 349 279 305 354 368 371 379 374 354 255 87 87 103 233 316 278 321 320 293 238 204 177 180 175 155 161 181 169 175 185 178 200 199 192 220 210 195 196 153 146 137 149 175 181 96 105 130 134 131 130 125 118 121 106 102 114 126 131 123 127 116 94 103 101 128 135 140 143 139 138 149 164 173 163 161 160 156 155 165 176 176 176 181 183 180 182 205 221 218
394 388 392 386 380 375 349 358 379 376 381 380 379 378 348 87 87 111 87 131 170 225 341 326 277 232 219 233 211 182 158 180 204 192 207 222 220 206 191 200 210 206 174 144 117 122 149 174 174 190 130 127 156 128 125 127 129 126 111 106 109 122 128 111 138 116 108 93 93 119 133 138 140 139 139 141 146 152 158 160 160 150 147 167 178 174 177 185 181 174 182 202 221 208
394 394 393 388 392 392 391 389 385 379 376 380 379 383 384 265 87 113 120 86 86 160 264 196 245 278 229 215 202 179 158 173 215 222 222 230 249 249 241 246 219 217 174 87 106 131 131 178 193 203 182 185 168 130 144 112 109 126 128 111 104 118 131 111 130 114 118 105 99 113 130 138 134 139 138 138 138 132 146 151 158 154 150 161 172 172 177 180 181 177 182 202 215 207
396 395 394 394 393 392 390 388 378 355 347 361 379 379 384 383 226 169 127 87 86 180 86 86 86 266 215 211 224 223 219 226 245 243 190 201 246 258 298 294 242 219 129 85 85 176 118 168 228 224 254 249 199 160 144 112 103 119 142 125 106 114 124 113 126 111 120 112 105 109 128 141 144 146 142 141 132 130 140 134 146 157 156 160 163 173 180 176 181 183 188 209 211 210
396 395 395 394 393 392 392 386 371 341 265 293 370 379 384 373 337 361 341 325 324 266 159 86 86 185 194 167 228 306 275 287 277 240 191 168 206 266 314 302 245 177 85 85 85 160 173 140 148 163 288 263 226 198 179 161 112 105 133 133 116 116 124 117 126 128 121 118 107 119 128 140 153 152 146 137 135 141 140 134 140 152 157 165 157 166 180 177 181 181 194 205 205 205
397 396 394 394 394 392 392 387 379 337 273 248 312 352 384 384 382 380 375 361 341 356 306 230 156 112 164 86 123 328 336 272 265 267 206 178 198 252 322 319 242 118 85 85 85 132 211 111 122 175 256 286 257 239 228 206 137 117 146 126 121 122 127 117 126 151 123 107 110 119 130 144 149 153 143 121 126 138 146 146 140 145 159 164 164 163 171 164 178 183 195 203 203 196
397 396 394 389 393 393 390 385 388 373 353 302 267 312 354 376 376 376 356 345 356 354 372 362 259 120 110 86 86 206 257 213 236 208 196 171 205 248 272 321 237 149 110 108 85 100 86 114 137 177 201 236 249 261 259 251 184 129 152 131 125 135 110 117 142 144 123 109 108 111 126 144 153 152 140 122 111 125 152 143 148 149 156 158 164 164 159 161 178 186 192 203 209 193
398 397 390 394 394 393 386 389 384 373 364 352 299 340 350 359 287 344 330 309 336 348 378 378 377 248 124 90 108 133 104 195 222 173 241 186 182 212 243 272 242 175 95 124 146 168 85 113 198 189 176 143 199 232 261 255 177 129 151 153 141 138 104 126 151 133 123 114 110 112 128 138 153 147 141 119 106 109 143 140 137 152 156 160 159 160 156 165 176 184 195 204 212 209
398 397 396 394 393 392 388 385 385 380 337 314 298 328 328 274 326 299 241 228 288 345 379 378 377 376 252 191 216 173 162 168 206 248 276 227 223 224 232 248 243 217 143 140 158 168 138 112 207 211 147 138 171 182 216 218 174 164 167 176 166 135 124 131 129 133 121 113 116 114 136 136 151 160 146 129 117 104 125 140 131 146 155 158 158 157 162 162 170 184 187 195 203 213
398 397 396 394 391 393 388 386 391 364 315 273 239 263 262 314 207 248 194 132 212 284 351 364 366 376 347 250 231 261 349 251 249 313 315 298 291 273 247 244 246 223 213 207 197 174 117 146 171 245 158 188 171 190 176 185 193 204 192 179 172 159 146 126 124 136 133 116 109 110 139 136 139 162 146 126 121 111 120 132 129 134 147 156 152 155 157 162 168 176 186 186 188 202
398 397 396 395 388 388 389 388 386 370 310 282 221 255 243 281 261 205 167 121 170 226 230 238 291 327 343 364 319 219 243 333 357 349 325 340 313 296 268 251 245 240 223 216 209 205 104 132 114 220 216 203 209 226 160 150 178 188 184 173 178 172 159 143 143 139 141 123 114 114 142 137 131 154 147 124 128 113 120 129 126 126 145 147 150 158 157 166 168 167 175 186 177 193
380 389 387 396 389 389 392 387 386 386 365 325 277 250 221 245 236 174 133 125 156 193 185 193 196 224 274 347 376 289 156 244 346 305 306 322 345 329 304 275 258 256 261 223 187 180 166 132 116 174 228 236 219 235 205 182 176 174 168 167 188 173 168 159 164 160 156 141 122 122 143 155 139 151 163 132 139 119 114 122 129 131 136 133 149 158 158 157 165 159 167 175 174 193
390 381 369 375 394 394 387 383 386 386 374 327 270 264 257 230 251 202 127 135 156 158 155 169 168 185 189 272 376 374 280 286 292 259 278 339 359 347 339 314 276 284 299 249 212 257 195 96 124 134 209 205 194 190 186 192 212 197 202 184 210 192 184 193 168 160 160 154 138 138 152 158 149 160 148 132 143 128 106 125 137 131 139 139 149 158 158 157 156 156 167 166 157 189
368 396 391 396 395 395 394 391 389 384 369 349 309 282 255 235 257 229 167 187 190 155 148 149 142 168 151 182 274 370 369 357 291 243 252 314 358 363 356 348 327 327 272 305 252 284 235 85 91 145 180 183 173 176 187 204 225 185 205 205 223 188 193 202 188 176 167 154 148 154 159 165 177 170 148 144 143 119 108 133 139 126 124 128 133 146 155 157 165 168 167 155 157 177
368 367 367 385 396 395 394 384 392 381 375 364 338 315 269 244 241 269 259 230 210 183 162 158 172 174 171 148 218 320 331 329 277 299 294 267 302 349 349 356 356 348 286 275 274 253 110 116 85 85 115 177 173 175 211 262 228 219 194 230 215 219 187 194 190 181 170 165 164 176 171 178 180 170 147 143 143 134 101 130 156 140 128 128 138 147 155 157 166 168 167 167 157 177
384 388 382 395 395 395 393 388 388 382 360 359 355 332 288 248 246 277 281 247 212 191 179 158 185 170 172 153 205 256 256 274 276 358 370 267 215 287 354 356 353 343 321 336 331 264 154 147 107 85 85 197 115 122 243 256 219 268 262 222 264 232 200 175 181 181 189 187 192 203 206 187 187 170 147 164 161 124 97 139 156 140 129 123 141 156 153 155 160 156 165 164 158 168
363 383 398 397 396 384 389 394 390 351 340 344 369 357 315 267 235 245 265 245 214 198 203 164 188 182 185 184 165 188 211 238 260 305 371 359 319 355 350 338 332 332 176 263 287 353 274 161 85 85 85 208 233 141 143 233 273 321 277 324 284 323 298 210 153 188 197 205 227 229 206 184 183 182 156 165 152 134 112 139 156 141 134 128 133 147 149 152 166 160 162 155 161 160
359 383 398 389 396 390 370 394 385 330 303 322 365 359 347 295 239 222 230 215 201 217 264 262 231 174 174 206 129 141 198 221 232 255 371 370 368 355 363 358 356 328 299 256 236 349 345 256 125 85 85 129 292 318 203 168 242 258 270 257 311 331 324 232 160 160 172 188 217 229 194 171 207 200 166 153 143 137 124 142 160 147 134 129 126 144 152 155 169 166 174 153 143 143
302 339 395 313 387 387 359 388 380 361 280 309 364 338 326 258 227 231 193 178 211 228 260 335 324 214 187 153 99 124 170 226 226 238 353 370 359 330 339 368 362 362 350 331 221 250 350 360 346 275 85 85 218 297 322 305 131 220 238 186 200 310 279 219 186 182 162 162 173 197 178 171 211 200 165 146 143 140 126 148 157 150 140 129 119 139 156 152 166 160 162 147 135 137
265 275 310 330 396 386 385 390 393 318 198 338 366 312 291 270 239 241 206 181 211 251 307 297 366 334 280 183 93 107 163 209 236 226 249 304 349 350 361 368 367 366 352 340 242 196 326 358 351 347 316 129 133 171 213 271 262 221 220 164 208 278 276 224 198 201 172 158 148 160 171 189 212 196 166 156 149 146 126 136 144 153 147 137 123 130 153 158 158 163 154 138 135 134
326 309 267 323 396 396 389 363 289 348 267 338 354 349 315 286 265 267 265 213 225 257 356 261 361 380 361 269 190 145 184 250 253 289 328 140 129 270 276 368 368 367 366 365 354 345 344 320 334 338 239 253 288 158 170 191 302 317 256 211 195 191 216 195 220 207 188 174 158 164 178 204 201 188 166 159 168 149 127 129 139 153 153 143 124 126 147 158 164 157 156 144 135 140
273 254 275 290 361 391 395 367 304 372 384 352 369 365 357 305 270 286 307 265 231 231 341 283 345 380 379 369 312 209 131 204 247 313 283 260 149 148 314 369 368 367 357 320 345 270 349 352 357 356 239 274 219 250 216 84 163 306 276 217 201 179 209 211 249 227 196 193 171 164 172 192 198 186 166 165 169 155 135 131 134 142 150 140 122 126 147 158 164 164 163 150 147 146
272 250 295 253 303 273 355 283 365 312 362 382 385 369 363 355 320 293 317 222 207 233 286 343 370 381 380 377 352 320 299 252 273 223 144 231 323 158 200 293 368 367 357 366 339 331 268 251 343 334 228 250 249 299 330 180 179 210 193 168 125 104 166 184 238 247 256 234 196 178 170 176 180 181 170 160 159 159 140 134 134 139 144 137 122 124 141 159 158 167 175 162 162 155
