time,real,predicted
T00:00:00+10:00,0,0
T01:00:00+10:00,0,0
T02:00:00+10:00,0,0
T03:00:00+10:00,0,0
T04:00:00+10:00,0,0
T05:00:00+10:00,0,0
T06:00:00+10:00,0,0
T07:00:00+10:00,0,0
T08:00:00+10:00,0,4.83
T09:00:00+10:00,195.2924188,264.684
T10:00:00+10:00,629.4693141,586.5552
T11:00:00+10:00,1000.873646,926.7804
T12:00:00+10:00,1290.32491,1205.9544
T13:00:00+10:00,1224.064982,1336.3644
T14:00:00+10:00,1401.920578,1366.5036
T15:00:00+10:00,1326.942238,1268.9376
T16:00:00+10:00,1170.01083,1080.1812
T17:00:00+10:00,612.032491,767.7768
T18:00:00+10:00,231.9097473,419.0508
T19:00:00+10:00,52.31046931,50.6184
T20:00:00+10:00,0,0
T21:00:00+10:00,0,0
T22:00:00+10:00,0,0
T23:00:00+10:00,0,0
T00:00:00+10:00,0,0
T01:00:00+10:00,0,0
T02:00:00+10:00,0,0
T03:00:00+10:00,0,0
T04:00:00+10:00,0,0
T05:00:00+10:00,0,0
T06:00:00+10:00,0,0
T07:00:00+10:00,0,0
T08:00:00+10:00,0,4.6368
T09:00:00+10:00,238.8844765,239.568
T10:00:00+10:00,634.700361,512.7528
T11:00:00+10:00,1006.104693,789.6084
T12:00:00+10:00,1007.848375,915.1884
T13:00:00+10:00,1464.693141,1014.4932
T14:00:00+10:00,1499.566787,1042.8936
T15:00:00+10:00,1415.870036,988.6044
T16:00:00+10:00,899.7400722,858.774
T17:00:00+10:00,868.3537906,614.376
T18:00:00+10:00,265.0397112,337.3272
T19:00:00+10:00,59.28519856,34.3896
T20:00:00+10:00,0,0
T21:00:00+10:00,0,0
T22:00:00+10:00,0,0
T23:00:00+10:00,0,0
